timestamp,y_true,y_pred,model_name
2020-09-13 08:45:00,0.1036,0.09905286,lstm
2020-09-13 08:45:00,0.167,0.1460764,lstm
2020-09-13 08:45:00,0.2344,0.20650837,lstm
2020-09-13 08:45:00,0.303,0.25448,lstm
2020-09-13 09:00:00,0.167,0.1741701,lstm
2020-09-13 09:00:00,0.2344,0.2210224,lstm
2020-09-13 09:00:00,0.303,0.2875812,lstm
2020-09-13 09:00:00,0.3692,0.32717696,lstm
2020-09-13 09:15:00,0.2344,0.25256962,lstm
2020-09-13 09:15:00,0.303,0.29255113,lstm
2020-09-13 09:15:00,0.3692,0.35183495,lstm
2020-09-13 09:15:00,0.4314,0.3923521,lstm
2020-09-13 09:30:00,0.303,0.31621468,lstm
2020-09-13 09:30:00,0.3692,0.3531859,lstm
2020-09-13 09:30:00,0.4314,0.40115136,lstm
2020-09-13 09:30:00,0.49020004,0.44872695,lstm
2020-09-13 09:45:00,0.3692,0.37564138,lstm
2020-09-13 09:45:00,0.4314,0.4163174,lstm
2020-09-13 09:45:00,0.49020004,0.45864272,lstm
2020-09-13 09:45:00,0.546,0.51248044,lstm
2020-09-13 10:00:00,0.4314,0.42957777,lstm
2020-09-13 10:00:00,0.4902,0.4739875,lstm
2020-09-13 10:00:00,0.546,0.5152989,lstm
2020-09-13 10:00:00,0.6021999,0.5690761,lstm
2020-09-13 10:15:00,0.4902,0.48511022,lstm
2020-09-13 10:15:00,0.546,0.5277133,lstm
2020-09-13 10:15:00,0.6022,0.5686918,lstm
2020-09-13 10:15:00,0.5741999,0.61459845,lstm
2020-09-13 10:30:00,0.546,0.5429244,lstm
2020-09-13 10:30:00,0.6022,0.5778251,lstm
2020-09-13 10:30:00,0.5742,0.61575466,lstm
2020-09-13 10:30:00,0.6528,0.6498118,lstm
2020-09-13 10:45:00,0.6022,0.60647935,lstm
2020-09-13 10:45:00,0.5742,0.6314343,lstm
2020-09-13 10:45:00,0.6528,0.6640879,lstm
2020-09-13 10:45:00,0.7286,0.6897657,lstm
2020-09-13 11:00:00,0.5742,0.66108656,lstm
2020-09-13 11:00:00,0.6528,0.68000716,lstm
2020-09-13 11:00:00,0.7286,0.70714533,lstm
2020-09-13 11:00:00,0.7609999,0.732073,lstm
2020-09-13 11:15:00,0.6528,0.6391543,lstm
2020-09-13 11:15:00,0.7286,0.6606567,lstm
2020-09-13 11:15:00,0.761,0.67583907,lstm
2020-09-13 11:15:00,0.793,0.69083637,lstm
2020-09-13 11:30:00,0.7286,0.73017496,lstm
2020-09-13 11:30:00,0.7609999,0.74064827,lstm
2020-09-13 11:30:00,0.793,0.75939035,lstm
2020-09-13 11:30:00,0.8198,0.79046327,lstm
2020-09-13 11:45:00,0.761,0.7721686,lstm
2020-09-13 11:45:00,0.7930001,0.7849741,lstm
2020-09-13 11:45:00,0.8198,0.8004391,lstm
2020-09-13 11:45:00,0.8678,0.8312066,lstm
2020-09-13 12:00:00,0.793,0.78562707,lstm
2020-09-13 12:00:00,0.8198,0.800292,lstm
2020-09-13 12:00:00,0.8678,0.8143814,lstm
2020-09-13 12:00:00,0.5308,0.83866197,lstm
2020-09-13 12:15:00,0.8198001,0.8054482,lstm
2020-09-13 12:15:00,0.8678,0.815956,lstm
2020-09-13 12:15:00,0.5308,0.8285233,lstm
2020-09-13 12:15:00,0.5938,0.85006595,lstm
2020-09-13 12:30:00,0.8678,0.81309927,lstm
2020-09-13 12:30:00,0.5308,0.8202412,lstm
2020-09-13 12:30:00,0.5938,0.83095,lstm
2020-09-13 12:30:00,0.801,0.848166,lstm
2020-09-13 12:45:00,0.5308,0.8352984,lstm
2020-09-13 12:45:00,0.5938,0.8366945,lstm
2020-09-13 12:45:00,0.801,0.8476975,lstm
2020-09-13 12:45:00,0.4112,0.8651902,lstm
2020-09-13 13:00:00,0.5938,0.52489823,lstm
2020-09-13 13:00:00,0.801,0.58781433,lstm
2020-09-13 13:00:00,0.4112,0.588846,lstm
2020-09-13 13:00:00,0.6082,0.5873127,lstm
2020-09-13 13:15:00,0.801,0.6589838,lstm
2020-09-13 13:15:00,0.4112,0.6728941,lstm
2020-09-13 13:15:00,0.6082,0.68107724,lstm
2020-09-13 13:15:00,0.434,0.6959822,lstm
2020-09-13 13:30:00,0.4112,0.73491997,lstm
2020-09-13 13:30:00,0.6082,0.7289647,lstm
2020-09-13 13:30:00,0.434,0.73002666,lstm
2020-09-13 13:30:00,0.6978,0.74200284,lstm
2020-09-13 13:45:00,0.6082,0.5384482,lstm
2020-09-13 13:45:00,0.434,0.59783846,lstm
2020-09-13 13:45:00,0.6978,0.60415876,lstm
2020-09-13 13:45:00,0.7572,0.6071744,lstm
2020-09-13 14:00:00,0.434,0.678226,lstm
2020-09-13 14:00:00,0.6977999,0.6722472,lstm
2020-09-13 14:00:00,0.75719994,0.6655663,lstm
2020-09-13 14:00:00,0.78959996,0.6751554,lstm
2020-09-13 14:15:00,0.6978,0.57265496,lstm
2020-09-13 14:15:00,0.7572,0.60297656,lstm
2020-09-13 14:15:00,0.7896,0.60053045,lstm
2020-09-13 14:15:00,0.6308,0.60492015,lstm
2020-09-13 14:30:00,0.7572,0.68880016,lstm
2020-09-13 14:30:00,0.7896,0.6582305,lstm
2020-09-13 14:30:00,0.6308,0.64587486,lstm
2020-09-13 14:30:00,0.722,0.6464535,lstm
2020-09-13 14:45:00,0.7896,0.7185561,lstm
2020-09-13 14:45:00,0.6308,0.6858891,lstm
2020-09-13 14:45:00,0.722,0.6679627,lstm
2020-09-13 14:45:00,0.722,0.656167,lstm
2020-09-13 15:00:00,0.6308,0.7369979,lstm
2020-09-13 15:00:00,0.722,0.70559835,lstm
2020-09-13 15:00:00,0.722,0.68446726,lstm
2020-09-13 15:00:00,0.788,0.6667079,lstm
2020-09-13 15:15:00,0.722,0.60388184,lstm
2020-09-13 15:15:00,0.722,0.60332334,lstm
2020-09-13 15:15:00,0.788,0.575751,lstm
2020-09-13 15:15:00,0.5426,0.54438335,lstm
2020-09-13 15:30:00,0.722,0.6804902,lstm
2020-09-13 15:30:00,0.788,0.6275742,lstm
2020-09-13 15:30:00,0.5426,0.5907567,lstm
2020-09-13 15:30:00,0.7136,0.56970733,lstm
2020-09-13 15:45:00,0.788,0.6663524,lstm
2020-09-13 15:45:00,0.5426,0.6181619,lstm
2020-09-13 15:45:00,0.7136,0.5752401,lstm
2020-09-13 15:45:00,0.592,0.5446468,lstm
2020-09-13 16:00:00,0.5426,0.6730216,lstm
2020-09-13 16:00:00,0.7135999,0.61208946,lstm
2020-09-13 16:00:00,0.592,0.56413925,lstm
2020-09-13 16:00:00,0.54179996,0.5336467,lstm
2020-09-13 16:15:00,0.7136,0.49811435,lstm
2020-09-13 16:15:00,0.592,0.505467,lstm
2020-09-13 16:15:00,0.54179996,0.47329056,lstm
2020-09-13 16:15:00,0.45240003,0.43264368,lstm
2020-09-13 16:30:00,0.592,0.5842357,lstm
2020-09-13 16:30:00,0.5418,0.5277654,lstm
2020-09-13 16:30:00,0.45240003,0.47852105,lstm
2020-09-13 16:30:00,0.48940003,0.4469295,lstm
2020-09-13 16:45:00,0.5418,0.49870807,lstm
2020-09-13 16:45:00,0.4524,0.47717023,lstm
2020-09-13 16:45:00,0.48940003,0.43696684,lstm
2020-09-13 16:45:00,0.394,0.39607733,lstm
2020-09-13 17:00:00,0.4524,0.46272895,lstm
2020-09-13 17:00:00,0.4894,0.43192267,lstm
2020-09-13 17:00:00,0.394,0.3916487,lstm
2020-09-13 17:00:00,0.2052,0.34746554,lstm
2020-09-13 17:15:00,0.4894,0.39573324,lstm
2020-09-13 17:15:00,0.394,0.37246606,lstm
2020-09-13 17:15:00,0.2052,0.3376725,lstm
2020-09-13 17:15:00,0.415,0.29192477,lstm
2020-09-13 17:30:00,0.394,0.44970176,lstm
2020-09-13 17:30:00,0.2052,0.39402276,lstm
2020-09-13 17:30:00,0.415,0.34454656,lstm
2020-09-13 17:30:00,0.2498,0.2973125,lstm
2020-09-13 17:45:00,0.2052,0.38259137,lstm
2020-09-13 17:45:00,0.415,0.33543983,lstm
2020-09-13 17:45:00,0.2498,0.28628284,lstm
2020-09-13 17:45:00,0.1476,0.23224576,lstm
2020-09-13 18:00:00,0.415,0.24187297,lstm
2020-09-13 18:00:00,0.2498,0.2225256,lstm
2020-09-13 18:00:00,0.1476,0.18723276,lstm
2020-09-13 18:00:00,0.0984,0.14551158,lstm
2020-09-13 18:15:00,0.2498,0.34130642,lstm
2020-09-13 18:15:00,0.1476,0.26469633,lstm
2020-09-13 18:15:00,0.0984,0.20335236,lstm
2020-09-13 18:15:00,0.1518,0.15332538,lstm
2020-09-13 18:30:00,0.1476,0.25054422,lstm
2020-09-13 18:30:00,0.0984,0.19413564,lstm
2020-09-13 18:30:00,0.1518,0.14613864,lstm
2020-09-13 18:30:00,0.0728,0.10365075,lstm
2020-09-13 18:45:00,0.09839999,0.16963875,lstm
2020-09-13 18:45:00,0.1518,0.12270885,lstm
2020-09-13 18:45:00,0.0728,0.08956575,lstm
2020-09-13 18:45:00,0.040199995,0.05388154,lstm
2020-09-13 19:00:00,0.1518,0.110618964,lstm
2020-09-13 19:00:00,0.07280001,0.0704904,lstm
2020-09-13 19:00:00,0.040199995,0.0491319,lstm
2020-09-13 19:00:00,0.019600004,0.024743423,lstm
2020-09-13 19:15:00,0.0728,0.09987434,lstm
2020-09-13 19:15:00,0.040199995,0.06171915,lstm
2020-09-13 19:15:00,0.019600004,0.037768185,lstm
2020-09-13 19:15:00,0.0046000034,0.018768653,lstm
2020-09-13 19:30:00,0.040199995,0.04970841,lstm
2020-09-13 19:30:00,0.019600004,0.02527307,lstm
2020-09-13 19:30:00,0.0046000034,0.010538742,lstm
2020-09-13 19:30:00,0.0,0.0067174584,lstm
2020-09-13 19:45:00,0.019600004,0.025194377,lstm
2020-09-13 19:45:00,0.0046000034,0.009106249,lstm
2020-09-13 19:45:00,0.0,0.0021812916,lstm
2020-09-13 19:45:00,0.0,0.0026259124,lstm
2020-09-13 20:00:00,0.0046000034,0.01057902,lstm
2020-09-13 20:00:00,0.0,0.0008954108,lstm
2020-09-13 20:00:00,0.0,-0.0012130737,lstm
2020-09-13 20:00:00,0.0,0.0011024922,lstm
2020-09-13 20:15:00,0.0,0.005846083,lstm
2020-09-13 20:15:00,0.0,-0.0014894307,lstm
2020-09-13 20:15:00,0.0,-0.0021466762,lstm
2020-09-13 20:15:00,0.0,0.00027234852,lstm
2020-09-13 20:30:00,0.0,0.0010180473,lstm
2020-09-13 20:30:00,0.0,-0.0032822788,lstm
2020-09-13 20:30:00,0.0,-0.002572611,lstm
2020-09-13 20:30:00,0.0,0.00016075373,lstm
2020-09-13 20:45:00,0.0,-0.0005042106,lstm
2020-09-13 20:45:00,0.0,-0.0037312806,lstm
2020-09-13 20:45:00,0.0,-0.0025562197,lstm
2020-09-13 20:45:00,0.0,-2.360344e-05,lstm
2020-09-13 21:00:00,0.0,-0.0015122592,lstm
2020-09-13 21:00:00,0.0,-0.003985241,lstm
2020-09-13 21:00:00,0.0,-0.0024834275,lstm
2020-09-13 21:00:00,0.0,-8.778274e-05,lstm
2020-09-13 21:15:00,0.0,-0.0020977855,lstm
2020-09-13 21:15:00,0.0,-0.00411503,lstm
2020-09-13 21:15:00,0.0,-0.0023904443,lstm
2020-09-13 21:15:00,0.0,-9.278953e-05,lstm
2020-09-13 21:30:00,0.0,-0.0025576055,lstm
2020-09-13 21:30:00,0.0,-0.0042279363,lstm
2020-09-13 21:30:00,0.0,-0.0022938848,lstm
2020-09-13 21:30:00,0.0,-4.0873885e-05,lstm
2020-09-13 21:45:00,0.0,-0.0027537793,lstm
2020-09-13 21:45:00,0.0,-0.004319757,lstm
2020-09-13 21:45:00,0.0,-0.00241144,lstm
2020-09-13 21:45:00,0.0,-0.00010743737,lstm
2020-09-13 22:00:00,0.0,-0.00286147,lstm
2020-09-13 22:00:00,0.0,-0.0043359697,lstm
2020-09-13 22:00:00,0.0,-0.0024307966,lstm
2020-09-13 22:00:00,0.0,-7.261336e-05,lstm
2020-09-13 22:15:00,0.0,-0.003045261,lstm
2020-09-13 22:15:00,0.0,-0.0043631047,lstm
2020-09-13 22:15:00,0.0,-0.0023782998,lstm
2020-09-13 22:15:00,0.0,2.18153e-05,lstm
2020-09-13 22:30:00,0.0,-0.0030902326,lstm
2020-09-13 22:30:00,0.0,-0.0043724626,lstm
2020-09-13 22:30:00,0.0,-0.0023676157,lstm
2020-09-13 22:30:00,0.0,3.5747886e-05,lstm
2020-09-13 22:45:00,0.0,-0.0031365156,lstm
2020-09-13 22:45:00,0.0,-0.004412934,lstm
2020-09-13 22:45:00,0.0,-0.0025064945,lstm
2020-09-13 22:45:00,0.0,-1.0505319e-05,lstm
2020-09-13 23:00:00,0.0,-0.0031562746,lstm
2020-09-13 23:00:00,0.0,-0.004392624,lstm
2020-09-13 23:00:00,0.0,-0.0025091171,lstm
2020-09-13 23:00:00,0.0,4.2438507e-05,lstm
2020-09-13 23:15:00,0.0,-0.0031939,lstm
2020-09-13 23:15:00,0.0,-0.0043780208,lstm
2020-09-13 23:15:00,0.0,-0.0024769157,lstm
2020-09-13 23:15:00,0.0,0.000101953745,lstm
2020-09-13 23:30:00,0.0,-0.003191173,lstm
2020-09-13 23:30:00,0.0,-0.0043732673,lstm
2020-09-13 23:30:00,0.0,-0.0024838895,lstm
2020-09-13 23:30:00,0.0,0.0001180321,lstm
2020-09-13 23:45:00,0.0,-0.0032006353,lstm
2020-09-13 23:45:00,0.0,-0.0043982714,lstm
2020-09-13 23:45:00,0.0,-0.0026287735,lstm
2020-09-13 23:45:00,0.0,7.750094e-05,lstm
2020-09-14 00:00:00,0.0,-0.0031944513,lstm
2020-09-14 00:00:00,0.0,-0.0043610483,lstm
2020-09-14 00:00:00,0.0,-0.0026195794,lstm
2020-09-14 00:00:00,0.0,0.00013107061,lstm
2020-09-14 00:15:00,0.0,-0.0031917095,lstm
2020-09-14 00:15:00,0.0,-0.0043380708,lstm
2020-09-14 00:15:00,0.0,-0.0025988221,lstm
2020-09-14 00:15:00,0.0,0.00016705692,lstm
2020-09-14 00:30:00,0.0,-0.0031897873,lstm
2020-09-14 00:30:00,0.0,-0.004322529,lstm
2020-09-14 00:30:00,0.0,-0.0025853962,lstm
2020-09-14 00:30:00,0.0,0.0001847297,lstm
2020-09-14 00:45:00,0.0,-0.0031975508,lstm
2020-09-14 00:45:00,0.0,-0.0043370277,lstm
2020-09-14 00:45:00,0.0,-0.002707824,lstm
2020-09-14 00:45:00,0.0,0.00013585389,lstm
2020-09-14 01:00:00,0.0,-0.0031864196,lstm
2020-09-14 01:00:00,0.0,-0.004293874,lstm
2020-09-14 01:00:00,0.0,-0.0026787072,lstm
2020-09-14 01:00:00,0.0,0.00018267334,lstm
2020-09-14 01:15:00,0.0,-0.0031818002,lstm
2020-09-14 01:15:00,0.0,-0.004274592,lstm
2020-09-14 01:15:00,0.0,-0.002668947,lstm
2020-09-14 01:15:00,0.0,0.00019805133,lstm
2020-09-14 01:30:00,0.0,-0.0031777173,lstm
2020-09-14 01:30:00,0.0,-0.0042617023,lstm
2020-09-14 01:30:00,0.0,-0.0026563406,lstm
2020-09-14 01:30:00,0.0,0.00020819902,lstm
2020-09-14 01:45:00,0.0,-0.003194362,lstm
2020-09-14 01:45:00,0.0,-0.004276231,lstm
2020-09-14 01:45:00,0.0,-0.0027598143,lstm
2020-09-14 01:45:00,0.0,0.00014697015,lstm
2020-09-14 02:00:00,0.0,-0.0031894743,lstm
2020-09-14 02:00:00,0.0,-0.004237607,lstm
2020-09-14 02:00:00,0.0,-0.002732128,lstm
2020-09-14 02:00:00,0.0,0.00017496943,lstm
2020-09-14 02:15:00,0.0,-0.0031791627,lstm
2020-09-14 02:15:00,0.0,-0.0042205453,lstm
2020-09-14 02:15:00,0.0,-0.0027230084,lstm
2020-09-14 02:15:00,0.0,0.00018411875,lstm
2020-09-14 02:30:00,0.0,-0.003173992,lstm
2020-09-14 02:30:00,0.0,-0.004211992,lstm
2020-09-14 02:30:00,0.0,-0.0027208924,lstm
2020-09-14 02:30:00,0.0,0.00018042326,lstm
2020-09-14 02:45:00,0.0,-0.003192693,lstm
2020-09-14 02:45:00,0.0,-0.0042281896,lstm
2020-09-14 02:45:00,0.0,-0.0028064698,lstm
2020-09-14 02:45:00,0.0,0.00011767447,lstm
2020-09-14 03:00:00,0.0,-0.003185913,lstm
2020-09-14 03:00:00,0.0,-0.004197195,lstm
2020-09-14 03:00:00,0.0,-0.0027840585,lstm
2020-09-14 03:00:00,0.0,0.00013488531,lstm
2020-09-14 03:15:00,0.0,-0.0031772256,lstm
2020-09-14 03:15:00,0.0,-0.0041859746,lstm
2020-09-14 03:15:00,0.0,-0.0027829707,lstm
2020-09-14 03:15:00,0.0,0.000135988,lstm
2020-09-14 03:30:00,0.0,-0.0031067133,lstm
2020-09-14 03:30:00,0.0,-0.0038592666,lstm
2020-09-14 03:30:00,0.0,-0.0027504265,lstm
2020-09-14 03:30:00,0.0,0.0003630072,lstm
2020-09-14 03:45:00,0.0,-0.0028907955,lstm
2020-09-14 03:45:00,0.0,-0.0038441718,lstm
2020-09-14 03:45:00,0.0,-0.0026162565,lstm
2020-09-14 03:45:00,0.0,0.0003145337,lstm
2020-09-14 04:00:00,0.0,-0.0028162003,lstm
2020-09-14 04:00:00,0.0,-0.0038131624,lstm
2020-09-14 04:00:00,0.0,-0.002480805,lstm
2020-09-14 04:00:00,0.0,0.00023184717,lstm
2020-09-14 04:15:00,0.0,-0.0027533025,lstm
2020-09-14 04:15:00,0.0,-0.0038110018,lstm
2020-09-14 04:15:00,0.0,-0.0024614632,lstm
2020-09-14 04:15:00,0.0,0.00016514957,lstm
2020-09-14 04:30:00,0.0,-0.0027178824,lstm
2020-09-14 04:30:00,0.0,-0.003815189,lstm
2020-09-14 04:30:00,0.0,-0.002464354,lstm
2020-09-14 04:30:00,0.0,0.000110432506,lstm
2020-09-14 04:45:00,0.0,-0.002734676,lstm
2020-09-14 04:45:00,0.0,-0.0038207918,lstm
2020-09-14 04:45:00,0.0,-0.0025173873,lstm
2020-09-14 04:45:00,0.0,3.4719706e-05,lstm
2020-09-14 05:00:00,0.0,-0.0027560592,lstm
2020-09-14 05:00:00,0.0,-0.0038437694,lstm
2020-09-14 05:00:00,0.0,-0.0024912506,lstm
2020-09-14 05:00:00,0.0,3.0636787e-05,lstm
2020-09-14 05:15:00,0.0,-0.0027869642,lstm
2020-09-14 05:15:00,0.0,-0.003901422,lstm
2020-09-14 05:15:00,0.0,-0.002500832,lstm
2020-09-14 05:15:00,0.0,-1.0356307e-05,lstm
2020-09-14 05:30:00,0.0,-0.002801329,lstm
2020-09-14 05:30:00,0.0,-0.00394994,lstm
2020-09-14 05:30:00,0.0,-0.0025553703,lstm
2020-09-14 05:30:00,0.0,-8.535385e-05,lstm
2020-09-14 05:45:00,0.0,-0.002893418,lstm
2020-09-14 05:45:00,0.0,-0.00401403,lstm
2020-09-14 05:45:00,0.0,-0.0025765896,lstm
2020-09-14 05:45:00,0.0,-0.000111058354,lstm
2020-09-14 06:00:00,0.0,-0.0029545426,lstm
2020-09-14 06:00:00,0.0,-0.0040787905,lstm
2020-09-14 06:00:00,0.0,-0.002605036,lstm
2020-09-14 06:00:00,0.0,-0.00013931096,lstm
2020-09-14 06:15:00,0.0,-0.0028862357,lstm
2020-09-14 06:15:00,0.0,-0.0040713847,lstm
2020-09-14 06:15:00,0.0,-0.0027109832,lstm
2020-09-14 06:15:00,0.0,-0.00019155443,lstm
2020-09-14 06:30:00,0.0,-0.002846375,lstm
2020-09-14 06:30:00,0.0,-0.0040901005,lstm
2020-09-14 06:30:00,0.0,-0.002730757,lstm
2020-09-14 06:30:00,0.0,-0.00012859702,lstm
2020-09-14 06:45:00,0.0,-0.002909571,lstm
2020-09-14 06:45:00,0.0,-0.0041207373,lstm
2020-09-14 06:45:00,0.0,-0.0026728213,lstm
2020-09-14 06:45:00,0.0,2.1010637e-06,lstm
2020-09-14 07:00:00,0.0,-0.0029911548,lstm
2020-09-14 07:00:00,0.0,-0.0042446405,lstm
2020-09-14 07:00:00,0.0,-0.0026146173,lstm
2020-09-14 07:00:00,0.0,0.00026383996,lstm
2020-09-14 07:15:00,0.0,-0.0030385405,lstm
2020-09-14 07:15:00,0.0,-0.004440725,lstm
2020-09-14 07:15:00,0.0,-0.0023881942,lstm
2020-09-14 07:15:00,0.00079999864,0.0011153221,lstm
2020-09-14 07:30:00,0.0,-0.0029611439,lstm
2020-09-14 07:30:00,0.0,-0.0046153665,lstm
2020-09-14 07:30:00,0.00079999864,-0.001044333,lstm
2020-09-14 07:30:00,0.0046000034,0.004791215,lstm
2020-09-14 07:45:00,0.0,-0.003236115,lstm
2020-09-14 07:45:00,0.00079999864,-0.003722936,lstm
2020-09-14 07:45:00,0.0046000034,0.0039569587,lstm
2020-09-14 07:45:00,0.01440002,0.01613073,lstm
2020-09-14 08:00:00,0.00079999864,-0.0045517534,lstm
2020-09-14 08:00:00,0.0046000034,0.0018922836,lstm
2020-09-14 08:00:00,0.014400005,0.017990857,lstm
2020-09-14 08:00:00,0.022,0.04413648,lstm
2020-09-14 08:15:00,0.0046000034,-0.0029017627,lstm
2020-09-14 08:15:00,0.01439999,0.014074385,lstm
2020-09-14 08:15:00,0.022,0.039450154,lstm
2020-09-14 08:15:00,0.0722,0.079175204,lstm
2020-09-14 08:30:00,0.014400005,0.0019529015,lstm
2020-09-14 08:30:00,0.022,0.02435553,lstm
2020-09-14 08:30:00,0.0722,0.055254668,lstm
2020-09-14 08:30:00,0.1458,0.09938189,lstm
2020-09-14 08:45:00,0.022000015,0.011048004,lstm
2020-09-14 08:45:00,0.0722,0.03685558,lstm
2020-09-14 08:45:00,0.1458,0.071480684,lstm
2020-09-14 08:45:00,0.269,0.11647452,lstm
2020-09-14 09:00:00,0.0722,0.027364582,lstm
2020-09-14 09:00:00,0.1458,0.060334876,lstm
2020-09-14 09:00:00,0.269,0.101218164,lstm
2020-09-14 09:00:00,0.3216,0.1485546,lstm
2020-09-14 09:15:00,0.1458,0.10496674,lstm
2020-09-14 09:15:00,0.269,0.14672598,lstm
2020-09-14 09:15:00,0.3216,0.19742517,lstm
2020-09-14 09:15:00,0.2216,0.24401568,lstm
2020-09-14 09:30:00,0.269,0.18174103,lstm
2020-09-14 09:30:00,0.3216,0.2249704,lstm
2020-09-14 09:30:00,0.2216,0.28158712,lstm
2020-09-14 09:30:00,0.2556,0.3368997,lstm
2020-09-14 09:45:00,0.3216,0.2780633,lstm
2020-09-14 09:45:00,0.2216,0.31618726,lstm
2020-09-14 09:45:00,0.2556,0.3647222,lstm
2020-09-14 09:45:00,0.3892,0.4328373,lstm
2020-09-14 10:00:00,0.2216,0.32354873,lstm
2020-09-14 10:00:00,0.2556,0.36958373,lstm
2020-09-14 10:00:00,0.3892,0.4135168,lstm
2020-09-14 10:00:00,0.3788,0.479374,lstm
2020-09-14 10:15:00,0.2556,0.27522147,lstm
2020-09-14 10:15:00,0.38919997,0.34375435,lstm
2020-09-14 10:15:00,0.3788,0.38827476,lstm
2020-09-14 10:15:00,0.4472,0.43807253,lstm
2020-09-14 10:30:00,0.3892,0.33377197,lstm
2020-09-14 10:30:00,0.3788,0.39245993,lstm
2020-09-14 10:30:00,0.4472,0.44009933,lstm
2020-09-14 10:30:00,0.4128,0.48793185,lstm
2020-09-14 10:45:00,0.3788,0.43845958,lstm
2020-09-14 10:45:00,0.4472,0.4761055,lstm
2020-09-14 10:45:00,0.4128,0.5149755,lstm
2020-09-14 10:45:00,0.5576,0.5589649,lstm
2020-09-14 11:00:00,0.4472,0.44766945,lstm
2020-09-14 11:00:00,0.4128,0.49354863,lstm
2020-09-14 11:00:00,0.5576,0.52755755,lstm
2020-09-14 11:00:00,0.7314,0.56505436,lstm
2020-09-14 11:15:00,0.4128,0.56263846,lstm
2020-09-14 11:15:00,0.5576,0.6001625,lstm
2020-09-14 11:15:00,0.7314,0.62925947,lstm
2020-09-14 11:15:00,0.7556,0.67101896,lstm
2020-09-14 11:30:00,0.5576,0.528807,lstm
2020-09-14 11:30:00,0.7314,0.5675675,lstm
2020-09-14 11:30:00,0.7556,0.59073263,lstm
2020-09-14 11:30:00,0.7744,0.6192491,lstm
2020-09-14 11:45:00,0.7314,0.62313545,lstm
2020-09-14 11:45:00,0.7556,0.64194465,lstm
2020-09-14 11:45:00,0.7744,0.6585471,lstm
2020-09-14 11:45:00,0.7912,0.69570184,lstm
2020-09-14 12:00:00,0.7556,0.7436133,lstm
2020-09-14 12:00:00,0.7744,0.7527405,lstm
2020-09-14 12:00:00,0.7912,0.76769674,lstm
2020-09-14 12:00:00,0.8106,0.8024876,lstm
2020-09-14 12:15:00,0.77440006,0.76233107,lstm
2020-09-14 12:15:00,0.7911999,0.7794517,lstm
2020-09-14 12:15:00,0.8106,0.79291505,lstm
2020-09-14 12:15:00,0.828,0.81349164,lstm
2020-09-14 12:30:00,0.7912,0.782935,lstm
2020-09-14 12:30:00,0.8105999,0.7962954,lstm
2020-09-14 12:30:00,0.82800007,0.80760217,lstm
2020-09-14 12:30:00,0.838,0.8239053,lstm
2020-09-14 12:45:00,0.8106,0.8014168,lstm
2020-09-14 12:45:00,0.82799995,0.8088261,lstm
2020-09-14 12:45:00,0.838,0.8166045,lstm
2020-09-14 12:45:00,0.8386,0.82852906,lstm
2020-09-14 13:00:00,0.828,0.8177479,lstm
2020-09-14 13:00:00,0.83799994,0.8187398,lstm
2020-09-14 13:00:00,0.8386,0.8236378,lstm
2020-09-14 13:00:00,0.8444,0.8317024,lstm
2020-09-14 13:15:00,0.838,0.8253175,lstm
2020-09-14 13:15:00,0.8385999,0.822309,lstm
2020-09-14 13:15:00,0.8443999,0.82548434,lstm
2020-09-14 13:15:00,0.8561999,0.83037424,lstm
2020-09-14 13:30:00,0.8386,0.8245376,lstm
2020-09-14 13:30:00,0.8443999,0.8189173,lstm
2020-09-14 13:30:00,0.8562,0.8204875,lstm
2020-09-14 13:30:00,0.8392,0.82214653,lstm
2020-09-14 13:45:00,0.8444,0.8096661,lstm
2020-09-14 13:45:00,0.8562,0.80486405,lstm
2020-09-14 13:45:00,0.8392,0.80503684,lstm
2020-09-14 13:45:00,0.832,0.8053891,lstm
2020-09-14 14:00:00,0.8562,0.80397433,lstm
2020-09-14 14:00:00,0.8392,0.79696715,lstm
2020-09-14 14:00:00,0.832,0.7970039,lstm
2020-09-14 14:00:00,0.8264,0.7973492,lstm
2020-09-14 14:15:00,0.8392,0.8210417,lstm
2020-09-14 14:15:00,0.83200014,0.8035122,lstm
2020-09-14 14:15:00,0.8264,0.8010872,lstm
2020-09-14 14:15:00,0.8256,0.79581416,lstm
2020-09-14 14:30:00,0.832,0.801053,lstm
2020-09-14 14:30:00,0.8263999,0.780123,lstm
2020-09-14 14:30:00,0.82559997,0.7723289,lstm
2020-09-14 14:30:00,0.8138,0.7577624,lstm
2020-09-14 14:45:00,0.8264,0.7918635,lstm
2020-09-14 14:45:00,0.8256,0.7663324,lstm
2020-09-14 14:45:00,0.8138,0.7562824,lstm
2020-09-14 14:45:00,0.795,0.74275523,lstm
2020-09-14 15:00:00,0.8256,0.7897044,lstm
2020-09-14 15:00:00,0.8138,0.75569046,lstm
2020-09-14 15:00:00,0.795,0.74215525,lstm
2020-09-14 15:00:00,0.7704,0.7233501,lstm
2020-09-14 15:15:00,0.8138,0.7834582,lstm
2020-09-14 15:15:00,0.79499996,0.74648356,lstm
2020-09-14 15:15:00,0.7704,0.731671,lstm
2020-09-14 15:15:00,0.7478,0.7119112,lstm
2020-09-14 15:30:00,0.795,0.77358633,lstm
2020-09-14 15:30:00,0.7703999,0.73232365,lstm
2020-09-14 15:30:00,0.7478,0.713723,lstm
2020-09-14 15:30:00,0.7244,0.68904793,lstm
2020-09-14 15:45:00,0.7704,0.7571932,lstm
2020-09-14 15:45:00,0.7478,0.7117721,lstm
2020-09-14 15:45:00,0.7244,0.6890179,lstm
2020-09-14 15:45:00,0.7026,0.6615425,lstm
2020-09-14 16:00:00,0.7478,0.7329891,lstm
2020-09-14 16:00:00,0.7243999,0.6885505,lstm
2020-09-14 16:00:00,0.7026,0.6628366,lstm
2020-09-14 16:00:00,0.662,0.63576293,lstm
2020-09-14 16:15:00,0.7244,0.7123734,lstm
2020-09-14 16:15:00,0.7026,0.66306305,lstm
2020-09-14 16:15:00,0.66199994,0.63188654,lstm
2020-09-14 16:15:00,0.6216,0.6030793,lstm
2020-09-14 16:30:00,0.7026,0.692333,lstm
2020-09-14 16:30:00,0.662,0.64047,lstm
2020-09-14 16:30:00,0.6216,0.60227287,lstm
2020-09-14 16:30:00,0.5814,0.57069516,lstm
2020-09-14 16:45:00,0.662,0.6740742,lstm
2020-09-14 16:45:00,0.6216,0.61830467,lstm
2020-09-14 16:45:00,0.5814,0.5728686,lstm
2020-09-14 16:45:00,0.5334,0.5370161,lstm
2020-09-14 17:00:00,0.6216,0.6389699,lstm
2020-09-14 17:00:00,0.5814,0.58245206,lstm
2020-09-14 17:00:00,0.5334,0.5322831,lstm
2020-09-14 17:00:00,0.47900003,0.4926921,lstm
2020-09-14 17:15:00,0.5814,0.60234857,lstm
2020-09-14 17:15:00,0.5334,0.5403374,lstm
2020-09-14 17:15:00,0.47900003,0.489286,lstm
2020-09-14 17:15:00,0.4262,0.4489516,lstm
2020-09-14 17:30:00,0.53340006,0.5688416,lstm
2020-09-14 17:30:00,0.479,0.5003557,lstm
2020-09-14 17:30:00,0.4262,0.44231358,lstm
2020-09-14 17:30:00,0.37,0.39701718,lstm
2020-09-14 17:45:00,0.47900003,0.53594494,lstm
2020-09-14 17:45:00,0.4262,0.46063173,lstm
2020-09-14 17:45:00,0.37,0.39069954,lstm
2020-09-14 17:45:00,0.3096,0.3335467,lstm
2020-09-14 18:00:00,0.4262,0.48167446,lstm
2020-09-14 18:00:00,0.37,0.40211764,lstm
2020-09-14 18:00:00,0.3096,0.32000923,lstm
2020-09-14 18:00:00,0.246,0.25108832,lstm
2020-09-14 18:15:00,0.37,0.41809955,lstm
2020-09-14 18:15:00,0.3096,0.33613515,lstm
2020-09-14 18:15:00,0.246,0.24977711,lstm
2020-09-14 18:15:00,0.184,0.18068476,lstm
2020-09-14 18:30:00,0.3096,0.34255743,lstm
2020-09-14 18:30:00,0.246,0.2518713,lstm
2020-09-14 18:30:00,0.184,0.16597351,lstm
2020-09-14 18:30:00,0.1228,0.10125308,lstm
2020-09-14 18:45:00,0.246,0.2461714,lstm
2020-09-14 18:45:00,0.184,0.16447216,lstm
2020-09-14 18:45:00,0.12279999,0.09574784,lstm
2020-09-14 18:45:00,0.06920001,0.046729743,lstm
2020-09-14 19:00:00,0.184,0.15938307,lstm
2020-09-14 19:00:00,0.12280001,0.09122199,lstm
2020-09-14 19:00:00,0.0692,0.049288362,lstm
2020-09-14 19:00:00,0.029400006,0.015436143,lstm
2020-09-14 19:15:00,0.1228,0.08660015,lstm
2020-09-14 19:15:00,0.0692,0.040884092,lstm
2020-09-14 19:15:00,0.029400006,0.018602297,lstm
2020-09-14 19:15:00,0.0062000006,0.0033753663,lstm
2020-09-14 19:30:00,0.0692,0.036844924,lstm
2020-09-14 19:30:00,0.029400006,0.012307435,lstm
2020-09-14 19:30:00,0.0062000006,0.0011843294,lstm
2020-09-14 19:30:00,0.0,-0.00030982494,lstm
2020-09-14 19:45:00,0.029400006,0.015009031,lstm
2020-09-14 19:45:00,0.0062000006,0.0013166368,lstm
2020-09-14 19:45:00,0.0,-0.0035268664,lstm
2020-09-14 19:45:00,0.0,-0.0014940798,lstm
2020-09-14 20:00:00,0.0062000006,0.005730346,lstm
2020-09-14 20:00:00,0.0,-0.0025196671,lstm
2020-09-14 20:00:00,0.0,-0.004273355,lstm
2020-09-14 20:00:00,0.0,-0.0014392734,lstm
2020-09-14 20:15:00,0.0,0.0016205311,lstm
2020-09-14 20:15:00,0.0,-0.0037380606,lstm
2020-09-14 20:15:00,0.0,-0.0037785321,lstm
2020-09-14 20:15:00,0.0,-0.00094743073,lstm
2020-09-14 20:30:00,0.0,-0.00047044456,lstm
2020-09-14 20:30:00,0.0,-0.0038591474,lstm
2020-09-14 20:30:00,0.0,-0.0030748844,lstm
2020-09-14 20:30:00,0.0,-0.00035229325,lstm
2020-09-14 20:45:00,0.0,-0.0015341789,lstm
2020-09-14 20:45:00,0.0,-0.003979966,lstm
2020-09-14 20:45:00,0.0,-0.002669096,lstm
2020-09-14 20:45:00,0.0,-8.383393e-05,lstm
2020-09-14 21:00:00,0.0,-0.0020463765,lstm
2020-09-14 21:00:00,0.0,-0.004048601,lstm
2020-09-14 21:00:00,0.0,-0.0024799556,lstm
2020-09-14 21:00:00,0.0,-2.2679567e-05,lstm
2020-09-14 21:15:00,0.0,-0.002305016,lstm
2020-09-14 21:15:00,0.0,-0.004087314,lstm
2020-09-14 21:15:00,0.0,-0.0023697466,lstm
2020-09-14 21:15:00,0.0,1.3336539e-05,lstm
2020-09-14 21:30:00,0.0,-0.0024466813,lstm
2020-09-14 21:30:00,0.0,-0.0041123033,lstm
2020-09-14 21:30:00,0.0,-0.0023003817,lstm
2020-09-14 21:30:00,0.0,3.9190054e-05,lstm
2020-09-14 21:45:00,0.0,-0.0025294423,lstm
2020-09-14 21:45:00,0.0,-0.004174143,lstm
2020-09-14 21:45:00,0.0,-0.0023845732,lstm
2020-09-14 21:45:00,0.0,1.4066696e-05,lstm
2020-09-14 22:00:00,0.0,-0.0025865585,lstm
2020-09-14 22:00:00,0.0,-0.0041769,lstm
2020-09-14 22:00:00,0.0,-0.0023789406,lstm
2020-09-14 22:00:00,0.0,5.0604343e-05,lstm
2020-09-14 22:15:00,0.0,-0.0026203245,lstm
2020-09-14 22:15:00,0.0,-0.0041697323,lstm
2020-09-14 22:15:00,0.0,-0.002360776,lstm
2020-09-14 22:15:00,0.0,8.568168e-05,lstm
2020-09-14 22:30:00,0.0,-0.0026391447,lstm
2020-09-14 22:30:00,0.0,-0.0041553527,lstm
2020-09-14 22:30:00,0.0,-0.0023376495,lstm
2020-09-14 22:30:00,0.0,0.00011654198,lstm
2020-09-14 22:45:00,0.0,-0.0026731193,lstm
2020-09-14 22:45:00,0.0,-0.004183233,lstm
2020-09-14 22:45:00,0.0,-0.0024453402,lstm
2020-09-14 22:45:00,0.0,0.00010111928,lstm
2020-09-14 23:00:00,0.0,-0.0026849806,lstm
2020-09-14 23:00:00,0.0,-0.0041511804,lstm
2020-09-14 23:00:00,0.0,-0.0024351478,lstm
2020-09-14 23:00:00,0.0,0.00015132129,lstm
2020-09-14 23:15:00,0.0,-0.002690658,lstm
2020-09-14 23:15:00,0.0,-0.004123792,lstm
2020-09-14 23:15:00,0.0,-0.0024182498,lstm
2020-09-14 23:15:00,0.0,0.00019165874,lstm
2020-09-14 23:30:00,0.0,-0.0026952177,lstm
2020-09-14 23:30:00,0.0,-0.004103929,lstm
2020-09-14 23:30:00,0.0,-0.0023972392,lstm
2020-09-14 23:30:00,0.0,0.00022214651,lstm
2020-09-14 23:45:00,0.0,-0.0027186722,lstm
2020-09-14 23:45:00,0.0,-0.004117176,lstm
2020-09-14 23:45:00,0.0,-0.002501905,lstm
2020-09-14 23:45:00,0.0,0.00019419193,lstm
2020-09-15 00:00:00,0.0,-0.0027089864,lstm
2020-09-15 00:00:00,0.0,-0.0040674508,lstm
2020-09-15 00:00:00,0.0,-0.0024698228,lstm
2020-09-15 00:00:00,0.0,0.00024543703,lstm
2020-09-15 00:15:00,0.0,-0.0027003884,lstm
2020-09-15 00:15:00,0.0,-0.00404492,lstm
2020-09-15 00:15:00,0.0,-0.0024521947,lstm
2020-09-15 00:15:00,0.0,0.0002757609,lstm
2020-09-15 00:30:00,0.0,-0.002695471,lstm
2020-09-15 00:30:00,0.0,-0.004021734,lstm
2020-09-15 00:30:00,0.0,-0.0024270117,lstm
2020-09-15 00:30:00,0.0,0.00030176342,lstm
2020-09-15 00:45:00,0.0,-0.002709955,lstm
2020-09-15 00:45:00,0.0,-0.0040223002,lstm
2020-09-15 00:45:00,0.0,-0.0025156736,lstm
2020-09-15 00:45:00,0.0,0.00026723742,lstm
2020-09-15 01:00:00,0.0,-0.0026929379,lstm
2020-09-15 01:00:00,0.0,-0.0039741844,lstm
2020-09-15 01:00:00,0.0,-0.0024743825,lstm
2020-09-15 01:00:00,0.0,0.0003078878,lstm
2020-09-15 01:15:00,0.0,-0.0026786178,lstm
2020-09-15 01:15:00,0.0,-0.0039476454,lstm
2020-09-15 01:15:00,0.0,-0.0024514943,lstm
2020-09-15 01:15:00,0.0,0.00032624602,lstm
2020-09-15 01:30:00,0.0,-0.002661571,lstm
2020-09-15 01:30:00,0.0,-0.0039207935,lstm
2020-09-15 01:30:00,0.0,-0.0024314076,lstm
2020-09-15 01:30:00,0.0,0.00033727288,lstm
2020-09-15 01:45:00,0.0,-0.0026757568,lstm
2020-09-15 01:45:00,0.0,-0.0039182156,lstm
2020-09-15 01:45:00,0.0,-0.0025095046,lstm
2020-09-15 01:45:00,0.0,0.00029057264,lstm
2020-09-15 02:00:00,0.0,-0.0026539266,lstm
2020-09-15 02:00:00,0.0,-0.0038711578,lstm
2020-09-15 02:00:00,0.0,-0.0024543405,lstm
2020-09-15 02:00:00,0.0,0.00032432377,lstm
2020-09-15 02:15:00,0.0,-0.0026341826,lstm
2020-09-15 02:15:00,0.0,-0.003850922,lstm
2020-09-15 02:15:00,0.0,-0.002442643,lstm
2020-09-15 02:15:00,0.0,0.00031988323,lstm
2020-09-15 02:30:00,0.0,-0.0026254058,lstm
2020-09-15 02:30:00,0.0,-0.0038475841,lstm
2020-09-15 02:30:00,0.0,-0.0024351925,lstm
2020-09-15 02:30:00,0.0,0.000318408,lstm
2020-09-15 02:45:00,0.0,-0.0026419163,lstm
2020-09-15 02:45:00,0.0,-0.0038465261,lstm
2020-09-15 02:45:00,0.0,-0.0025117397,lstm
2020-09-15 02:45:00,0.0,0.00024843216,lstm
2020-09-15 03:00:00,0.0,-0.002612695,lstm
2020-09-15 03:00:00,0.0,-0.0037975013,lstm
2020-09-15 03:00:00,0.0,-0.0024793595,lstm
2020-09-15 03:00:00,0.0,0.0002568066,lstm
2020-09-15 03:15:00,0.0,-0.0025881082,lstm
2020-09-15 03:15:00,0.0,-0.0037792623,lstm
2020-09-15 03:15:00,0.0,-0.0024625957,lstm
2020-09-15 03:15:00,0.0,0.00025625527,lstm
2020-09-15 03:30:00,0.0,-0.0025675893,lstm
2020-09-15 03:30:00,0.0,-0.0037678927,lstm
2020-09-15 03:30:00,0.0,-0.0024530143,lstm
2020-09-15 03:30:00,0.0,0.0002437383,lstm
2020-09-15 03:45:00,0.0,-0.002596721,lstm
2020-09-15 03:45:00,0.0,-0.0037728846,lstm
2020-09-15 03:45:00,0.0,-0.0024931133,lstm
2020-09-15 03:45:00,0.0,0.00018374622,lstm
2020-09-15 04:00:00,0.0,-0.0025830567,lstm
2020-09-15 04:00:00,0.0,-0.0037477463,lstm
2020-09-15 04:00:00,0.0,-0.0024631321,lstm
2020-09-15 04:00:00,0.0,0.00016911328,lstm
2020-09-15 04:15:00,0.0,-0.0025604665,lstm
2020-09-15 04:15:00,0.0,-0.0037415922,lstm
2020-09-15 04:15:00,0.0,-0.0024646074,lstm
2020-09-15 04:15:00,0.0,0.00014384091,lstm
2020-09-15 04:30:00,0.0,-0.0025392622,lstm
2020-09-15 04:30:00,0.0,-0.0037407428,lstm
2020-09-15 04:30:00,0.0,-0.002470702,lstm
2020-09-15 04:30:00,0.0,0.00011853874,lstm
2020-09-15 04:45:00,0.0,-0.002577573,lstm
2020-09-15 04:45:00,0.0,-0.0037495792,lstm
2020-09-15 04:45:00,0.0,-0.002491653,lstm
2020-09-15 04:45:00,0.0,6.875396e-05,lstm
2020-09-15 05:00:00,0.0,-0.0025875717,lstm
2020-09-15 05:00:00,0.0,-0.0037564784,lstm
2020-09-15 05:00:00,0.0,-0.0024725497,lstm
2020-09-15 05:00:00,0.0,5.1125884e-05,lstm
2020-09-15 05:15:00,0.0,-0.0025803596,lstm
2020-09-15 05:15:00,0.0,-0.00377734,lstm
2020-09-15 05:15:00,0.0,-0.0024910271,lstm
2020-09-15 05:15:00,0.0,1.9580126e-05,lstm
2020-09-15 05:30:00,0.0,-0.0025788546,lstm
2020-09-15 05:30:00,0.0,-0.0038043708,lstm
2020-09-15 05:30:00,0.0,-0.0025197864,lstm
2020-09-15 05:30:00,0.0,-1.15484e-05,lstm
2020-09-15 05:45:00,0.0,-0.0026588142,lstm
2020-09-15 05:45:00,0.0,-0.0038459897,lstm
2020-09-15 05:45:00,0.0,-0.0025247484,lstm
2020-09-15 05:45:00,0.0,-2.2873282e-05,lstm
2020-09-15 06:00:00,0.0,-0.002715692,lstm
2020-09-15 06:00:00,0.0,-0.0039104074,lstm
2020-09-15 06:00:00,0.0,-0.0025334656,lstm
2020-09-15 06:00:00,0.0,-2.4601817e-05,lstm
2020-09-15 06:15:00,0.0,-0.0027411133,lstm
2020-09-15 06:15:00,0.0,-0.003976062,lstm
2020-09-15 06:15:00,0.0,-0.002577424,lstm
2020-09-15 06:15:00,0.0,-3.0070543e-05,lstm
2020-09-15 06:30:00,0.0,-0.0027601272,lstm
2020-09-15 06:30:00,0.0,-0.004048899,lstm
2020-09-15 06:30:00,0.0,-0.0026243478,lstm
2020-09-15 06:30:00,0.0,-1.129508e-05,lstm
2020-09-15 06:45:00,0.0,-0.0028906465,lstm
2020-09-15 06:45:00,0.0,-0.0041378736,lstm
2020-09-15 06:45:00,0.0,-0.0025593191,lstm
2020-09-15 06:45:00,0.0,0.0001796037,lstm
2020-09-15 07:00:00,0.0,-0.0029879063,lstm
2020-09-15 07:00:00,0.0,-0.004281357,lstm
2020-09-15 07:00:00,0.0,-0.002501756,lstm
2020-09-15 07:00:00,0.0,0.00049322844,lstm
2020-09-15 07:15:00,0.0,-0.002982393,lstm
2020-09-15 07:15:00,0.0,-0.004446283,lstm
2020-09-15 07:15:00,0.0,-0.0023019016,lstm
2020-09-15 07:15:00,0.003000006,0.0013222694,lstm
2020-09-15 07:30:00,0.0,-0.0028366297,lstm
2020-09-15 07:30:00,0.0,-0.0044954717,lstm
2020-09-15 07:30:00,0.003000006,-0.00093491375,lstm
2020-09-15 07:30:00,0.0176,0.004965931,lstm
2020-09-15 07:45:00,0.0,-0.0029709935,lstm
2020-09-15 07:45:00,0.003000006,-0.0034008622,lstm
2020-09-15 07:45:00,0.0176,0.004083544,lstm
2020-09-15 07:45:00,0.0502,0.016212076,lstm
2020-09-15 08:00:00,0.003000006,-0.004040897,lstm
2020-09-15 08:00:00,0.017600015,0.0032380521,lstm
2020-09-15 08:00:00,0.0502,0.019559562,lstm
2020-09-15 08:00:00,0.0956,0.046453208,lstm
2020-09-15 08:15:00,0.0176,-0.0006086379,lstm
2020-09-15 08:15:00,0.050200015,0.019362584,lstm
2020-09-15 08:15:00,0.0956,0.04735993,lstm
2020-09-15 08:15:00,0.156,0.09006981,lstm
2020-09-15 08:30:00,0.0502,0.03068,lstm
2020-09-15 08:30:00,0.0956,0.066427484,lstm
2020-09-15 08:30:00,0.156,0.112529874,lstm
2020-09-15 08:30:00,0.2238,0.16571224,lstm
2020-09-15 08:45:00,0.0956,0.0925427,lstm
2020-09-15 08:45:00,0.156,0.14156026,lstm
2020-09-15 08:45:00,0.2238,0.20348328,lstm
2020-09-15 08:45:00,0.288,0.25657785,lstm
2020-09-15 09:00:00,0.156,0.15808031,lstm
2020-09-15 09:00:00,0.2238,0.21264456,lstm
2020-09-15 09:00:00,0.288,0.2814299,lstm
2020-09-15 09:00:00,0.3516,0.3315572,lstm
2020-09-15 09:15:00,0.2238,0.23481226,lstm
2020-09-15 09:15:00,0.288,0.2871349,lstm
2020-09-15 09:15:00,0.3516,0.34734446,lstm
2020-09-15 09:15:00,0.4118,0.40018344,lstm
2020-09-15 09:30:00,0.288,0.30373964,lstm
2020-09-15 09:30:00,0.3516,0.35349673,lstm
2020-09-15 09:30:00,0.4118,0.40095955,lstm
2020-09-15 09:30:00,0.4698,0.4606883,lstm
2020-09-15 09:45:00,0.3516,0.366655,lstm
2020-09-15 09:45:00,0.4118,0.418064,lstm
2020-09-15 09:45:00,0.4698,0.4603364,lstm
2020-09-15 09:45:00,0.522,0.5218999,lstm
2020-09-15 10:00:00,0.4118,0.4294441,lstm
2020-09-15 10:00:00,0.4698,0.4790482,lstm
2020-09-15 10:00:00,0.522,0.5212184,lstm
2020-09-15 10:00:00,0.574,0.575926,lstm
2020-09-15 10:15:00,0.4698,0.49147195,lstm
2020-09-15 10:15:00,0.522,0.5342825,lstm
2020-09-15 10:15:00,0.574,0.57521135,lstm
2020-09-15 10:15:00,0.6232,0.61745155,lstm
2020-09-15 10:30:00,0.522,0.54981786,lstm
2020-09-15 10:30:00,0.574,0.5839772,lstm
2020-09-15 10:30:00,0.6232,0.62117213,lstm
2020-09-15 10:30:00,0.6632,0.6529515,lstm
2020-09-15 10:45:00,0.574,0.6039924,lstm
2020-09-15 10:45:00,0.6232,0.6316583,lstm
2020-09-15 10:45:00,0.6632,0.6634282,lstm
2020-09-15 10:45:00,0.7006,0.69117355,lstm
2020-09-15 11:00:00,0.6232,0.6526952,lstm
2020-09-15 11:00:00,0.6632,0.6766285,lstm
2020-09-15 11:00:00,0.7006,0.7027829,lstm
2020-09-15 11:00:00,0.7326,0.73152953,lstm
2020-09-15 11:15:00,0.6632,0.6940988,lstm
2020-09-15 11:15:00,0.7006,0.7160232,lstm
2020-09-15 11:15:00,0.7326,0.7371184,lstm
2020-09-15 11:15:00,0.75539994,0.767406,lstm
2020-09-15 11:30:00,0.7006,0.7266141,lstm
2020-09-15 11:30:00,0.7326,0.74713874,lstm
2020-09-15 11:30:00,0.75539994,0.76452607,lstm
2020-09-15 11:30:00,0.7822,0.7943118,lstm
2020-09-15 11:45:00,0.7326,0.7505439,lstm
2020-09-15 11:45:00,0.75539994,0.7692714,lstm
2020-09-15 11:45:00,0.7822,0.7843614,lstm
2020-09-15 11:45:00,0.802,0.8110403,lstm
2020-09-15 12:00:00,0.7554,0.77334803,lstm
2020-09-15 12:00:00,0.7822,0.788581,lstm
2020-09-15 12:00:00,0.80200005,0.8020783,lstm
2020-09-15 12:00:00,0.8166,0.8255588,lstm
2020-09-15 12:15:00,0.78220004,0.78769743,lstm
2020-09-15 12:15:00,0.8019999,0.7996832,lstm
2020-09-15 12:15:00,0.8166,0.81187814,lstm
2020-09-15 12:15:00,0.826,0.8308381,lstm
2020-09-15 12:30:00,0.802,0.80258614,lstm
2020-09-15 12:30:00,0.81659997,0.8104181,lstm
2020-09-15 12:30:00,0.826,0.8221799,lstm
2020-09-15 12:30:00,0.8406001,0.8388861,lstm
2020-09-15 12:45:00,0.8166,0.80919176,lstm
2020-09-15 12:45:00,0.826,0.8145156,lstm
2020-09-15 12:45:00,0.8406,0.8249994,lstm
2020-09-15 12:45:00,0.853,0.8384127,lstm
2020-09-15 13:00:00,0.826,0.8108686,lstm
2020-09-15 13:00:00,0.8406,0.8142712,lstm
2020-09-15 13:00:00,0.853,0.82352436,lstm
2020-09-15 13:00:00,0.86800003,0.8340809,lstm
2020-09-15 13:15:00,0.8406,0.8086165,lstm
2020-09-15 13:15:00,0.8529999,0.8105904,lstm
2020-09-15 13:15:00,0.86800003,0.8188889,lstm
2020-09-15 13:15:00,0.698,0.82747096,lstm
2020-09-15 13:30:00,0.853,0.8129095,lstm
2020-09-15 13:30:00,0.8679999,0.81297624,lstm
2020-09-15 13:30:00,0.698,0.8217217,lstm
2020-09-15 13:30:00,0.7228,0.8307464,lstm
2020-09-15 13:45:00,0.868,0.816461,lstm
2020-09-15 13:45:00,0.69799995,0.8153112,lstm
2020-09-15 13:45:00,0.7228,0.8234614,lstm
2020-09-15 13:45:00,0.8368,0.83165216,lstm
2020-09-15 14:00:00,0.698,0.82065594,lstm
2020-09-15 14:00:00,0.7228,0.8179265,lstm
2020-09-15 14:00:00,0.8368,0.8257245,lstm
2020-09-15 14:00:00,0.5442,0.83393025,lstm
2020-09-15 14:15:00,0.7228,0.59618455,lstm
2020-09-15 14:15:00,0.8368,0.62342155,lstm
2020-09-15 14:15:00,0.5442,0.61821884,lstm
2020-09-15 14:15:00,0.79520005,0.6100028,lstm
2020-09-15 14:30:00,0.8368,0.70274264,lstm
2020-09-15 14:30:00,0.5442,0.6965387,lstm
2020-09-15 14:30:00,0.7952,0.69896317,lstm
2020-09-15 14:30:00,0.8146,0.71041715,lstm
2020-09-15 14:45:00,0.5442,0.78021085,lstm
2020-09-15 14:45:00,0.7952,0.768325,lstm
2020-09-15 14:45:00,0.8146,0.7737065,lstm
2020-09-15 14:45:00,0.7696,0.7896038,lstm
2020-09-15 15:00:00,0.7952,0.5338204,lstm
2020-09-15 15:00:00,0.8146,0.58294356,lstm
2020-09-15 15:00:00,0.7696,0.5867632,lstm
2020-09-15 15:00:00,0.7194,0.58855975,lstm
2020-09-15 15:15:00,0.8146,0.7136914,lstm
2020-09-15 15:15:00,0.7695999,0.69171745,lstm
2020-09-15 15:15:00,0.7194,0.6872056,lstm
2020-09-15 15:15:00,0.6932,0.6966765,lstm
2020-09-15 15:30:00,0.7696,0.7194077,lstm
2020-09-15 15:30:00,0.7193999,0.7044406,lstm
2020-09-15 15:30:00,0.6932,0.6951485,lstm
2020-09-15 15:30:00,0.6718,0.6919793,lstm
2020-09-15 15:45:00,0.7194,0.69571316,lstm
2020-09-15 15:45:00,0.6932,0.6765636,lstm
2020-09-15 15:45:00,0.6718,0.6599777,lstm
2020-09-15 15:45:00,0.6916,0.647419,lstm
2020-09-15 16:00:00,0.6932,0.6604536,lstm
2020-09-15 16:00:00,0.6718,0.6323559,lstm
2020-09-15 16:00:00,0.6916,0.60688645,lstm
2020-09-15 16:00:00,0.5496,0.59171367,lstm
2020-09-15 16:15:00,0.6718,0.6468081,lstm
2020-09-15 16:15:00,0.6916,0.6075859,lstm
2020-09-15 16:15:00,0.5496,0.5761334,lstm
2020-09-15 16:15:00,0.631,0.5565989,lstm
2020-09-15 16:30:00,0.6916,0.6317474,lstm
2020-09-15 16:30:00,0.5496,0.5857165,lstm
2020-09-15 16:30:00,0.631,0.55256486,lstm
2020-09-15 16:30:00,0.431,0.5273926,lstm
2020-09-15 16:45:00,0.5496,0.629271,lstm
2020-09-15 16:45:00,0.631,0.5708214,lstm
2020-09-15 16:45:00,0.431,0.53554565,lstm
2020-09-15 16:45:00,0.273,0.5060403,lstm
2020-09-15 17:00:00,0.631,0.49458343,lstm
2020-09-15 17:00:00,0.431,0.47880036,lstm
2020-09-15 17:00:00,0.273,0.450526,lstm
2020-09-15 17:00:00,0.4056,0.4133473,lstm
2020-09-15 17:15:00,0.431,0.53672564,lstm
2020-09-15 17:15:00,0.273,0.48414388,lstm
2020-09-15 17:15:00,0.4056,0.43362612,lstm
2020-09-15 17:15:00,0.1856,0.38821095,lstm
2020-09-15 17:30:00,0.273,0.39130718,lstm
2020-09-15 17:30:00,0.4056,0.39053226,lstm
2020-09-15 17:30:00,0.1856,0.35436553,lstm
2020-09-15 17:30:00,0.291,0.305924,lstm
2020-09-15 17:45:00,0.4056,0.26978543,lstm
2020-09-15 17:45:00,0.1856,0.2815588,lstm
2020-09-15 17:45:00,0.291,0.25588802,lstm
2020-09-15 17:45:00,0.1478,0.22072504,lstm
2020-09-15 18:00:00,0.1856,0.37457234,lstm
2020-09-15 18:00:00,0.291,0.31737074,lstm
2020-09-15 18:00:00,0.1478,0.2603748,lstm
2020-09-15 18:00:00,0.0862,0.2158407,lstm
2020-09-15 18:15:00,0.291,0.25198686,lstm
2020-09-15 18:15:00,0.1478,0.21348934,lstm
2020-09-15 18:15:00,0.0862,0.17101787,lstm
2020-09-15 18:15:00,0.0698,0.12822431,lstm
2020-09-15 18:30:00,0.1478,0.2540872,lstm
2020-09-15 18:30:00,0.0862,0.19035126,lstm
2020-09-15 18:30:00,0.0698,0.13392724,lstm
2020-09-15 18:30:00,0.055800006,0.08978431,lstm
2020-09-15 18:45:00,0.0862,0.17666702,lstm
2020-09-15 18:45:00,0.0698,0.12332906,lstm
2020-09-15 18:45:00,0.055800006,0.08264371,lstm
2020-09-15 18:45:00,0.0282,0.049629048,lstm
2020-09-15 19:00:00,0.0698,0.1204684,lstm
2020-09-15 19:00:00,0.05579999,0.072637625,lstm
2020-09-15 19:00:00,0.0282,0.04596302,lstm
2020-09-15 19:00:00,0.014200002,0.020007342,lstm
2020-09-15 19:15:00,0.05579999,0.07969446,lstm
2020-09-15 19:15:00,0.0282,0.044322237,lstm
2020-09-15 19:15:00,0.014200002,0.027003124,lstm
2020-09-15 19:15:00,0.0018000007,0.013221651,lstm
2020-09-15 19:30:00,0.0282,0.042621404,lstm
2020-09-15 19:30:00,0.014200002,0.02066186,lstm
2020-09-15 19:30:00,0.0018000007,0.010409519,lstm
2020-09-15 19:30:00,0.0,0.0072555244,lstm
2020-09-15 19:45:00,0.014200002,0.022341982,lstm
2020-09-15 19:45:00,0.0018000007,0.0076612085,lstm
2020-09-15 19:45:00,0.0,0.0019069314,lstm
2020-09-15 19:45:00,0.0,0.0028407872,lstm
2020-09-15 20:00:00,0.0018000007,0.011204988,lstm
2020-09-15 20:00:00,0.0,0.0013888478,lstm
2020-09-15 20:00:00,0.0,-0.001135081,lstm
2020-09-15 20:00:00,0.0,0.0010956824,lstm
2020-09-15 20:15:00,0.0,0.004452288,lstm
2020-09-15 20:15:00,0.0,-0.0018225312,lstm
2020-09-15 20:15:00,0.0,-0.0026855767,lstm
2020-09-15 20:15:00,0.0,0.000238657,lstm
2020-09-15 20:30:00,0.0,0.0011411011,lstm
2020-09-15 20:30:00,0.0,-0.0030670762,lstm
2020-09-15 20:30:00,0.0,-0.0026951581,lstm
2020-09-15 20:30:00,0.0,0.0001784265,lstm
2020-09-15 20:45:00,0.0,-0.0007864684,lstm
2020-09-15 20:45:00,0.0,-0.0037491024,lstm
2020-09-15 20:45:00,0.0,-0.0027058274,lstm
2020-09-15 20:45:00,0.0,4.3347478e-05,lstm
2020-09-15 21:00:00,0.0,-0.0015105456,lstm
2020-09-15 21:00:00,0.0,-0.0039454997,lstm
2020-09-15 21:00:00,0.0,-0.002677247,lstm
2020-09-15 21:00:00,0.0,-3.4302473e-05,lstm
2020-09-15 21:15:00,0.0,-0.002241835,lstm
2020-09-15 21:15:00,0.0,-0.004172504,lstm
2020-09-15 21:15:00,0.0,-0.0025982112,lstm
2020-09-15 21:15:00,0.0,1.8924475e-05,lstm
2020-09-15 21:30:00,0.0,-0.0024495423,lstm
2020-09-15 21:30:00,0.0,-0.0042216033,lstm
2020-09-15 21:30:00,0.0,-0.0025570095,lstm
2020-09-15 21:30:00,0.0,1.6897917e-05,lstm
2020-09-15 21:45:00,0.0,-0.002606362,lstm
2020-09-15 21:45:00,0.0,-0.0042958856,lstm
2020-09-15 21:45:00,0.0,-0.002662897,lstm
2020-09-15 21:45:00,0.0,-3.580749e-05,lstm
2020-09-15 22:00:00,0.0,-0.0028297156,lstm
2020-09-15 22:00:00,0.0,-0.0043584257,lstm
2020-09-15 22:00:00,0.0,-0.0026478618,lstm
2020-09-15 22:00:00,0.0,3.272295e-05,lstm
2020-09-15 22:15:00,0.0,-0.002879411,lstm
2020-09-15 22:15:00,0.0,-0.004365504,lstm
2020-09-15 22:15:00,0.0,-0.0026446432,lstm
2020-09-15 22:15:00,0.0,5.2943826e-05,lstm
2020-09-15 22:30:00,0.0,-0.0029757917,lstm
2020-09-15 22:30:00,0.0,-0.0043726563,lstm
2020-09-15 22:30:00,0.0,-0.0025949478,lstm
2020-09-15 22:30:00,0.0,0.00011655688,lstm
2020-09-15 22:45:00,0.0,-0.0030124635,lstm
2020-09-15 22:45:00,0.0,-0.004405603,lstm
2020-09-15 22:45:00,0.0,-0.002720043,lstm
2020-09-15 22:45:00,0.0,6.824732e-05,lstm
2020-09-15 23:00:00,0.0,-0.00303559,lstm
2020-09-15 23:00:00,0.0,-0.0043872,lstm
2020-09-15 23:00:00,0.0,-0.0027208626,lstm
2020-09-15 23:00:00,0.0,0.000112593174,lstm
2020-09-15 23:15:00,0.0,-0.0030566752,lstm
2020-09-15 23:15:00,0.0,-0.0043741614,lstm
2020-09-15 23:15:00,0.0,-0.0026970506,lstm
2020-09-15 23:15:00,0.0,0.00015223026,lstm
2020-09-15 23:30:00,0.0,-0.0030722767,lstm
2020-09-15 23:30:00,0.0,-0.004364714,lstm
2020-09-15 23:30:00,0.0,-0.002678156,lstm
2020-09-15 23:30:00,0.0,0.00017859042,lstm
2020-09-15 23:45:00,0.0,-0.0030900687,lstm
2020-09-15 23:45:00,0.0,-0.0043779165,lstm
2020-09-15 23:45:00,0.0,-0.0027902573,lstm
2020-09-15 23:45:00,0.0,0.00014328957,lstm
2020-09-16 00:00:00,0.0,-0.003087312,lstm
2020-09-16 00:00:00,0.0,-0.004341066,lstm
2020-09-16 00:00:00,0.0,-0.0027747154,lstm
2020-09-16 00:00:00,0.0,0.00019203126,lstm
2020-09-16 00:15:00,0.0,-0.0030830353,lstm
2020-09-16 00:15:00,0.0,-0.0043180585,lstm
2020-09-16 00:15:00,0.0,-0.0027564317,lstm
2020-09-16 00:15:00,0.0,0.0002220273,lstm
2020-09-16 00:30:00,0.0,-0.0030833632,lstm
2020-09-16 00:30:00,0.0,-0.0043034554,lstm
2020-09-16 00:30:00,0.0,-0.0027454346,lstm
2020-09-16 00:30:00,0.0,0.00023704767,lstm
2020-09-16 00:45:00,0.0,-0.0030890852,lstm
2020-09-16 00:45:00,0.0,-0.0043079555,lstm
2020-09-16 00:45:00,0.0,-0.0028524846,lstm
2020-09-16 00:45:00,0.0,0.00019434094,lstm
2020-09-16 01:00:00,0.0,-0.0030709505,lstm
2020-09-16 01:00:00,0.0,-0.0042652637,lstm
2020-09-16 01:00:00,0.0,-0.0028253496,lstm
2020-09-16 01:00:00,0.0,0.00023822486,lstm
2020-09-16 01:15:00,0.0,-0.0030632764,lstm
2020-09-16 01:15:00,0.0,-0.0042491853,lstm
2020-09-16 01:15:00,0.0,-0.0028115958,lstm
2020-09-16 01:15:00,0.0,0.00025229156,lstm
2020-09-16 01:30:00,0.0,-0.0030513555,lstm
2020-09-16 01:30:00,0.0,-0.004237443,lstm
2020-09-16 01:30:00,0.0,-0.0027973056,lstm
2020-09-16 01:30:00,0.0,0.00026348233,lstm
2020-09-16 01:45:00,0.0,-0.0030557364,lstm
2020-09-16 01:45:00,0.0,-0.0042376816,lstm
2020-09-16 01:45:00,0.0,-0.0028862804,lstm
2020-09-16 01:45:00,0.0,0.00020939112,lstm
2020-09-16 02:00:00,0.0,-0.0030344427,lstm
2020-09-16 02:00:00,0.0,-0.003906697,lstm
2020-09-16 02:00:00,0.0,-0.0027280152,lstm
2020-09-16 02:00:00,0.0,0.00048553944,lstm
2020-09-16 02:15:00,0.0,-0.0028161258,lstm
2020-09-16 02:15:00,0.0,-0.003913045,lstm
2020-09-16 02:15:00,0.0,-0.0026081204,lstm
2020-09-16 02:15:00,0.0,0.00044871867,lstm
2020-09-16 02:30:00,0.0,-0.0027227253,lstm
2020-09-16 02:30:00,0.0,-0.0038995445,lstm
2020-09-16 02:30:00,0.0,-0.002515778,lstm
2020-09-16 02:30:00,0.0,0.00036597252,lstm
2020-09-16 02:45:00,0.0,-0.0026842952,lstm
2020-09-16 02:45:00,0.0,-0.0038933605,lstm
2020-09-16 02:45:00,0.0,-0.0025529265,lstm
2020-09-16 02:45:00,0.0,0.0002657473,lstm
2020-09-16 03:00:00,0.0,-0.002632022,lstm
2020-09-16 03:00:00,0.0,-0.0038527101,lstm
2020-09-16 03:00:00,0.0,-0.0025077015,lstm
2020-09-16 03:00:00,0.0,0.0002451539,lstm
2020-09-16 03:15:00,0.0,-0.0025888085,lstm
2020-09-16 03:15:00,0.0,-0.0038386434,lstm
2020-09-16 03:15:00,0.0,-0.0025015026,lstm
2020-09-16 03:15:00,0.0,0.00021372736,lstm
2020-09-16 03:30:00,0.0,-0.0025631338,lstm
2020-09-16 03:30:00,0.0,-0.0038398653,lstm
2020-09-16 03:30:00,0.0,-0.0025053322,lstm
2020-09-16 03:30:00,0.0,0.00018851459,lstm
2020-09-16 03:45:00,0.0,-0.002584502,lstm
2020-09-16 03:45:00,0.0,-0.003841266,lstm
2020-09-16 03:45:00,0.0,-0.0025532842,lstm
2020-09-16 03:45:00,0.0,0.00012248755,lstm
2020-09-16 04:00:00,0.0,-0.0025776327,lstm
2020-09-16 04:00:00,0.0,-0.0038229823,lstm
2020-09-16 04:00:00,0.0,-0.002524972,lstm
2020-09-16 04:00:00,0.0,0.0001142472,lstm
2020-09-16 04:15:00,0.0,-0.002561584,lstm
2020-09-16 04:15:00,0.0,-0.0038219392,lstm
2020-09-16 04:15:00,0.0,-0.0025302172,lstm
2020-09-16 04:15:00,0.0,8.59648e-05,lstm
2020-09-16 04:30:00,0.0,-0.0025450736,lstm
2020-09-16 04:30:00,0.0,-0.0038264692,lstm
2020-09-16 04:30:00,0.0,-0.0025455207,lstm
2020-09-16 04:30:00,0.0,5.735457e-05,lstm
2020-09-16 04:45:00,0.0,-0.0025882423,lstm
2020-09-16 04:45:00,0.0,-0.0038354546,lstm
2020-09-16 04:45:00,0.0,-0.002570033,lstm
2020-09-16 04:45:00,0.0,1.180172e-05,lstm
2020-09-16 05:00:00,0.0,-0.0026038587,lstm
2020-09-16 05:00:00,0.0,-0.0038457662,lstm
2020-09-16 05:00:00,0.0,-0.0025481582,lstm
2020-09-16 05:00:00,0.0,-3.1292439e-07,lstm
2020-09-16 05:15:00,0.0,-0.0026045293,lstm
2020-09-16 05:15:00,0.0,-0.0038701147,lstm
2020-09-16 05:15:00,0.0,-0.0025666207,lstm
2020-09-16 05:15:00,0.0,-3.2529235e-05,lstm
2020-09-16 05:30:00,0.0,-0.0026002675,lstm
2020-09-16 05:30:00,0.0,-0.003897667,lstm
2020-09-16 05:30:00,0.0,-0.0025974065,lstm
2020-09-16 05:30:00,0.0,-6.659329e-05,lstm
2020-09-16 05:45:00,0.0,-0.002683729,lstm
2020-09-16 05:45:00,0.0,-0.0039399564,lstm
2020-09-16 05:45:00,0.0,-0.0025998503,lstm
2020-09-16 05:45:00,0.0,-7.118285e-05,lstm
2020-09-16 06:00:00,0.0,-0.0027352571,lstm
2020-09-16 06:00:00,0.0,-0.0039953887,lstm
2020-09-16 06:00:00,0.0,-0.002603367,lstm
2020-09-16 06:00:00,0.0,-6.946921e-05,lstm
2020-09-16 06:15:00,0.0,-0.002762884,lstm
2020-09-16 06:15:00,0.0,-0.0040602386,lstm
2020-09-16 06:15:00,0.0,-0.002632156,lstm
2020-09-16 06:15:00,0.0,-6.1154366e-05,lstm
2020-09-16 06:30:00,0.0,-0.002783388,lstm
2020-09-16 06:30:00,0.0,-0.004128456,lstm
2020-09-16 06:30:00,0.0,-0.002672851,lstm
2020-09-16 06:30:00,0.0,-4.3988228e-05,lstm
2020-09-16 06:45:00,0.0,-0.0028912723,lstm
2020-09-16 06:45:00,0.0,-0.0041989386,lstm
2020-09-16 06:45:00,0.0,-0.0026133507,lstm
2020-09-16 06:45:00,0.0,0.00013065338,lstm
2020-09-16 07:00:00,0.0,-0.002984792,lstm
2020-09-16 07:00:00,0.0,-0.0043096095,lstm
2020-09-16 07:00:00,0.0,-0.0025139153,lstm
2020-09-16 07:00:00,0.0,0.00046862662,lstm
2020-09-16 07:15:00,0.0,-0.003009081,lstm
2020-09-16 07:15:00,0.0,-0.0044438243,lstm
2020-09-16 07:15:00,0.0,-0.0023135394,lstm
2020-09-16 07:15:00,0.0021999925,0.0011882484,lstm
2020-09-16 07:30:00,0.0,-0.0029175133,lstm
2020-09-16 07:30:00,0.0,-0.004508093,lstm
2020-09-16 07:30:00,0.0021999925,-0.0013093948,lstm
2020-09-16 07:30:00,0.0158,0.003873393,lstm
2020-09-16 07:45:00,0.0,-0.0029100925,lstm
2020-09-16 07:45:00,0.0022000074,-0.0037871897,lstm
2020-09-16 07:45:00,0.0158,0.0025781244,lstm
2020-09-16 07:45:00,0.038599998,0.012553334,lstm
2020-09-16 08:00:00,0.0022000074,-0.0037721246,lstm
2020-09-16 08:00:00,0.0158,0.0015248358,lstm
2020-09-16 08:00:00,0.038600013,0.01614365,lstm
2020-09-16 08:00:00,0.06920001,0.03948556,lstm
2020-09-16 08:15:00,0.0158,-0.001132384,lstm
2020-09-16 08:15:00,0.038599998,0.017044589,lstm
2020-09-16 08:15:00,0.0692,0.043600664,lstm
2020-09-16 08:15:00,0.105,0.08397799,lstm
2020-09-16 08:30:00,0.038599998,0.0123515725,lstm
2020-09-16 08:30:00,0.0692,0.03963782,lstm
2020-09-16 08:30:00,0.105,0.077057905,lstm
2020-09-16 08:30:00,0.1534,0.12618348,lstm
2020-09-16 08:45:00,0.0692,0.05046749,lstm
2020-09-16 08:45:00,0.105,0.09049956,lstm
2020-09-16 08:45:00,0.1534,0.1428228,lstm
2020-09-16 08:45:00,0.1376,0.19860584,lstm
2020-09-16 09:00:00,0.105,0.08905847,lstm
2020-09-16 09:00:00,0.1534,0.13836226,lstm
2020-09-16 09:00:00,0.1376,0.19938357,lstm
2020-09-16 09:00:00,0.1724,0.25786236,lstm
2020-09-16 09:15:00,0.1534,0.1259,lstm
2020-09-16 09:15:00,0.1376,0.17990755,lstm
2020-09-16 09:15:00,0.1724,0.24212956,lstm
2020-09-16 09:15:00,0.174,0.30360323,lstm
2020-09-16 09:30:00,0.1376,0.17460284,lstm
2020-09-16 09:30:00,0.1724,0.22992119,lstm
2020-09-16 09:30:00,0.174,0.287065,lstm
2020-09-16 09:30:00,0.2694,0.35336554,lstm
2020-09-16 09:45:00,0.1724,0.16078135,lstm
2020-09-16 09:45:00,0.174,0.22466037,lstm
2020-09-16 09:45:00,0.2694,0.27362627,lstm
2020-09-16 09:45:00,0.4172,0.33775863,lstm
2020-09-16 10:00:00,0.174,0.22055994,lstm
2020-09-16 10:00:00,0.2694,0.28581384,lstm
2020-09-16 10:00:00,0.4172,0.3377543,lstm
2020-09-16 10:00:00,0.246,0.40081382,lstm
2020-09-16 10:15:00,0.2694,0.22898075,lstm
2020-09-16 10:15:00,0.4172,0.2987233,lstm
2020-09-16 10:15:00,0.246,0.34947473,lstm
2020-09-16 10:15:00,0.2304,0.40827912,lstm
2020-09-16 10:30:00,0.4172,0.34094274,lstm
2020-09-16 10:30:00,0.246,0.3926118,lstm
2020-09-16 10:30:00,0.2304,0.43963486,lstm
2020-09-16 10:30:00,0.3464,0.49188334,lstm
2020-09-16 10:45:00,0.246,0.43881983,lstm
2020-09-16 10:45:00,0.2304,0.47248042,lstm
2020-09-16 10:45:00,0.3464,0.50992,lstm
2020-09-16 10:45:00,0.2754,0.5513107,lstm
2020-09-16 11:00:00,0.2304,0.36610103,lstm
2020-09-16 11:00:00,0.3464,0.42596555,lstm
2020-09-16 11:00:00,0.2754,0.46368623,lstm
2020-09-16 11:00:00,0.193,0.4981413,lstm
2020-09-16 11:15:00,0.34640002,0.36609507,lstm
2020-09-16 11:15:00,0.2754,0.41791332,lstm
2020-09-16 11:15:00,0.193,0.46041542,lstm
2020-09-16 11:15:00,0.2356,0.4966647,lstm
2020-09-16 11:30:00,0.2754,0.49254566,lstm
2020-09-16 11:30:00,0.193,0.5281156,lstm
2020-09-16 11:30:00,0.2356,0.5620949,lstm
2020-09-16 11:30:00,0.512,0.60277164,lstm
2020-09-16 11:45:00,0.193,0.44205824,lstm
2020-09-16 11:45:00,0.2356,0.4896362,lstm
2020-09-16 11:45:00,0.512,0.5227848,lstm
2020-09-16 11:45:00,0.4074,0.55642265,lstm
2020-09-16 12:00:00,0.2356,0.3816517,lstm
2020-09-16 12:00:00,0.512,0.43339968,lstm
2020-09-16 12:00:00,0.4074,0.4689628,lstm
2020-09-16 12:00:00,0.56639993,0.4973569,lstm
2020-09-16 12:15:00,0.512,0.45453334,lstm
2020-09-16 12:15:00,0.4074,0.49820653,lstm
2020-09-16 12:15:00,0.5664,0.5411569,lstm
2020-09-16 12:15:00,0.808,0.5751052,lstm
2020-09-16 12:30:00,0.4074,0.609403,lstm
2020-09-16 12:30:00,0.5664,0.6232215,lstm
2020-09-16 12:30:00,0.8080001,0.6374024,lstm
2020-09-16 12:30:00,0.7456,0.666216,lstm
2020-09-16 12:45:00,0.5664,0.5221275,lstm
2020-09-16 12:45:00,0.80799997,0.5582897,lstm
2020-09-16 12:45:00,0.7456,0.5732417,lstm
2020-09-16 12:45:00,0.7286,0.5941279,lstm
2020-09-16 13:00:00,0.808,0.6603563,lstm
2020-09-16 13:00:00,0.7456,0.66261053,lstm
2020-09-16 13:00:00,0.7286,0.6651765,lstm
2020-09-16 13:00:00,0.7248,0.68632114,lstm
2020-09-16 13:15:00,0.7456,0.7548992,lstm
2020-09-16 13:15:00,0.7286,0.7382115,lstm
2020-09-16 13:15:00,0.7248,0.7344363,lstm
2020-09-16 13:15:00,0.8134,0.74468327,lstm
2020-09-16 13:30:00,0.7286,0.69727975,lstm
2020-09-16 13:30:00,0.7248,0.7008562,lstm
2020-09-16 13:30:00,0.8134,0.69408715,lstm
2020-09-16 13:30:00,0.79520005,0.68485445,lstm
2020-09-16 13:45:00,0.7248,0.70770437,lstm
2020-09-16 13:45:00,0.8133999,0.69779205,lstm
2020-09-16 13:45:00,0.7952,0.682675,lstm
2020-09-16 13:45:00,0.8352,0.67139685,lstm
2020-09-16 14:00:00,0.8134,0.69229615,lstm
2020-09-16 14:00:00,0.7952,0.67595494,lstm
2020-09-16 14:00:00,0.8352,0.6559959,lstm
2020-09-16 14:00:00,0.8292,0.6413878,lstm
2020-09-16 14:15:00,0.7952,0.7520038,lstm
2020-09-16 14:15:00,0.83519995,0.70985353,lstm
2020-09-16 14:15:00,0.8292001,0.6879853,lstm
2020-09-16 14:15:00,0.81259996,0.6725118,lstm
2020-09-16 14:30:00,0.8352,0.73045564,lstm
2020-09-16 14:30:00,0.8292,0.7053933,lstm
2020-09-16 14:30:00,0.8126,0.6822851,lstm
2020-09-16 14:30:00,0.7824,0.6605451,lstm
2020-09-16 14:45:00,0.8292,0.75194377,lstm
2020-09-16 14:45:00,0.8126,0.7287961,lstm
2020-09-16 14:45:00,0.7824,0.71192026,lstm
2020-09-16 14:45:00,0.6174,0.70412534,lstm
2020-09-16 15:00:00,0.8126,0.75031275,lstm
2020-09-16 15:00:00,0.7824,0.71452916,lstm
2020-09-16 15:00:00,0.6174,0.6860883,lstm
2020-09-16 15:00:00,0.58379996,0.6614017,lstm
2020-09-16 15:15:00,0.7824,0.72461075,lstm
2020-09-16 15:15:00,0.6174,0.67941046,lstm
2020-09-16 15:15:00,0.5838,0.6429844,lstm
2020-09-16 15:15:00,0.6592,0.61167777,lstm
2020-09-16 15:30:00,0.6174,0.6947343,lstm
2020-09-16 15:30:00,0.5838,0.65327877,lstm
2020-09-16 15:30:00,0.6592,0.6159044,lstm
2020-09-16 15:30:00,0.705,0.5836909,lstm
2020-09-16 15:45:00,0.5838,0.55593455,lstm
2020-09-16 15:45:00,0.6592,0.5519811,lstm
2020-09-16 15:45:00,0.705,0.5246806,lstm
2020-09-16 15:45:00,0.6638,0.49308974,lstm
2020-09-16 16:00:00,0.6592001,0.54372376,lstm
2020-09-16 16:00:00,0.7049999,0.52074987,lstm
2020-09-16 16:00:00,0.6638,0.4947043,lstm
2020-09-16 16:00:00,0.6038,0.46717602,lstm
2020-09-16 16:15:00,0.705,0.61349857,lstm
2020-09-16 16:15:00,0.6638,0.5585955,lstm
2020-09-16 16:15:00,0.6038,0.5286681,lstm
2020-09-16 16:15:00,0.5924,0.49643797,lstm
2020-09-16 16:30:00,0.6638,0.63681936,lstm
2020-09-16 16:30:00,0.6038,0.58305264,lstm
2020-09-16 16:30:00,0.5924,0.5486622,lstm
2020-09-16 16:30:00,0.5574,0.51416636,lstm
2020-09-16 16:45:00,0.6038,0.5726387,lstm
2020-09-16 16:45:00,0.5924,0.5290456,lstm
2020-09-16 16:45:00,0.5574,0.48796332,lstm
2020-09-16 16:45:00,0.511,0.44774133,lstm
2020-09-16 17:00:00,0.5924,0.53841114,lstm
2020-09-16 17:00:00,0.5574,0.49227685,lstm
2020-09-16 17:00:00,0.511,0.44817,lstm
2020-09-16 17:00:00,0.4554,0.40575093,lstm
2020-09-16 17:15:00,0.5574,0.54079413,lstm
2020-09-16 17:15:00,0.511,0.48003846,lstm
2020-09-16 17:15:00,0.4554,0.4333748,lstm
2020-09-16 17:15:00,0.4046,0.39089984,lstm
2020-09-16 17:30:00,0.51100004,0.51427567,lstm
2020-09-16 17:30:00,0.4554,0.44793668,lstm
2020-09-16 17:30:00,0.40459996,0.3905753,lstm
2020-09-16 17:30:00,0.346,0.3386285,lstm
2020-09-16 17:45:00,0.4554,0.47468898,lstm
2020-09-16 17:45:00,0.4046,0.40137887,lstm
2020-09-16 17:45:00,0.346,0.33375436,lstm
2020-09-16 17:45:00,0.2866,0.2698755,lstm
2020-09-16 18:00:00,0.4046,0.4207596,lstm
2020-09-16 18:00:00,0.346,0.3381902,lstm
2020-09-16 18:00:00,0.2866,0.26365262,lstm
2020-09-16 18:00:00,0.226,0.19258115,lstm
2020-09-16 18:15:00,0.346,0.3736494,lstm
2020-09-16 18:15:00,0.2866,0.28504398,lstm
2020-09-16 18:15:00,0.226,0.20699999,lstm
2020-09-16 18:15:00,0.1668,0.1400871,lstm
2020-09-16 18:30:00,0.2866,0.30006462,lstm
2020-09-16 18:30:00,0.226,0.21074353,lstm
2020-09-16 18:30:00,0.1668,0.13362114,lstm
2020-09-16 18:30:00,0.111200005,0.07850815,lstm
2020-09-16 18:45:00,0.226,0.22561732,lstm
2020-09-16 18:45:00,0.1668,0.14524278,lstm
2020-09-16 18:45:00,0.1112,0.08367788,lstm
2020-09-16 18:45:00,0.0626,0.04138258,lstm
2020-09-16 19:00:00,0.1668,0.14587957,lstm
2020-09-16 19:00:00,0.1112,0.080479756,lstm
2020-09-16 19:00:00,0.0626,0.04216391,lstm
2020-09-16 19:00:00,0.025199994,0.014404327,lstm
2020-09-16 19:15:00,0.1112,0.07487331,lstm
2020-09-16 19:15:00,0.0626,0.033581465,lstm
2020-09-16 19:15:00,0.025199994,0.0124539435,lstm
2020-09-16 19:15:00,0.0044,0.0035682023,lstm
2020-09-16 19:30:00,0.0626,0.032196507,lstm
2020-09-16 19:30:00,0.025199994,0.009363443,lstm
2020-09-16 19:30:00,0.004399985,-0.0008547902,lstm
2020-09-16 19:30:00,0.0,-0.00044938922,lstm
2020-09-16 19:45:00,0.025199994,0.013537899,lstm
2020-09-16 19:45:00,0.0044,0.00028933585,lstm
2020-09-16 19:45:00,0.0,-0.004080817,lstm
2020-09-16 19:45:00,0.0,-0.001610592,lstm
2020-09-16 20:00:00,0.0044,0.005381644,lstm
2020-09-16 20:00:00,0.0,-0.0028090477,lstm
2020-09-16 20:00:00,0.0,-0.004424289,lstm
2020-09-16 20:00:00,0.0,-0.0014963895,lstm
2020-09-16 20:15:00,0.0,0.0014941692,lstm
2020-09-16 20:15:00,0.0,-0.0038458258,lstm
2020-09-16 20:15:00,0.0,-0.0038362145,lstm
2020-09-16 20:15:00,0.0,-0.0010035783,lstm
2020-09-16 20:30:00,0.0,-0.00062415004,lstm
2020-09-16 20:30:00,0.0,-0.003933564,lstm
2020-09-16 20:30:00,0.0,-0.0030861348,lstm
2020-09-16 20:30:00,0.0,-0.0003466457,lstm
2020-09-16 20:45:00,0.0,-0.0015506446,lstm
2020-09-16 20:45:00,0.0,-0.0040216446,lstm
2020-09-16 20:45:00,0.0,-0.0027231872,lstm
2020-09-16 20:45:00,0.0,-0.00013260543,lstm
2020-09-16 21:00:00,0.0,-0.002003193,lstm
2020-09-16 21:00:00,0.0,-0.0040632784,lstm
2020-09-16 21:00:00,0.0,-0.0025442839,lstm
2020-09-16 21:00:00,0.0,-7.587671e-05,lstm
2020-09-16 21:15:00,0.0,-0.0022967905,lstm
2020-09-16 21:15:00,0.0,-0.004098341,lstm
2020-09-16 21:15:00,0.0,-0.0024219602,lstm
2020-09-16 21:15:00,0.0,-6.571412e-06,lstm
2020-09-16 21:30:00,0.0,-0.0024465919,lstm
2020-09-16 21:30:00,0.0,-0.0041202456,lstm
2020-09-16 21:30:00,0.0,-0.0023516566,lstm
2020-09-16 21:30:00,0.0,3.4600496e-05,lstm
2020-09-16 21:45:00,0.0,-0.0025349706,lstm
2020-09-16 21:45:00,0.0,-0.004176274,lstm
2020-09-16 21:45:00,0.0,-0.0024349242,lstm
2020-09-16 21:45:00,0.0,2.168119e-05,lstm
2020-09-16 22:00:00,0.0,-0.002599135,lstm
2020-09-16 22:00:00,0.0,-0.0041797757,lstm
2020-09-16 22:00:00,0.0,-0.002431497,lstm
2020-09-16 22:00:00,0.0,6.553531e-05,lstm
2020-09-16 22:15:00,0.0,-0.0026402026,lstm
2020-09-16 22:15:00,0.0,-0.004170373,lstm
2020-09-16 22:15:00,0.0,-0.0024110526,lstm
2020-09-16 22:15:00,0.0,0.00010505319,lstm
2020-09-16 22:30:00,0.0,-0.0026627928,lstm
2020-09-16 22:30:00,0.0,-0.004153326,lstm
2020-09-16 22:30:00,0.0,-0.0023857355,lstm
2020-09-16 22:30:00,0.0,0.00013966858,lstm
2020-09-16 22:45:00,0.0,-0.0026953965,lstm
2020-09-16 22:45:00,0.0,-0.004176751,lstm
2020-09-16 22:45:00,0.0,-0.002488196,lstm
2020-09-16 22:45:00,0.0,0.00012752414,lstm
2020-09-16 23:00:00,0.0,-0.0027046353,lstm
2020-09-16 23:00:00,0.0,-0.0041444153,lstm
2020-09-16 23:00:00,0.0,-0.0024708807,lstm
2020-09-16 23:00:00,0.0,0.00018030405,lstm
2020-09-16 23:15:00,0.0,-0.0027078092,lstm
2020-09-16 23:15:00,0.0,-0.0041159242,lstm
2020-09-16 23:15:00,0.0,-0.002442941,lstm
2020-09-16 23:15:00,0.0,0.00022184849,lstm
2020-09-16 23:30:00,0.0,-0.0027108938,lstm
2020-09-16 23:30:00,0.0,-0.0041032434,lstm
2020-09-16 23:30:00,0.0,-0.0024232417,lstm
2020-09-16 23:30:00,0.0,0.00024665892,lstm
2020-09-16 23:45:00,0.0,-0.0027330667,lstm
2020-09-16 23:45:00,0.0,-0.00411506,lstm
2020-09-16 23:45:00,0.0,-0.0025261194,lstm
2020-09-16 23:45:00,0.0,0.0002155006,lstm
2020-09-17 00:00:00,0.0,-0.002725944,lstm
2020-09-17 00:00:00,0.0,-0.0040757954,lstm
2020-09-17 00:00:00,0.0,-0.0025015324,lstm
2020-09-17 00:00:00,0.0,0.00026197731,lstm
2020-09-17 00:15:00,0.0,-0.0027092993,lstm
2020-09-17 00:15:00,0.0,-0.004034683,lstm
2020-09-17 00:15:00,0.0,-0.002480045,lstm
2020-09-17 00:15:00,0.0,0.00029411912,lstm
2020-09-17 00:30:00,0.0,-0.0027021915,lstm
2020-09-17 00:30:00,0.0,-0.0040203184,lstm
2020-09-17 00:30:00,0.0,-0.002452597,lstm
2020-09-17 00:30:00,0.0,0.00032784045,lstm
2020-09-17 00:45:00,0.0,-0.0027147382,lstm
2020-09-17 00:45:00,0.0,-0.004021466,lstm
2020-09-17 00:45:00,0.0,-0.0025351793,lstm
2020-09-17 00:45:00,0.0,0.00028933585,lstm
2020-09-17 01:00:00,0.0,-0.0026939958,lstm
2020-09-17 01:00:00,0.0,-0.003969878,lstm
2020-09-17 01:00:00,0.0,-0.0024980158,lstm
2020-09-17 01:00:00,0.0,0.0003272891,lstm
2020-09-17 01:15:00,0.0,-0.0026745647,lstm
2020-09-17 01:15:00,0.0,-0.003938243,lstm
2020-09-17 01:15:00,0.0,-0.0024745315,lstm
2020-09-17 01:15:00,0.0,0.00035001338,lstm
2020-09-17 01:30:00,0.0,-0.0026572198,lstm
2020-09-17 01:30:00,0.0,-0.003914267,lstm
2020-09-17 01:30:00,0.0,-0.0024526566,lstm
2020-09-17 01:30:00,0.0,0.00036497414,lstm
2020-09-17 01:45:00,0.0,-0.002669856,lstm
2020-09-17 01:45:00,0.0,-0.003911495,lstm
2020-09-17 01:45:00,0.0,-0.002524063,lstm
2020-09-17 01:45:00,0.0,0.00031669438,lstm
2020-09-17 02:00:00,0.0,-0.0026395768,lstm
2020-09-17 02:00:00,0.0,-0.0038560927,lstm
2020-09-17 02:00:00,0.0,-0.002471581,lstm
2020-09-17 02:00:00,0.0,0.0003440082,lstm
2020-09-17 02:15:00,0.0,-0.0026202202,lstm
2020-09-17 02:15:00,0.0,-0.0038362592,lstm
2020-09-17 02:15:00,0.0,-0.0024497062,lstm
2020-09-17 02:15:00,0.0,0.00035229325,lstm
2020-09-17 02:30:00,0.0,-0.0025976002,lstm
2020-09-17 02:30:00,0.0,-0.0038161874,lstm
2020-09-17 02:30:00,0.0,-0.0024413913,lstm
2020-09-17 02:30:00,0.0,0.0003450215,lstm
2020-09-17 02:45:00,0.0,-0.0026105642,lstm
2020-09-17 02:45:00,0.0,-0.003812313,lstm
2020-09-17 02:45:00,0.0,-0.0025060922,lstm
2020-09-17 02:45:00,0.0,0.000286147,lstm
2020-09-17 03:00:00,0.0,-0.002581805,lstm
2020-09-17 03:00:00,0.0,-0.0037634522,lstm
2020-09-17 03:00:00,0.0,-0.002455011,lstm
2020-09-17 03:00:00,0.0,0.0002990514,lstm
2020-09-17 03:15:00,0.0,-0.0025580525,lstm
2020-09-17 03:15:00,0.0,-0.0037529022,lstm
2020-09-17 03:15:00,0.0,-0.0024411827,lstm
2020-09-17 03:15:00,0.0,0.00028981268,lstm
2020-09-17 03:30:00,0.0,-0.0025312752,lstm
2020-09-17 03:30:00,0.0,-0.0037351996,lstm
2020-09-17 03:30:00,0.0,-0.0024408996,lstm
2020-09-17 03:30:00,0.0,0.00026795268,lstm
2020-09-17 03:45:00,0.0,-0.0025550276,lstm
2020-09-17 03:45:00,0.0,-0.0037390143,lstm
2020-09-17 03:45:00,0.0,-0.002482742,lstm
2020-09-17 03:45:00,0.0,0.00021655858,lstm
2020-09-17 04:00:00,0.0,-0.002535969,lstm
2020-09-17 04:00:00,0.0,-0.0037085116,lstm
2020-09-17 04:00:00,0.0,-0.0024491996,lstm
2020-09-17 04:00:00,0.0,0.0002066046,lstm
2020-09-17 04:15:00,0.0,-0.0025135726,lstm
2020-09-17 04:15:00,0.0,-0.0037058592,lstm
2020-09-17 04:15:00,0.0,-0.0024518818,lstm
2020-09-17 04:15:00,0.0,0.00018422306,lstm
2020-09-17 04:30:00,0.0,-0.002493307,lstm
2020-09-17 04:30:00,0.0,-0.0037029833,lstm
2020-09-17 04:30:00,0.0,-0.0024622232,lstm
2020-09-17 04:30:00,0.0,0.0001579225,lstm
2020-09-17 04:45:00,0.0,-0.0025307983,lstm
2020-09-17 04:45:00,0.0,-0.0037111044,lstm
2020-09-17 04:45:00,0.0,-0.002480343,lstm
2020-09-17 04:45:00,0.0,0.00011512637,lstm
2020-09-17 05:00:00,0.0,-0.0025339872,lstm
2020-09-17 05:00:00,0.0,-0.003712967,lstm
2020-09-17 05:00:00,0.0,-0.0024670064,lstm
2020-09-17 05:00:00,0.0,9.3370676e-05,lstm
2020-09-17 05:15:00,0.0,-0.0025206953,lstm
2020-09-17 05:15:00,0.0,-0.003728509,lstm
2020-09-17 05:15:00,0.0,-0.0024873763,lstm
2020-09-17 05:15:00,0.0,6.841123e-05,lstm
2020-09-17 05:30:00,0.0,-0.002511233,lstm
2020-09-17 05:30:00,0.0,-0.0037484765,lstm
2020-09-17 05:30:00,0.0,-0.0025142282,lstm
2020-09-17 05:30:00,0.0,4.389882e-05,lstm
2020-09-17 05:45:00,0.0,-0.0025706738,lstm
2020-09-17 05:45:00,0.0,-0.0037742853,lstm
2020-09-17 05:45:00,0.0,-0.0025217533,lstm
2020-09-17 05:45:00,0.0,3.6507845e-05,lstm
2020-09-17 06:00:00,0.0,-0.0025988668,lstm
2020-09-17 06:00:00,0.0,-0.003815025,lstm
2020-09-17 06:00:00,0.0,-0.0025287867,lstm
2020-09-17 06:00:00,0.0,3.5643578e-05,lstm
2020-09-17 06:15:00,0.0,-0.0026209652,lstm
2020-09-17 06:15:00,0.0,-0.0038716346,lstm
2020-09-17 06:15:00,0.0,-0.0025562346,lstm
2020-09-17 06:15:00,0.0,5.7160854e-05,lstm
2020-09-17 06:30:00,0.0,-0.0026346147,lstm
2020-09-17 06:30:00,0.0,-0.003932312,lstm
2020-09-17 06:30:00,0.0,-0.0025993288,lstm
2020-09-17 06:30:00,0.0,7.0258975e-05,lstm
2020-09-17 06:45:00,0.0,-0.0027229488,lstm
2020-09-17 06:45:00,0.0,-0.0039985776,lstm
2020-09-17 06:45:00,0.0,-0.0025607944,lstm
2020-09-17 06:45:00,0.0,0.00020933151,lstm
2020-09-17 07:00:00,0.0,-0.0027901381,lstm
2020-09-17 07:00:00,0.0,-0.004120454,lstm
2020-09-17 07:00:00,0.0,-0.002504155,lstm
2020-09-17 07:00:00,0.0,0.00048714876,lstm
2020-09-17 07:15:00,0.0,-0.002798885,lstm
2020-09-17 07:15:00,0.0,-0.0042722374,lstm
2020-09-17 07:15:00,0.0,-0.0023065358,lstm
2020-09-17 07:15:00,0.0021999925,0.0012495369,lstm
2020-09-17 07:30:00,0.0,-0.002666697,lstm
2020-09-17 07:30:00,0.0,-0.0043816566,lstm
2020-09-17 07:30:00,0.0021999925,-0.0012356788,lstm
2020-09-17 07:30:00,0.015599996,0.0042695254,lstm
2020-09-17 07:45:00,0.0,-0.0027341545,lstm
2020-09-17 07:45:00,0.0022000074,-0.003643766,lstm
2020-09-17 07:45:00,0.015600011,0.0028633624,lstm
2020-09-17 07:45:00,0.04520002,0.013763994,lstm
2020-09-17 08:00:00,0.0022000074,-0.0038615018,lstm
2020-09-17 08:00:00,0.015599996,0.0019874275,lstm
2020-09-17 08:00:00,0.045200005,0.016725719,lstm
2020-09-17 08:00:00,0.0886,0.041692078,lstm
2020-09-17 08:15:00,0.015599996,-0.00092703104,lstm
2020-09-17 08:15:00,0.045200005,0.017982766,lstm
2020-09-17 08:15:00,0.0886,0.044653177,lstm
2020-09-17 08:15:00,0.1444,0.086630605,lstm
2020-09-17 08:30:00,0.045200005,0.026199162,lstm
2020-09-17 08:30:00,0.0886,0.061206833,lstm
2020-09-17 08:30:00,0.1444,0.10666253,lstm
2020-09-17 08:30:00,0.2072,0.16119641,lstm
2020-09-17 08:45:00,0.0886,0.078341074,lstm
2020-09-17 08:45:00,0.1444,0.12763232,lstm
2020-09-17 08:45:00,0.2072,0.18903282,lstm
2020-09-17 08:45:00,0.272,0.24649851,lstm
2020-09-17 09:00:00,0.1444,0.13867125,lstm
2020-09-17 09:00:00,0.2072,0.19680004,lstm
2020-09-17 09:00:00,0.272,0.2668311,lstm
2020-09-17 09:00:00,0.3364,0.3235857,lstm
2020-09-17 09:15:00,0.2072,0.20780204,lstm
2020-09-17 09:15:00,0.272,0.26720673,lstm
2020-09-17 09:15:00,0.3364,0.33042997,lstm
2020-09-17 09:15:00,0.3936,0.3893776,lstm
2020-09-17 09:30:00,0.272,0.27470833,lstm
2020-09-17 09:30:00,0.3364,0.33147222,lstm
2020-09-17 09:30:00,0.3936,0.38165414,lstm
2020-09-17 09:30:00,0.44660002,0.44544816,lstm
2020-09-17 09:45:00,0.3364,0.34289092,lstm
2020-09-17 09:45:00,0.3936,0.39852735,lstm
2020-09-17 09:45:00,0.44660002,0.44251868,lstm
2020-09-17 09:45:00,0.49580002,0.50671697,lstm
2020-09-17 10:00:00,0.3936,0.4092239,lstm
2020-09-17 10:00:00,0.4466,0.4614905,lstm
2020-09-17 10:00:00,0.49580002,0.50443065,lstm
2020-09-17 10:00:00,0.5414,0.561033,lstm
2020-09-17 10:15:00,0.4466,0.47202766,lstm
2020-09-17 10:15:00,0.4958,0.5176931,lstm
2020-09-17 10:15:00,0.5414,0.5589691,lstm
2020-09-17 10:15:00,0.5836,0.6029031,lstm
2020-09-17 10:30:00,0.4958,0.5310195,lstm
2020-09-17 10:30:00,0.5414,0.5686238,lstm
2020-09-17 10:30:00,0.5836,0.60591704,lstm
2020-09-17 10:30:00,0.6216,0.6395906,lstm
2020-09-17 10:45:00,0.5414,0.58647096,lstm
2020-09-17 10:45:00,0.5835999,0.6177155,lstm
2020-09-17 10:45:00,0.6216,0.6499264,lstm
2020-09-17 10:45:00,0.6572,0.67960745,lstm
2020-09-17 11:00:00,0.5836,0.6327051,lstm
2020-09-17 11:00:00,0.6216,0.6606927,lstm
2020-09-17 11:00:00,0.6572,0.68777585,lstm
2020-09-17 11:00:00,0.6882,0.71778625,lstm
2020-09-17 11:15:00,0.6216,0.67290455,lstm
2020-09-17 11:15:00,0.6572,0.6989182,lstm
2020-09-17 11:15:00,0.6882,0.7213728,lstm
2020-09-17 11:15:00,0.7146,0.7525433,lstm
2020-09-17 11:30:00,0.6572,0.7075653,lstm
2020-09-17 11:30:00,0.6882,0.7316675,lstm
2020-09-17 11:30:00,0.7146,0.75062263,lstm
2020-09-17 11:30:00,0.7368,0.7817057,lstm
2020-09-17 11:45:00,0.6882,0.7388263,lstm
2020-09-17 11:45:00,0.71459997,0.75946534,lstm
2020-09-17 11:45:00,0.7368,0.77574164,lstm
2020-09-17 11:45:00,0.7548,0.8052598,lstm
2020-09-17 12:00:00,0.7146,0.7627717,lstm
2020-09-17 12:00:00,0.73679996,0.77972305,lstm
2020-09-17 12:00:00,0.7548,0.7941515,lstm
2020-09-17 12:00:00,0.7712,0.8201944,lstm
2020-09-17 12:15:00,0.7368,0.7812595,lstm
2020-09-17 12:15:00,0.75479996,0.79394495,lstm
2020-09-17 12:15:00,0.7712,0.8068565,lstm
2020-09-17 12:15:00,0.7854,0.82909536,lstm
2020-09-17 12:30:00,0.7548,0.79336387,lstm
2020-09-17 12:30:00,0.77119994,0.8022146,lstm
2020-09-17 12:30:00,0.7854,0.81394184,lstm
2020-09-17 12:30:00,0.7968,0.8329239,lstm
2020-09-17 12:45:00,0.7712,0.8025557,lstm
2020-09-17 12:45:00,0.7853999,0.80758476,lstm
2020-09-17 12:45:00,0.7968,0.8176483,lstm
2020-09-17 12:45:00,0.8062,0.83370024,lstm
2020-09-17 13:00:00,0.7854,0.8087584,lstm
2020-09-17 13:00:00,0.7968,0.8107921,lstm
2020-09-17 13:00:00,0.8062001,0.8196265,lstm
2020-09-17 13:00:00,0.8128,0.83319175,lstm
2020-09-17 13:15:00,0.7968,0.81240785,lstm
2020-09-17 13:15:00,0.8062,0.8120357,lstm
2020-09-17 13:15:00,0.8128,0.8198233,lstm
2020-09-17 13:15:00,0.8144,0.8314065,lstm
2020-09-17 13:30:00,0.8062,0.81449366,lstm
2020-09-17 13:30:00,0.81279993,0.81203735,lstm
2020-09-17 13:30:00,0.8144,0.818634,lstm
2020-09-17 13:30:00,0.8088,0.828406,lstm
2020-09-17 13:45:00,0.8128,0.8165408,lstm
2020-09-17 13:45:00,0.81439996,0.81165576,lstm
2020-09-17 13:45:00,0.8088,0.81591713,lstm
2020-09-17 13:45:00,0.8044,0.82370955,lstm
2020-09-17 14:00:00,0.8144,0.8137587,lstm
2020-09-17 14:00:00,0.8088,0.8070681,lstm
2020-09-17 14:00:00,0.80439997,0.8083783,lstm
2020-09-17 14:00:00,0.7976,0.8135058,lstm
2020-09-17 14:15:00,0.8088,0.80742645,lstm
2020-09-17 14:15:00,0.80439997,0.7987807,lstm
2020-09-17 14:15:00,0.7976,0.79658294,lstm
2020-09-17 14:15:00,0.78959996,0.7980745,lstm
2020-09-17 14:30:00,0.8044,0.7946822,lstm
2020-09-17 14:30:00,0.7975999,0.7836983,lstm
2020-09-17 14:30:00,0.7896,0.7770609,lstm
2020-09-17 14:30:00,0.771,0.7735997,lstm
2020-09-17 14:45:00,0.7976,0.7840681,lstm
2020-09-17 14:45:00,0.7896,0.76788485,lstm
2020-09-17 14:45:00,0.771,0.7560639,lstm
2020-09-17 14:45:00,0.75539994,0.74788624,lstm
2020-09-17 15:00:00,0.7896,0.76523525,lstm
2020-09-17 15:00:00,0.771,0.74283767,lstm
2020-09-17 15:00:00,0.75539994,0.7275583,lstm
2020-09-17 15:00:00,0.7324,0.7120553,lstm
2020-09-17 15:15:00,0.771,0.74950874,lstm
2020-09-17 15:15:00,0.75539994,0.71878266,lstm
2020-09-17 15:15:00,0.7324,0.69960374,lstm
2020-09-17 15:15:00,0.7102,0.67987895,lstm
2020-09-17 15:30:00,0.7554,0.72660875,lstm
2020-09-17 15:30:00,0.73239994,0.690549,lstm
2020-09-17 15:30:00,0.7102,0.6667444,lstm
2020-09-17 15:30:00,0.678,0.64355433,lstm
2020-09-17 15:45:00,0.7324,0.71040004,lstm
2020-09-17 15:45:00,0.71019995,0.66610384,lstm
2020-09-17 15:45:00,0.678,0.6361432,lstm
2020-09-17 15:45:00,0.6478,0.6101586,lstm
2020-09-17 16:00:00,0.7102,0.6889895,lstm
2020-09-17 16:00:00,0.678,0.63922143,lstm
2020-09-17 16:00:00,0.6478,0.60180265,lstm
2020-09-17 16:00:00,0.6132,0.57066494,lstm
2020-09-17 16:15:00,0.678,0.6728343,lstm
2020-09-17 16:15:00,0.6478,0.6159893,lstm
2020-09-17 16:15:00,0.6132,0.57162845,lstm
2020-09-17 16:15:00,0.574,0.5348005,lstm
2020-09-17 16:30:00,0.6478,0.6462141,lstm
2020-09-17 16:30:00,0.6132,0.58480144,lstm
2020-09-17 16:30:00,0.574,0.53764427,lstm
2020-09-17 16:30:00,0.5358,0.49606413,lstm
2020-09-17 16:45:00,0.6132,0.61549604,lstm
2020-09-17 16:45:00,0.574,0.54721725,lstm
2020-09-17 16:45:00,0.5358,0.501186,lstm
2020-09-17 16:45:00,0.4918,0.45771652,lstm
2020-09-17 17:00:00,0.574,0.5746762,lstm
2020-09-17 17:00:00,0.5358,0.5042702,lstm
2020-09-17 17:00:00,0.4918,0.4573509,lstm
2020-09-17 17:00:00,0.4418,0.4126196,lstm
2020-09-17 17:15:00,0.5358,0.5327394,lstm
2020-09-17 17:15:00,0.4918,0.4631129,lstm
2020-09-17 17:15:00,0.4418,0.40784597,lstm
2020-09-17 17:15:00,0.3868,0.36031312,lstm
2020-09-17 17:30:00,0.4918,0.4963039,lstm
2020-09-17 17:30:00,0.4418,0.4275602,lstm
2020-09-17 17:30:00,0.3868,0.3620327,lstm
2020-09-17 17:30:00,0.3312,0.3109312,lstm
2020-09-17 17:45:00,0.4418,0.45893952,lstm
2020-09-17 17:45:00,0.3868,0.3896178,lstm
2020-09-17 17:45:00,0.3312,0.3183062,lstm
2020-09-17 17:45:00,0.274,0.26106885,lstm
2020-09-17 18:00:00,0.3868,0.413859,lstm
2020-09-17 18:00:00,0.3312,0.34277785,lstm
2020-09-17 18:00:00,0.274,0.26989698,lstm
2020-09-17 18:00:00,0.2134,0.20831247,lstm
2020-09-17 18:15:00,0.3312,0.35872135,lstm
2020-09-17 18:15:00,0.274,0.28477818,lstm
2020-09-17 18:15:00,0.2134,0.21217094,lstm
2020-09-17 18:15:00,0.1552,0.1522831,lstm
2020-09-17 18:30:00,0.274,0.2967006,lstm
2020-09-17 18:30:00,0.2134,0.22133198,lstm
2020-09-17 18:30:00,0.1552,0.1508534,lstm
2020-09-17 18:30:00,0.1002,0.0990264,lstm
2020-09-17 18:45:00,0.2134,0.22647202,lstm
2020-09-17 18:45:00,0.1552,0.15490083,lstm
2020-09-17 18:45:00,0.1002,0.09705809,lstm
2020-09-17 18:45:00,0.054800004,0.054860607,lstm
2020-09-17 19:00:00,0.1552,0.15773386,lstm
2020-09-17 19:00:00,0.1002,0.094494134,lstm
2020-09-17 19:00:00,0.05479999,0.056806773,lstm
2020-09-17 19:00:00,0.022599995,0.02525036,lstm
2020-09-17 19:15:00,0.1002,0.09410929,lstm
2020-09-17 19:15:00,0.054800004,0.048533514,lstm
2020-09-17 19:15:00,0.022599995,0.02621311,lstm
2020-09-17 19:15:00,0.003399998,0.0110645145,lstm
2020-09-17 19:30:00,0.054800004,0.046986565,lstm
2020-09-17 19:30:00,0.022599995,0.019366905,lstm
2020-09-17 19:30:00,0.003399998,0.007031888,lstm
2020-09-17 19:30:00,0.0,0.004739195,lstm
2020-09-17 19:45:00,0.022599995,0.022854686,lstm
2020-09-17 19:45:00,0.003399998,0.0059257,lstm
2020-09-17 19:45:00,0.0,-0.000111952424,lstm
2020-09-17 19:45:00,0.0,0.0018235892,lstm
2020-09-17 20:00:00,0.003399998,0.010942653,lstm
2020-09-17 20:00:00,0.0,0.00011327863,lstm
2020-09-17 20:00:00,0.0,-0.0024602115,lstm
2020-09-17 20:00:00,0.0,0.00067059696,lstm
2020-09-17 20:15:00,0.0,0.0049489886,lstm
2020-09-17 20:15:00,0.0,-0.002315089,lstm
2020-09-17 20:15:00,0.0,-0.002914548,lstm
2020-09-17 20:15:00,0.0,0.00037492812,lstm
2020-09-17 20:30:00,0.0,0.0013398975,lstm
2020-09-17 20:30:00,0.0,-0.0033298433,lstm
2020-09-17 20:30:00,0.0,-0.0029538274,lstm
2020-09-17 20:30:00,0.0,0.00031909347,lstm
2020-09-17 20:45:00,0.0,-0.00054739416,lstm
2020-09-17 20:45:00,0.0,-0.0038081855,lstm
2020-09-17 20:45:00,0.0,-0.002863273,lstm
2020-09-17 20:45:00,0.0,0.00024814904,lstm
2020-09-17 21:00:00,0.0,-0.0015698969,lstm
2020-09-17 21:00:00,0.0,-0.004032105,lstm
2020-09-17 21:00:00,0.0,-0.0027895719,lstm
2020-09-17 21:00:00,0.0,0.00018125772,lstm
2020-09-17 21:15:00,0.0,-0.002125144,lstm
2020-09-17 21:15:00,0.0,-0.004147306,lstm
2020-09-17 21:15:00,0.0,-0.002713412,lstm
2020-09-17 21:15:00,0.0,0.00016464293,lstm
2020-09-17 21:30:00,0.0,-0.0024438798,lstm
2020-09-17 21:30:00,0.0,-0.004212871,lstm
2020-09-17 21:30:00,0.0,-0.0026472658,lstm
2020-09-17 21:30:00,0.0,0.00016999245,lstm
2020-09-17 21:45:00,0.0,-0.002638325,lstm
2020-09-17 21:45:00,0.0,-0.0042940825,lstm
2020-09-17 21:45:00,0.0,-0.002745673,lstm
2020-09-17 21:45:00,0.0,0.00010959804,lstm
2020-09-17 22:00:00,0.0,-0.0027733892,lstm
2020-09-17 22:00:00,0.0,-0.004325524,lstm
2020-09-17 22:00:00,0.0,-0.0027608424,lstm
2020-09-17 22:00:00,0.0,0.00012601912,lstm
2020-09-17 22:15:00,0.0,-0.0028604418,lstm
2020-09-17 22:15:00,0.0,-0.0043415725,lstm
2020-09-17 22:15:00,0.0,-0.002747327,lstm
2020-09-17 22:15:00,0.0,0.00014694035,lstm
2020-09-17 22:30:00,0.0,-0.0029144287,lstm
2020-09-17 22:30:00,0.0,-0.004347965,lstm
2020-09-17 22:30:00,0.0,-0.0027272701,lstm
2020-09-17 22:30:00,0.0,0.00016614795,lstm
2020-09-17 22:45:00,0.0,-0.0029581636,lstm
2020-09-17 22:45:00,0.0,-0.004378438,lstm
2020-09-17 22:45:00,0.0,-0.0028455853,lstm
2020-09-17 22:45:00,0.0,0.00012655556,lstm
2020-09-17 23:00:00,0.0,-0.0029862374,lstm
2020-09-17 23:00:00,0.0,-0.004365906,lstm
2020-09-17 23:00:00,0.0,-0.0028553456,lstm
2020-09-17 23:00:00,0.0,0.00016465783,lstm
2020-09-17 23:15:00,0.0,-0.0030886382,lstm
2020-09-17 23:15:00,0.0,-0.004141599,lstm
2020-09-17 23:15:00,0.0,-0.0027453303,lstm
2020-09-17 23:15:00,0.0,0.0004222989,lstm
2020-09-17 23:30:00,0.0,-0.0029290915,lstm
2020-09-17 23:30:00,0.0,-0.0042034984,lstm
2020-09-17 23:30:00,0.0,-0.0027007312,lstm
2020-09-17 23:30:00,0.0,0.00036878884,lstm
2020-09-17 23:45:00,0.0,-0.0028556287,lstm
2020-09-17 23:45:00,0.0,-0.0042132884,lstm
2020-09-17 23:45:00,0.0,-0.002736494,lstm
2020-09-17 23:45:00,0.0,0.00026771426,lstm
2020-09-18 00:00:00,0.0,-0.0027911067,lstm
2020-09-18 00:00:00,0.0,-0.0041715503,lstm
2020-09-18 00:00:00,0.0,-0.0027079582,lstm
2020-09-18 00:00:00,0.0,0.00026991963,lstm
2020-09-18 00:15:00,0.0,-0.0027462542,lstm
2020-09-18 00:15:00,0.0,-0.0041475743,lstm
2020-09-18 00:15:00,0.0,-0.0026937127,lstm
2020-09-18 00:15:00,0.0,0.00026842952,lstm
2020-09-18 00:30:00,0.0,-0.0027164072,lstm
2020-09-18 00:30:00,0.0,-0.004125774,lstm
2020-09-18 00:30:00,0.0,-0.0026806295,lstm
2020-09-18 00:30:00,0.0,0.00027301908,lstm
2020-09-18 00:45:00,0.0,-0.0027029067,lstm
2020-09-18 00:45:00,0.0,-0.0041184723,lstm
2020-09-18 00:45:00,0.0,-0.0027635545,lstm
2020-09-18 00:45:00,0.0,0.0002373904,lstm
2020-09-18 01:00:00,0.0,-0.002667129,lstm
2020-09-18 01:00:00,0.0,-0.004067406,lstm
2020-09-18 01:00:00,0.0,-0.0027221143,lstm
2020-09-18 01:00:00,0.0,0.00027275085,lstm
2020-09-18 01:15:00,0.0,-0.0026413798,lstm
2020-09-18 01:15:00,0.0,-0.0040341765,lstm
2020-09-18 01:15:00,0.0,-0.002694711,lstm
2020-09-18 01:15:00,0.0,0.0002912283,lstm
2020-09-18 01:30:00,0.0,-0.0026216507,lstm
2020-09-18 01:30:00,0.0,-0.004015848,lstm
2020-09-18 01:30:00,0.0,-0.002674982,lstm
2020-09-18 01:30:00,0.0,0.0003042519,lstm
2020-09-18 01:45:00,0.0,-0.002621293,lstm
2020-09-18 01:45:00,0.0,-0.004004687,lstm
2020-09-18 01:45:00,0.0,-0.0027446598,lstm
2020-09-18 01:45:00,0.0,0.0002566427,lstm
2020-09-18 02:00:00,0.0,-0.0025861114,lstm
2020-09-18 02:00:00,0.0,-0.003944397,lstm
2020-09-18 02:00:00,0.0,-0.0026975125,lstm
2020-09-18 02:00:00,0.0,0.0002848953,lstm
2020-09-18 02:15:00,0.0,-0.0025575757,lstm
2020-09-18 02:15:00,0.0,-0.003910929,lstm
2020-09-18 02:15:00,0.0,-0.002671957,lstm
2020-09-18 02:15:00,0.0,0.00029870868,lstm
2020-09-18 02:30:00,0.0,-0.0025339574,lstm
2020-09-18 02:30:00,0.0,-0.0038926005,lstm
2020-09-18 02:30:00,0.0,-0.0026572496,lstm
2020-09-18 02:30:00,0.0,0.00030364096,lstm
2020-09-18 02:45:00,0.0,-0.0025350153,lstm
2020-09-18 02:45:00,0.0,-0.0038752556,lstm
2020-09-18 02:45:00,0.0,-0.002710402,lstm
2020-09-18 02:45:00,0.0,0.00025431812,lstm
2020-09-18 03:00:00,0.0,-0.0025016367,lstm
2020-09-18 03:00:00,0.0,-0.0038216263,lstm
2020-09-18 03:00:00,0.0,-0.0026614815,lstm
2020-09-18 03:00:00,0.0,0.00027564168,lstm
2020-09-18 03:15:00,0.0,-0.002469167,lstm
2020-09-18 03:15:00,0.0,-0.0037953109,lstm
2020-09-18 03:15:00,0.0,-0.0026483685,lstm
2020-09-18 03:15:00,0.0,0.00027306378,lstm
2020-09-18 03:30:00,0.0,-0.0024472624,lstm
2020-09-18 03:30:00,0.0,-0.0037837476,lstm
2020-09-18 03:30:00,0.0,-0.002643615,lstm
2020-09-18 03:30:00,0.0,0.0002680719,lstm
2020-09-18 03:45:00,0.0,-0.0024512112,lstm
2020-09-18 03:45:00,0.0,-0.0037624985,lstm
2020-09-18 03:45:00,0.0,-0.0026814044,lstm
2020-09-18 03:45:00,0.0,0.00021621585,lstm
2020-09-18 04:00:00,0.0,-0.002418235,lstm
2020-09-18 04:00:00,0.0,-0.003720522,lstm
2020-09-18 04:00:00,0.0,-0.002640009,lstm
2020-09-18 04:00:00,0.0,0.00022742152,lstm
2020-09-18 04:15:00,0.0,-0.0023901016,lstm
2020-09-18 04:15:00,0.0,-0.003704384,lstm
2020-09-18 04:15:00,0.0,-0.0026274174,lstm
2020-09-18 04:15:00,0.0,0.00022174418,lstm
2020-09-18 04:30:00,0.0,-0.0023682266,lstm
2020-09-18 04:30:00,0.0,-0.0036987513,lstm
2020-09-18 04:30:00,0.0,-0.0026324093,lstm
2020-09-18 04:30:00,0.0,0.0002079606,lstm
2020-09-18 04:45:00,0.0,-0.0023917556,lstm
2020-09-18 04:45:00,0.0,-0.0036873072,lstm
2020-09-18 04:45:00,0.0,-0.0026489943,lstm
2020-09-18 04:45:00,0.0,0.00017696619,lstm
2020-09-18 05:00:00,0.0,-0.002381131,lstm
2020-09-18 05:00:00,0.0,-0.0036675185,lstm
2020-09-18 05:00:00,0.0,-0.0026196092,lstm
2020-09-18 05:00:00,0.0,0.00018388033,lstm
2020-09-18 05:15:00,0.0,-0.0023481548,lstm
2020-09-18 05:15:00,0.0,-0.0036597997,lstm
2020-09-18 05:15:00,0.0,-0.0026209652,lstm
2020-09-18 05:15:00,0.0,0.00016726553,lstm
2020-09-18 05:30:00,0.0,-0.002327025,lstm
2020-09-18 05:30:00,0.0,-0.003663972,lstm
2020-09-18 05:30:00,0.0,-0.0026283413,lstm
2020-09-18 05:30:00,0.0,0.00015842915,lstm
2020-09-18 05:45:00,0.0,-0.0023840964,lstm
2020-09-18 05:45:00,0.0,-0.0036694556,lstm
2020-09-18 05:45:00,0.0,-0.0026075542,lstm
2020-09-18 05:45:00,0.0,0.00018075109,lstm
2020-09-18 06:00:00,0.0,-0.002419293,lstm
2020-09-18 06:00:00,0.0,-0.0036983192,lstm
2020-09-18 06:00:00,0.0,-0.0025865138,lstm
2020-09-18 06:00:00,0.0,0.00022013485,lstm
2020-09-18 06:15:00,0.0,-0.0024511218,lstm
2020-09-18 06:15:00,0.0,-0.0037465394,lstm
2020-09-18 06:15:00,0.0,-0.0026064217,lstm
2020-09-18 06:15:00,0.0,0.00026507676,lstm
2020-09-18 06:30:00,0.0,-0.002463609,lstm
2020-09-18 06:30:00,0.0,-0.0037909597,lstm
2020-09-18 06:30:00,0.0,-0.0026498288,lstm
2020-09-18 06:30:00,0.0,0.0002901703,lstm
2020-09-18 06:45:00,0.0,-0.0025684536,lstm
2020-09-18 06:45:00,0.0,-0.0038379878,lstm
2020-09-18 06:45:00,0.0,-0.002588287,lstm
2020-09-18 06:45:00,0.0,0.0004862547,lstm
2020-09-18 07:00:00,0.0,-0.002640292,lstm
2020-09-18 07:00:00,0.0,-0.0039154887,lstm
2020-09-18 07:00:00,0.0,-0.0024901778,lstm
2020-09-18 07:00:00,0.0,0.0008148253,lstm
2020-09-18 07:15:00,0.0,-0.0026663095,lstm
2020-09-18 07:15:00,0.0,-0.003993213,lstm
2020-09-18 07:15:00,0.0,-0.002234146,lstm
2020-09-18 07:15:00,0.0018000007,0.0016128421,lstm
2020-09-18 07:30:00,0.0,-0.002572447,lstm
2020-09-18 07:30:00,0.0,-0.0039355904,lstm
2020-09-18 07:30:00,0.0018000007,-0.001141578,lstm
2020-09-18 07:30:00,0.015200004,0.0043910593,lstm
2020-09-18 07:45:00,0.0,-0.0026159436,lstm
2020-09-18 07:45:00,0.0018000007,-0.003074959,lstm
2020-09-18 07:45:00,0.015200004,0.0026456714,lstm
2020-09-18 07:45:00,0.043799996,0.012678757,lstm
2020-09-18 08:00:00,0.0018000007,-0.0033940673,lstm
2020-09-18 08:00:00,0.015200004,0.0021606833,lstm
2020-09-18 08:00:00,0.043799996,0.015297845,lstm
2020-09-18 08:00:00,0.0874,0.037172884,lstm
2020-09-18 08:15:00,0.015200004,-0.00095812976,lstm
2020-09-18 08:15:00,0.04380001,0.016769126,lstm
2020-09-18 08:15:00,0.0874,0.04059501,lstm
2020-09-18 08:15:00,0.1446,0.077634975,lstm
2020-09-18 08:30:00,0.043799996,0.024168879,lstm
2020-09-18 08:30:00,0.0874,0.057645142,lstm
2020-09-18 08:30:00,0.1446,0.09988949,lstm
2020-09-18 08:30:00,0.2108,0.14996156,lstm
2020-09-18 08:45:00,0.0874,0.07353227,lstm
2020-09-18 08:45:00,0.1446,0.1210535,lstm
2020-09-18 08:45:00,0.2108,0.18007524,lstm
2020-09-18 08:45:00,0.2752,0.23510048,lstm
2020-09-18 09:00:00,0.1446,0.13360189,lstm
2020-09-18 09:00:00,0.2108,0.19053926,lstm
2020-09-18 09:00:00,0.2752,0.25969642,lstm
2020-09-18 09:00:00,0.3382,0.315915,lstm
2020-09-18 09:15:00,0.2108,0.20083582,lstm
2020-09-18 09:15:00,0.2752,0.2595937,lstm
2020-09-18 09:15:00,0.3382,0.32209125,lstm
2020-09-18 09:15:00,0.399,0.38122177,lstm
2020-09-18 09:30:00,0.2752,0.26946974,lstm
2020-09-18 09:30:00,0.3382,0.3249338,lstm
2020-09-18 09:30:00,0.399,0.3738631,lstm
2020-09-18 09:30:00,0.4566,0.43734246,lstm
2020-09-18 09:45:00,0.3382,0.33598328,lstm
2020-09-18 09:45:00,0.399,0.38970253,lstm
2020-09-18 09:45:00,0.4566,0.43205506,lstm
2020-09-18 09:45:00,0.51,0.4943527,lstm
2020-09-18 10:00:00,0.399,0.40084398,lstm
2020-09-18 10:00:00,0.4566,0.45064625,lstm
2020-09-18 10:00:00,0.51,0.49161124,lstm
2020-09-18 10:00:00,0.5594,0.54538965,lstm
2020-09-18 10:15:00,0.4566,0.46468708,lstm
2020-09-18 10:15:00,0.51,0.5076481,lstm
2020-09-18 10:15:00,0.5594,0.546977,lstm
2020-09-18 10:15:00,0.6062,0.58890533,lstm
2020-09-18 10:30:00,0.51,0.51413214,lstm
2020-09-18 10:30:00,0.5594001,0.5509517,lstm
2020-09-18 10:30:00,0.6062,0.58550876,lstm
2020-09-18 10:30:00,0.6478,0.6189169,lstm
2020-09-18 10:45:00,0.5594,0.5712993,lstm
2020-09-18 10:45:00,0.6062,0.602986,lstm
2020-09-18 10:45:00,0.6478,0.6329286,lstm
2020-09-18 10:45:00,0.6814,0.6632316,lstm
2020-09-18 11:00:00,0.6062,0.6222829,lstm
2020-09-18 11:00:00,0.6478,0.6514629,lstm
2020-09-18 11:00:00,0.6814,0.676889,lstm
2020-09-18 11:00:00,0.712,0.70738316,lstm
2020-09-18 11:15:00,0.6478,0.6676765,lstm
2020-09-18 11:15:00,0.68139994,0.6948705,lstm
2020-09-18 11:15:00,0.712,0.71655935,lstm
2020-09-18 11:15:00,0.7404,0.74791014,lstm
2020-09-18 11:30:00,0.6814,0.70555365,lstm
2020-09-18 11:30:00,0.712,0.73092663,lstm
2020-09-18 11:30:00,0.7404,0.75004363,lstm
2020-09-18 11:30:00,0.7692,0.78102493,lstm
2020-09-18 11:45:00,0.712,0.73550576,lstm
2020-09-18 11:45:00,0.74039996,0.7577592,lstm
2020-09-18 11:45:00,0.7692,0.7746706,lstm
2020-09-18 11:45:00,0.7892,0.8033253,lstm
2020-09-18 12:00:00,0.7404,0.75829136,lstm
2020-09-18 12:00:00,0.76919997,0.7766371,lstm
2020-09-18 12:00:00,0.7892,0.7918584,lstm
2020-09-18 12:00:00,0.81,0.81732535,lstm
2020-09-18 12:15:00,0.7692,0.7765869,lstm
2020-09-18 12:15:00,0.78919995,0.7906233,lstm
2020-09-18 12:15:00,0.81,0.804491,lstm
2020-09-18 12:15:00,0.8244,0.8263715,lstm
2020-09-18 12:30:00,0.7892,0.7913049,lstm
2020-09-18 12:30:00,0.80999994,0.80124927,lstm
2020-09-18 12:30:00,0.82439995,0.81403774,lstm
2020-09-18 12:30:00,0.834,0.83284587,lstm
2020-09-18 12:45:00,0.81,0.79863334,lstm
2020-09-18 12:45:00,0.82439995,0.8052783,lstm
2020-09-18 12:45:00,0.834,0.81615096,lstm
2020-09-18 12:45:00,0.837,0.83106285,lstm
2020-09-18 13:00:00,0.8244,0.80512613,lstm
2020-09-18 13:00:00,0.834,0.80875087,lstm
2020-09-18 13:00:00,0.837,0.81854284,lstm
2020-09-18 13:00:00,0.843,0.83118767,lstm
2020-09-18 13:15:00,0.834,0.804848,lstm
2020-09-18 13:15:00,0.837,0.8070742,lstm
2020-09-18 13:15:00,0.843,0.81572586,lstm
2020-09-18 13:15:00,0.8446,0.8259686,lstm
2020-09-18 13:30:00,0.837,0.8035027,lstm
2020-09-18 13:30:00,0.84299994,0.80441487,lstm
2020-09-18 13:30:00,0.8446,0.81221443,lstm
2020-09-18 13:30:00,0.8402,0.82121706,lstm
2020-09-18 13:45:00,0.843,0.8030019,lstm
2020-09-18 13:45:00,0.84459996,0.8030828,lstm
2020-09-18 13:45:00,0.8402,0.8098479,lstm
2020-09-18 13:45:00,0.835,0.817098,lstm
2020-09-18 14:00:00,0.8446,0.8030933,lstm
2020-09-18 14:00:00,0.84020007,0.8016794,lstm
2020-09-18 14:00:00,0.835,0.80754834,lstm
2020-09-18 14:00:00,0.8228,0.8142844,lstm
2020-09-18 14:15:00,0.8402,0.7984267,lstm
2020-09-18 14:15:00,0.83500004,0.7959188,lstm
2020-09-18 14:15:00,0.8228,0.80025214,lstm
2020-09-18 14:15:00,0.8082,0.8048335,lstm
2020-09-18 14:30:00,0.835,0.7896202,lstm
2020-09-18 14:30:00,0.8227999,0.78518224,lstm
2020-09-18 14:30:00,0.8082,0.7859947,lstm
2020-09-18 14:30:00,0.79640007,0.7873713,lstm
2020-09-18 14:45:00,0.8228,0.777591,lstm
2020-09-18 14:45:00,0.8082,0.76897347,lstm
2020-09-18 14:45:00,0.7964,0.7642276,lstm
2020-09-18 14:45:00,0.7774,0.7612755,lstm
2020-09-18 15:00:00,0.8082,0.75314003,lstm
2020-09-18 15:00:00,0.79639995,0.7383257,lstm
2020-09-18 15:00:00,0.7774,0.7276694,lstm
2020-09-18 15:00:00,0.7534,0.7178519,lstm
2020-09-18 15:15:00,0.7964,0.72606885,lstm
2020-09-18 15:15:00,0.7774,0.7010571,lstm
2020-09-18 15:15:00,0.7534,0.6851586,lstm
2020-09-18 15:15:00,0.7372,0.67044437,lstm
2020-09-18 15:30:00,0.77739996,0.70339006,lstm
2020-09-18 15:30:00,0.75339997,0.6679007,lstm
2020-09-18 15:30:00,0.7372,0.64659625,lstm
2020-09-18 15:30:00,0.706,0.62942827,lstm
2020-09-18 15:45:00,0.7534,0.67637455,lstm
2020-09-18 15:45:00,0.7372,0.6348536,lstm
2020-09-18 15:45:00,0.706,0.6066458,lstm
2020-09-18 15:45:00,0.6796,0.5853468,lstm
2020-09-18 16:00:00,0.7372,0.6495447,lstm
2020-09-18 16:00:00,0.706,0.60440254,lstm
2020-09-18 16:00:00,0.6796,0.5690091,lstm
2020-09-18 16:00:00,0.642,0.54300904,lstm
2020-09-18 16:15:00,0.706,0.6326518,lstm
2020-09-18 16:15:00,0.6796,0.58241224,lstm
2020-09-18 16:15:00,0.64199996,0.54177195,lstm
2020-09-18 16:15:00,0.6028,0.512122,lstm
2020-09-18 16:30:00,0.6796,0.5991515,lstm
2020-09-18 16:30:00,0.642,0.548887,lstm
2020-09-18 16:30:00,0.6028,0.5065415,lstm
2020-09-18 16:30:00,0.5624,0.4745732,lstm
2020-09-18 16:45:00,0.642,0.5758426,lstm
2020-09-18 16:45:00,0.6028,0.5201553,lstm
2020-09-18 16:45:00,0.5624,0.4760576,lstm
2020-09-18 16:45:00,0.5138,0.4422477,lstm
2020-09-18 17:00:00,0.6028,0.5470739,lstm
2020-09-18 17:00:00,0.5624,0.48824647,lstm
2020-09-18 17:00:00,0.5138,0.4396789,lstm
2020-09-18 17:00:00,0.46360004,0.40330762,lstm
2020-09-18 17:15:00,0.5624,0.526474,lstm
2020-09-18 17:15:00,0.5138,0.46179226,lstm
2020-09-18 17:15:00,0.46360004,0.4059708,lstm
2020-09-18 17:15:00,0.4084,0.36701617,lstm
2020-09-18 17:30:00,0.5138,0.5077909,lstm
2020-09-18 17:30:00,0.4636,0.4370611,lstm
2020-09-18 17:30:00,0.4084,0.37510931,lstm
2020-09-18 17:30:00,0.351,0.3348655,lstm
2020-09-18 17:45:00,0.4636,0.48146805,lstm
2020-09-18 17:45:00,0.4084,0.4068061,lstm
2020-09-18 17:45:00,0.351,0.3411348,lstm
2020-09-18 17:45:00,0.2906,0.29754668,lstm
2020-09-18 18:00:00,0.4084,0.44995818,lstm
2020-09-18 18:00:00,0.351,0.37455422,lstm
2020-09-18 18:00:00,0.2906,0.3039785,lstm
2020-09-18 18:00:00,0.2276,0.25451308,lstm
2020-09-18 18:15:00,0.351,0.4096222,lstm
2020-09-18 18:15:00,0.2906,0.33538958,lstm
2020-09-18 18:15:00,0.2276,0.26006943,lstm
2020-09-18 18:15:00,0.1656,0.2034936,lstm
2020-09-18 18:30:00,0.2906,0.32611138,lstm
2020-09-18 18:30:00,0.2276,0.25963223,lstm
2020-09-18 18:30:00,0.1656,0.1865158,lstm
2020-09-18 18:30:00,0.1068,0.1312126,lstm
2020-09-18 18:45:00,0.2276,0.24572499,lstm
2020-09-18 18:45:00,0.1656,0.18187135,lstm
2020-09-18 18:45:00,0.1068,0.120807394,lstm
2020-09-18 18:45:00,0.0572,0.0755331,lstm
2020-09-18 19:00:00,0.1656,0.17342491,lstm
2020-09-18 19:00:00,0.1068,0.11228831,lstm
2020-09-18 19:00:00,0.0572,0.07208024,lstm
2020-09-18 19:00:00,0.019799992,0.035778254,lstm
2020-09-18 19:15:00,0.1068,0.11086548,lstm
2020-09-18 19:15:00,0.0572,0.06093958,lstm
2020-09-18 19:15:00,0.019799992,0.037798792,lstm
2020-09-18 19:15:00,0.0013999939,0.014950335,lstm
2020-09-18 19:30:00,0.0572,0.05855669,lstm
2020-09-18 19:30:00,0.019800007,0.026984408,lstm
2020-09-18 19:30:00,0.0013999939,0.013174251,lstm
2020-09-18 19:30:00,0.0,0.006736368,lstm
2020-09-18 19:45:00,0.019800007,0.02830851,lstm
2020-09-18 19:45:00,0.0013999939,0.009280235,lstm
2020-09-18 19:45:00,0.0,0.0018714368,lstm
2020-09-18 19:45:00,0.0,0.0027472079,lstm
2020-09-18 20:00:00,0.0013999939,0.013438508,lstm
2020-09-18 20:00:00,0.0,0.0014110655,lstm
2020-09-18 20:00:00,0.0,-0.0021945238,lstm
2020-09-18 20:00:00,0.0,0.0009442717,lstm
2020-09-18 20:15:00,0.0,0.005471304,lstm
2020-09-18 20:15:00,0.0,-0.0018725842,lstm
2020-09-18 20:15:00,0.0,-0.0033736974,lstm
2020-09-18 20:15:00,0.0,0.000408262,lstm
2020-09-18 20:30:00,0.0,0.0016907156,lstm
2020-09-18 20:30:00,0.0,-0.003068015,lstm
2020-09-18 20:30:00,0.0,-0.003118962,lstm
2020-09-18 20:30:00,0.0,0.000518322,lstm
2020-09-18 20:45:00,0.0,-0.00040066242,lstm
2020-09-18 20:45:00,0.0,-0.0036901385,lstm
2020-09-18 20:45:00,0.0,-0.00308232,lstm
2020-09-18 20:45:00,0.0,0.00036269426,lstm
2020-09-18 21:00:00,0.0,-0.0014792979,lstm
2020-09-18 21:00:00,0.0,-0.0039829463,lstm
2020-09-18 21:00:00,0.0,-0.0030590147,lstm
2020-09-18 21:00:00,0.0,0.00026755035,lstm
2020-09-18 21:15:00,0.0,-0.002054885,lstm
2020-09-18 21:15:00,0.0,-0.004139796,lstm
2020-09-18 21:15:00,0.0,-0.0030052215,lstm
2020-09-18 21:15:00,0.0,0.00023497641,lstm
2020-09-18 21:30:00,0.0,-0.0023711473,lstm
2020-09-18 21:30:00,0.0,-0.0042239875,lstm
2020-09-18 21:30:00,0.0,-0.0029413402,lstm
2020-09-18 21:30:00,0.0,0.00022752583,lstm
2020-09-18 21:45:00,0.0,-0.002552703,lstm
2020-09-18 21:45:00,0.0,-0.0043155104,lstm
2020-09-18 21:45:00,0.0,-0.003030926,lstm
2020-09-18 21:45:00,0.0,0.00015428662,lstm
2020-09-18 22:00:00,0.0,-0.0026790798,lstm
2020-09-18 22:00:00,0.0,-0.0043541044,lstm
2020-09-18 22:00:00,0.0,-0.0030432492,lstm
2020-09-18 22:00:00,0.0,0.00015495718,lstm
2020-09-18 22:15:00,0.0,-0.0027585477,lstm
2020-09-18 22:15:00,0.0,-0.004370719,lstm
2020-09-18 22:15:00,0.0,-0.0030204207,lstm
2020-09-18 22:15:00,0.0,0.00016623735,lstm
2020-09-18 22:30:00,0.0,-0.0028214455,lstm
2020-09-18 22:30:00,0.0,-0.0043844134,lstm
2020-09-18 22:30:00,0.0,-0.0029909015,lstm
2020-09-18 22:30:00,0.0,0.0001809895,lstm
2020-09-18 22:45:00,0.0,-0.0028572679,lstm
2020-09-18 22:45:00,0.0,-0.0044162273,lstm
2020-09-18 22:45:00,0.0,-0.0030975193,lstm
2020-09-18 22:45:00,0.0,0.00013762712,lstm
2020-09-18 23:00:00,0.0,-0.0028850585,lstm
2020-09-18 23:00:00,0.0,-0.004409209,lstm
2020-09-18 23:00:00,0.0,-0.003102243,lstm
2020-09-18 23:00:00,0.0,0.00016774237,lstm
2020-09-18 23:15:00,0.0,-0.0028939545,lstm
2020-09-18 23:15:00,0.0,-0.004399851,lstm
2020-09-18 23:15:00,0.0,-0.0030893236,lstm
2020-09-18 23:15:00,0.0,0.00019493699,lstm
2020-09-18 23:30:00,0.0,-0.0029085428,lstm
2020-09-18 23:30:00,0.0,-0.004395753,lstm
2020-09-18 23:30:00,0.0,-0.0030792356,lstm
2020-09-18 23:30:00,0.0,0.00020986795,lstm
2020-09-18 23:45:00,0.0,-0.0029147416,lstm
2020-09-18 23:45:00,0.0,-0.004394591,lstm
2020-09-18 23:45:00,0.0,-0.0031747967,lstm
2020-09-18 23:45:00,0.0,0.00018140674,lstm
2020-09-19 00:00:00,0.0,-0.0029117465,lstm
2020-09-19 00:00:00,0.0,-0.004364714,lstm
2020-09-19 00:00:00,0.0,-0.0031711608,lstm
2020-09-19 00:00:00,0.0,0.00021614134,lstm
2020-09-19 00:15:00,0.0,-0.002907768,lstm
2020-09-19 00:15:00,0.0,-0.004338637,lstm
2020-09-19 00:15:00,0.0,-0.0031421483,lstm
2020-09-19 00:15:00,0.0,0.0002503693,lstm
2020-09-19 00:30:00,0.0,-0.0029095262,lstm
2020-09-19 00:30:00,0.0,-0.0043188035,lstm
2020-09-19 00:30:00,0.0,-0.0031183958,lstm
2020-09-19 00:30:00,0.0,0.00026871264,lstm
2020-09-19 00:45:00,0.0,-0.0029131323,lstm
2020-09-19 00:45:00,0.0,-0.0043097734,lstm
2020-09-19 00:45:00,0.0,-0.0032016337,lstm
2020-09-19 00:45:00,0.0,0.00023376942,lstm
2020-09-19 01:00:00,0.0,-0.0030053556,lstm
2020-09-19 01:00:00,0.0,-0.0040504634,lstm
2020-09-19 01:00:00,0.0,-0.0030150414,lstm
2020-09-19 01:00:00,0.0,0.0005052835,lstm
2020-09-19 01:15:00,0.0,-0.0028280467,lstm
2020-09-19 01:15:00,0.0,-0.0040814728,lstm
2020-09-19 01:15:00,0.0,-0.002920553,lstm
2020-09-19 01:15:00,0.0,0.00046375394,lstm
2020-09-19 01:30:00,0.0,-0.002746448,lstm
2020-09-19 01:30:00,0.0,-0.0040639937,lstm
2020-09-19 01:30:00,0.0,-0.002822265,lstm
2020-09-19 01:30:00,0.0,0.00039596856,lstm
2020-09-19 01:45:00,0.0,-0.002693072,lstm
2020-09-19 01:45:00,0.0,-0.004043445,lstm
2020-09-19 01:45:00,0.0,-0.0028652847,lstm
2020-09-19 01:45:00,0.0,0.00031028688,lstm
2020-09-19 02:00:00,0.0,-0.0026244223,lstm
2020-09-19 02:00:00,0.0,-0.0039840937,lstm
2020-09-19 02:00:00,0.0,-0.0028099269,lstm
2020-09-19 02:00:00,0.0,0.00031645596,lstm
2020-09-19 02:15:00,0.0,-0.002575025,lstm
2020-09-19 02:15:00,0.0,-0.0039313585,lstm
2020-09-19 02:15:00,0.0,-0.0027835816,lstm
2020-09-19 02:15:00,0.0,0.00031772256,lstm
2020-09-19 02:30:00,0.0,-0.0025312454,lstm
2020-09-19 02:30:00,0.0,-0.003891945,lstm
2020-09-19 02:30:00,0.0,-0.0027657747,lstm
2020-09-19 02:30:00,0.0,0.00033310056,lstm
2020-09-19 02:45:00,0.0,-0.002511397,lstm
2020-09-19 02:45:00,0.0,-0.003845051,lstm
2020-09-19 02:45:00,0.0,-0.002802536,lstm
2020-09-19 02:45:00,0.0,0.00030095875,lstm
2020-09-19 03:00:00,0.0,-0.0024539977,lstm
2020-09-19 03:00:00,0.0,-0.0037664324,lstm
2020-09-19 03:00:00,0.0,-0.0027328283,lstm
2020-09-19 03:00:00,0.0,0.00034035742,lstm
2020-09-19 03:15:00,0.0,-0.0024081916,lstm
2020-09-19 03:15:00,0.0,-0.003730312,lstm
2020-09-19 03:15:00,0.0,-0.002706647,lstm
2020-09-19 03:15:00,0.0,0.00035101175,lstm
2020-09-19 03:30:00,0.0,-0.0023789853,lstm
2020-09-19 03:30:00,0.0,-0.0037051886,lstm
2020-09-19 03:30:00,0.0,-0.0026927888,lstm
2020-09-19 03:30:00,0.0,0.0003529042,lstm
2020-09-19 03:45:00,0.0,-0.0023659766,lstm
2020-09-19 03:45:00,0.0,-0.0036592484,lstm
2020-09-19 03:45:00,0.0,-0.0027206987,lstm
2020-09-19 03:45:00,0.0,0.0003130734,lstm
2020-09-19 04:00:00,0.0,-0.00231193,lstm
2020-09-19 04:00:00,0.0,-0.0035863072,lstm
2020-09-19 04:00:00,0.0,-0.0026559234,lstm
2020-09-19 04:00:00,0.0,0.00034318864,lstm
2020-09-19 04:15:00,0.0,-0.0022620857,lstm
2020-09-19 04:15:00,0.0,-0.0035407096,lstm
2020-09-19 04:15:00,0.0,-0.0026229918,lstm
2020-09-19 04:15:00,0.0,0.00035136938,lstm
2020-09-19 04:30:00,0.0,-0.0022299439,lstm
2020-09-19 04:30:00,0.0,-0.0035132766,lstm
2020-09-19 04:30:00,0.0,-0.002600506,lstm
2020-09-19 04:30:00,0.0,0.00035625696,lstm
2020-09-19 04:45:00,0.0,-0.0022295266,lstm
2020-09-19 04:45:00,0.0,-0.0034720898,lstm
2020-09-19 04:45:00,0.0,-0.0025968552,lstm
2020-09-19 04:45:00,0.0,0.00033304095,lstm
2020-09-19 05:00:00,0.0,-0.0021969676,lstm
2020-09-19 05:00:00,0.0,-0.0034248978,lstm
2020-09-19 05:00:00,0.0,-0.0025390387,lstm
2020-09-19 05:00:00,0.0,0.00035621226,lstm
2020-09-19 05:15:00,0.0,-0.0021617264,lstm
2020-09-19 05:15:00,0.0,-0.003404349,lstm
2020-09-19 05:15:00,0.0,-0.0025255084,lstm
2020-09-19 05:15:00,0.0,0.0003580749,lstm
2020-09-19 05:30:00,0.0,-0.002122879,lstm
2020-09-19 05:30:00,0.0,-0.003394395,lstm
2020-09-19 05:30:00,0.0,-0.0025366545,lstm
2020-09-19 05:30:00,0.0,0.0003503263,lstm
2020-09-19 05:45:00,0.0,-0.0021710545,lstm
2020-09-19 05:45:00,0.0,-0.003376469,lstm
2020-09-19 05:45:00,0.0,-0.0025115013,lstm
2020-09-19 05:45:00,0.0,0.00037494302,lstm
2020-09-19 06:00:00,0.0,-0.0021886379,lstm
2020-09-19 06:00:00,0.0,-0.0033837408,lstm
2020-09-19 06:00:00,0.0,-0.002479151,lstm
2020-09-19 06:00:00,0.0,0.00042301416,lstm
2020-09-19 06:15:00,0.0,-0.0021910667,lstm
2020-09-19 06:15:00,0.0,-0.0034035742,lstm
2020-09-19 06:15:00,0.0,-0.002488032,lstm
2020-09-19 06:15:00,0.0,0.0004492551,lstm
2020-09-19 06:30:00,0.0,-0.0021962374,lstm
2020-09-19 06:30:00,0.0,-0.0034369826,lstm
2020-09-19 06:30:00,0.0,-0.0025078654,lstm
2020-09-19 06:30:00,0.0,0.00048971176,lstm
2020-09-19 06:45:00,0.0,-0.0022721142,lstm
2020-09-19 06:45:00,0.0,-0.0034594238,lstm
2020-09-19 06:45:00,0.0,-0.0024467558,lstm
2020-09-19 06:45:00,0.0,0.0006494075,lstm
2020-09-19 07:00:00,0.0,-0.0023175776,lstm
2020-09-19 07:00:00,0.0,-0.003538102,lstm
2020-09-19 07:00:00,0.0,-0.0023479313,lstm
2020-09-19 07:00:00,0.0,0.0009913146,lstm
2020-09-19 07:15:00,0.0,-0.0023183227,lstm
2020-09-19 07:15:00,0.0,-0.0036630929,lstm
2020-09-19 07:15:00,0.0,-0.0020675808,lstm
2020-09-19 07:15:00,0.003000006,0.0019246638,lstm
2020-09-19 07:30:00,0.0,-0.0021795481,lstm
2020-09-19 07:30:00,0.0,-0.003713742,lstm
2020-09-19 07:30:00,0.003000006,-0.0006971657,lstm
2020-09-19 07:30:00,0.015200004,0.0055948943,lstm
2020-09-19 07:45:00,0.0,-0.0024932027,lstm
2020-09-19 07:45:00,0.003000006,-0.0028534979,lstm
2020-09-19 07:45:00,0.015200004,0.0035998374,lstm
2020-09-19 07:45:00,0.0119999945,0.015390128,lstm
2020-09-19 08:00:00,0.003000006,-0.0037200898,lstm
2020-09-19 08:00:00,0.015200004,0.0020640492,lstm
2020-09-19 08:00:00,0.0119999945,0.01533483,lstm
2020-09-19 08:00:00,0.030599996,0.038785398,lstm
2020-09-19 08:15:00,0.015200004,-0.0014609098,lstm
2020-09-19 08:15:00,0.0119999945,0.014689386,lstm
2020-09-19 08:15:00,0.030599996,0.03677441,lstm
2020-09-19 08:15:00,0.0742,0.073117055,lstm
2020-09-19 08:30:00,0.01199998,0.020838708,lstm
2020-09-19 08:30:00,0.030599996,0.05127476,lstm
2020-09-19 08:30:00,0.0742,0.08951124,lstm
2020-09-19 08:30:00,0.1346,0.13792504,lstm
2020-09-19 08:45:00,0.030599996,0.02415882,lstm
2020-09-19 08:45:00,0.0742,0.062188104,lstm
2020-09-19 08:45:00,0.1346,0.10668044,lstm
2020-09-19 08:45:00,0.2364,0.1599656,lstm
2020-09-19 09:00:00,0.0742,0.05437553,lstm
2020-09-19 09:00:00,0.1346,0.0999615,lstm
2020-09-19 09:00:00,0.2364,0.15180102,lstm
2020-09-19 09:00:00,0.3234,0.20534088,lstm
2020-09-19 09:15:00,0.1346,0.1216494,lstm
2020-09-19 09:15:00,0.2364,0.17706683,lstm
2020-09-19 09:15:00,0.3234,0.23728651,lstm
2020-09-19 09:15:00,0.3652,0.2895316,lstm
2020-09-19 09:30:00,0.2364,0.17986543,lstm
2020-09-19 09:30:00,0.3234,0.23666354,lstm
2020-09-19 09:30:00,0.3652,0.29353315,lstm
2020-09-19 09:30:00,0.4286,0.34944504,lstm
2020-09-19 09:45:00,0.3234,0.27251238,lstm
2020-09-19 09:45:00,0.3652,0.32206,lstm
2020-09-19 09:45:00,0.4286,0.3682056,lstm
2020-09-19 09:45:00,0.5102,0.43159944,lstm
2020-09-19 10:00:00,0.3652,0.3489573,lstm
2020-09-19 10:00:00,0.4286,0.39542767,lstm
2020-09-19 10:00:00,0.5102,0.43594962,lstm
2020-09-19 10:00:00,0.5584,0.49855065,lstm
2020-09-19 10:15:00,0.4286,0.3808949,lstm
2020-09-19 10:15:00,0.5102,0.4283064,lstm
2020-09-19 10:15:00,0.5584,0.46622783,lstm
2020-09-19 10:15:00,0.577,0.5183094,lstm
2020-09-19 10:30:00,0.5102,0.46822605,lstm
2020-09-19 10:30:00,0.5584,0.508631,lstm
2020-09-19 10:30:00,0.577,0.545872,lstm
2020-09-19 10:30:00,0.5426,0.5878201,lstm
2020-09-19 10:45:00,0.5584,0.5514767,lstm
2020-09-19 10:45:00,0.577,0.584236,lstm
2020-09-19 10:45:00,0.5426,0.6165592,lstm
2020-09-19 10:45:00,0.459,0.6523046,lstm
2020-09-19 11:00:00,0.577,0.6034031,lstm
2020-09-19 11:00:00,0.5426,0.634917,lstm
2020-09-19 11:00:00,0.459,0.6610846,lstm
2020-09-19 11:00:00,0.40779996,0.6933864,lstm
2020-09-19 11:15:00,0.5426,0.63488925,lstm
2020-09-19 11:15:00,0.459,0.66539323,lstm
2020-09-19 11:15:00,0.4078,0.68599355,lstm
2020-09-19 11:15:00,0.4062,0.71450734,lstm
2020-09-19 11:30:00,0.459,0.60336685,lstm
2020-09-19 11:30:00,0.4078,0.62741363,lstm
2020-09-19 11:30:00,0.4062,0.64037764,lstm
2020-09-19 11:30:00,0.4028,0.65504223,lstm
2020-09-19 11:45:00,0.4078,0.4811687,lstm
2020-09-19 11:45:00,0.4062,0.4985529,lstm
2020-09-19 11:45:00,0.4028,0.5013481,lstm
2020-09-19 11:45:00,0.4032,0.50551254,lstm
2020-09-19 12:00:00,0.4062,0.3883146,lstm
2020-09-19 12:00:00,0.4028,0.40349498,lstm
2020-09-19 12:00:00,0.4032,0.40748948,lstm
2020-09-19 12:00:00,0.3962,0.4141588,lstm
2020-09-19 12:15:00,0.4028,0.3762862,lstm
2020-09-19 12:15:00,0.4032,0.3903879,lstm
2020-09-19 12:15:00,0.3962,0.40061605,lstm
2020-09-19 12:15:00,0.3942,0.41006342,lstm
2020-09-19 12:30:00,0.4032,0.34617308,lstm
2020-09-19 12:30:00,0.3962,0.36205295,lstm
2020-09-19 12:30:00,0.3942,0.36690465,lstm
2020-09-19 12:30:00,0.3914,0.37565416,lstm
2020-09-19 12:45:00,0.3962,0.33769345,lstm
2020-09-19 12:45:00,0.3942,0.35672218,lstm
2020-09-19 12:45:00,0.3914,0.35691446,lstm
2020-09-19 12:45:00,0.3908,0.36257666,lstm
2020-09-19 13:00:00,0.3942,0.3119701,lstm
2020-09-19 13:00:00,0.3914,0.32563192,lstm
2020-09-19 13:00:00,0.3908,0.3222,lstm
2020-09-19 13:00:00,0.3918,0.32531935,lstm
2020-09-19 13:15:00,0.3914,0.29846054,lstm
2020-09-19 13:15:00,0.3908,0.3059429,lstm
2020-09-19 13:15:00,0.3918,0.30066344,lstm
2020-09-19 13:15:00,0.3962,0.30040368,lstm
2020-09-19 13:30:00,0.3908,0.28541392,lstm
2020-09-19 13:30:00,0.3918,0.2880413,lstm
2020-09-19 13:30:00,0.3962,0.28139418,lstm
2020-09-19 13:30:00,0.4002,0.28040627,lstm
2020-09-19 13:45:00,0.3918,0.2919047,lstm
2020-09-19 13:45:00,0.3962,0.2881015,lstm
2020-09-19 13:45:00,0.4002,0.2800961,lstm
2020-09-19 13:45:00,0.4046,0.2790416,lstm
2020-09-19 14:00:00,0.3962,0.30639794,lstm
2020-09-19 14:00:00,0.4002,0.29349968,lstm
2020-09-19 14:00:00,0.40459996,0.28382975,lstm
2020-09-19 14:00:00,0.4096,0.2832845,lstm
2020-09-19 14:15:00,0.4002,0.31790012,lstm
2020-09-19 14:15:00,0.4046,0.29829147,lstm
2020-09-19 14:15:00,0.40959996,0.2887017,lstm
2020-09-19 14:15:00,0.4142,0.28833723,lstm
2020-09-19 14:30:00,0.4046,0.32101017,lstm
2020-09-19 14:30:00,0.4096,0.2984335,lstm
2020-09-19 14:30:00,0.4142,0.2903502,lstm
2020-09-19 14:30:00,0.4186,0.29210022,lstm
2020-09-19 14:45:00,0.4096,0.31601653,lstm
2020-09-19 14:45:00,0.4142,0.29193246,lstm
2020-09-19 14:45:00,0.4186,0.28766134,lstm
2020-09-19 14:45:00,0.441,0.29162169,lstm
2020-09-19 15:00:00,0.4142,0.31546044,lstm
2020-09-19 15:00:00,0.41860002,0.2919972,lstm
2020-09-19 15:00:00,0.441,0.29138666,lstm
2020-09-19 15:00:00,0.45700002,0.29765594,lstm
2020-09-19 15:15:00,0.4186,0.33953837,lstm
2020-09-19 15:15:00,0.44100004,0.31943727,lstm
2020-09-19 15:15:00,0.45700002,0.3194859,lstm
2020-09-19 15:15:00,0.4554,0.32951087,lstm
2020-09-19 15:30:00,0.441,0.39933988,lstm
2020-09-19 15:30:00,0.457,0.39446783,lstm
2020-09-19 15:30:00,0.4554,0.39277232,lstm
2020-09-19 15:30:00,0.4616,0.41330642,lstm
2020-09-19 15:45:00,0.457,0.5137878,lstm
2020-09-19 15:45:00,0.4554,0.5156368,lstm
2020-09-19 15:45:00,0.4616,0.51527166,lstm
2020-09-19 15:45:00,0.3478,0.535952,lstm
2020-09-19 16:00:00,0.4554,0.56086785,lstm
2020-09-19 16:00:00,0.4616,0.5490898,lstm
2020-09-19 16:00:00,0.3478,0.5532754,lstm
2020-09-19 16:00:00,0.2762,0.56471217,lstm
2020-09-19 16:15:00,0.4616,0.5615282,lstm
2020-09-19 16:15:00,0.3478,0.54191124,lstm
2020-09-19 16:15:00,0.2762,0.54191446,lstm
2020-09-19 16:15:00,0.219,0.5451576,lstm
2020-09-19 16:30:00,0.3478,0.56557465,lstm
2020-09-19 16:30:00,0.2762,0.53727955,lstm
2020-09-19 16:30:00,0.219,0.5314192,lstm
2020-09-19 16:30:00,0.3548,0.52904004,lstm
2020-09-19 16:45:00,0.2762,0.49496928,lstm
2020-09-19 16:45:00,0.219,0.48589948,lstm
2020-09-19 16:45:00,0.3548,0.46238536,lstm
2020-09-19 16:45:00,0.4172,0.42871934,lstm
2020-09-19 17:00:00,0.219,0.42108136,lstm
2020-09-19 17:00:00,0.3548,0.4062894,lstm
2020-09-19 17:00:00,0.4172,0.36760357,lstm
2020-09-19 17:00:00,0.4264,0.3209197,lstm
2020-09-19 17:15:00,0.3548,0.34156305,lstm
2020-09-19 17:15:00,0.4172,0.32208943,lstm
2020-09-19 17:15:00,0.4264,0.27938023,lstm
2020-09-19 17:15:00,0.392,0.23539089,lstm
2020-09-19 17:30:00,0.4172,0.36549568,lstm
2020-09-19 17:30:00,0.4264,0.30630246,lstm
2020-09-19 17:30:00,0.392,0.24902089,lstm
2020-09-19 17:30:00,0.338,0.20782493,lstm
2020-09-19 17:45:00,0.4264,0.34343767,lstm
2020-09-19 17:45:00,0.392,0.2790209,lstm
2020-09-19 17:45:00,0.338,0.22152187,lstm
2020-09-19 17:45:00,0.2778,0.17628823,lstm
2020-09-19 18:00:00,0.392,0.30540416,lstm
2020-09-19 18:00:00,0.338,0.2404418,lstm
2020-09-19 18:00:00,0.2778,0.1839852,lstm
2020-09-19 18:00:00,0.2144,0.13489048,lstm
2020-09-19 18:15:00,0.338,0.2653851,lstm
2020-09-19 18:15:00,0.2778,0.19727716,lstm
2020-09-19 18:15:00,0.2144,0.1374737,lstm
2020-09-19 18:15:00,0.1532,0.08918144,lstm
2020-09-19 18:30:00,0.2778,0.2198174,lstm
2020-09-19 18:30:00,0.2144,0.14877631,lstm
2020-09-19 18:30:00,0.1532,0.090812206,lstm
2020-09-19 18:30:00,0.0968,0.04851912,lstm
2020-09-19 18:45:00,0.2144,0.16835167,lstm
2020-09-19 18:45:00,0.1532,0.09971247,lstm
2020-09-19 18:45:00,0.0968,0.05468069,lstm
2020-09-19 18:45:00,0.048600003,0.020340323,lstm
2020-09-19 19:00:00,0.1532,0.10752871,lstm
2020-09-19 19:00:00,0.0968,0.05331239,lstm
2020-09-19 19:00:00,0.048600003,0.024627268,lstm
2020-09-19 19:00:00,0.009599999,0.0053832084,lstm
2020-09-19 19:15:00,0.0968,0.054669693,lstm
2020-09-19 19:15:00,0.048600018,0.020836309,lstm
2020-09-19 19:15:00,0.009599999,0.004398182,lstm
2020-09-19 19:15:00,0.00020000339,0.00024071336,lstm
2020-09-19 19:30:00,0.04859999,0.024571732,lstm
2020-09-19 19:30:00,0.009599984,0.004822612,lstm
2020-09-19 19:30:00,0.00020000339,-0.003239587,lstm
2020-09-19 19:30:00,0.0,-0.001673311,lstm
2020-09-19 19:45:00,0.0096000135,0.010686681,lstm
2020-09-19 19:45:00,0.00020000339,-0.0012977421,lstm
2020-09-19 19:45:00,0.0,-0.0048919767,lstm
2020-09-19 19:45:00,0.0,-0.0018865764,lstm
2020-09-19 20:00:00,0.00020000339,0.0041290224,lstm
2020-09-19 20:00:00,0.0,-0.0034982562,lstm
2020-09-19 20:00:00,0.0,-0.0048262924,lstm
2020-09-19 20:00:00,0.0,-0.001500234,lstm
2020-09-19 20:15:00,0.0,0.00093744695,lstm
2020-09-19 20:15:00,0.0,-0.0037145466,lstm
2020-09-19 20:15:00,0.0,-0.003630653,lstm
2020-09-19 20:15:00,0.0,-0.0005696714,lstm
2020-09-19 20:30:00,0.0,-0.0007510185,lstm
2020-09-19 20:30:00,0.0,-0.003850013,lstm
2020-09-19 20:30:00,0.0,-0.0028830767,lstm
2020-09-19 20:30:00,0.0,-0.00012290478,lstm
2020-09-19 20:45:00,0.0,-0.0015304983,lstm
2020-09-19 20:45:00,0.0,-0.0039652735,lstm
2020-09-19 20:45:00,0.0,-0.0026630014,lstm
2020-09-19 20:45:00,0.0,-6.252527e-05,lstm
2020-09-19 21:00:00,0.0,-0.0019488037,lstm
2020-09-19 21:00:00,0.0,-0.004024014,lstm
2020-09-19 21:00:00,0.0,-0.0025541335,lstm
2020-09-19 21:00:00,0.0,-1.0877848e-06,lstm
2020-09-19 21:15:00,0.0,-0.0021707565,lstm
2020-09-19 21:15:00,0.0,-0.004038736,lstm
2020-09-19 21:15:00,0.0,-0.0024714768,lstm
2020-09-19 21:15:00,0.0,6.493926e-05,lstm
2020-09-19 21:30:00,0.0,-0.0023323894,lstm
2020-09-19 21:30:00,0.0,-0.0040596575,lstm
2020-09-19 21:30:00,0.0,-0.002402246,lstm
2020-09-19 21:30:00,0.0,0.000120192766,lstm
2020-09-19 21:45:00,0.0,-0.0024594963,lstm
2020-09-19 21:45:00,0.0,-0.0041293204,lstm
2020-09-19 21:45:00,0.0,-0.0024768263,lstm
2020-09-19 21:45:00,0.0,0.0001258254,lstm
2020-09-19 22:00:00,0.0,-0.0025455654,lstm
2020-09-19 22:00:00,0.0,-0.0041332245,lstm
2020-09-19 22:00:00,0.0,-0.002455622,lstm
2020-09-19 22:00:00,0.0,0.00018876791,lstm
2020-09-19 22:15:00,0.0,-0.0025903136,lstm
2020-09-19 22:15:00,0.0,-0.0041195005,lstm
2020-09-19 22:15:00,0.0,-0.0024252385,lstm
2020-09-19 22:15:00,0.0,0.00023785233,lstm
2020-09-19 22:30:00,0.0,-0.00261347,lstm
2020-09-19 22:30:00,0.0,-0.0041048974,lstm
2020-09-19 22:30:00,0.0,-0.002398938,lstm
2020-09-19 22:30:00,0.0,0.0002720952,lstm
2020-09-19 22:45:00,0.0,-0.0026584864,lstm
2020-09-19 22:45:00,0.0,-0.004141733,lstm
2020-09-19 22:45:00,0.0,-0.0025121719,lstm
2020-09-19 22:45:00,0.0,0.00024850667,lstm
2020-09-19 23:00:00,0.0,-0.0026631504,lstm
2020-09-19 23:00:00,0.0,-0.0041046143,lstm
2020-09-19 23:00:00,0.0,-0.002493918,lstm
2020-09-19 23:00:00,0.0,0.00029708445,lstm
2020-09-19 23:15:00,0.0,-0.002666086,lstm
2020-09-19 23:15:00,0.0,-0.0040811896,lstm
2020-09-19 23:15:00,0.0,-0.0024717003,lstm
2020-09-19 23:15:00,0.0,0.0003324151,lstm
2020-09-19 23:30:00,0.0,-0.0026649237,lstm
2020-09-19 23:30:00,0.0,-0.00405623,lstm
2020-09-19 23:30:00,0.0,-0.0024469793,lstm
2020-09-19 23:30:00,0.0,0.0003581494,lstm
2020-09-19 23:45:00,0.0,-0.0026968122,lstm
2020-09-19 23:45:00,0.0,-0.0040752143,lstm
2020-09-19 23:45:00,0.0,-0.0025559664,lstm
2020-09-19 23:45:00,0.0,0.00032632053,lstm
2020-09-20 00:00:00,0.0,-0.0026804358,lstm
2020-09-20 00:00:00,0.0,-0.0040170997,lstm
2020-09-20 00:00:00,0.0,-0.0025121719,lstm
2020-09-20 00:00:00,0.0,0.00037941337,lstm
2020-09-20 00:15:00,0.0,-0.0026670396,lstm
2020-09-20 00:15:00,0.0,-0.0039838552,lstm
2020-09-20 00:15:00,0.0,-0.0024794638,lstm
2020-09-20 00:15:00,0.0,0.00041212142,lstm
2020-09-20 00:30:00,0.0,-0.0026585758,lstm
2020-09-20 00:30:00,0.0,-0.0039612353,lstm
2020-09-20 00:30:00,0.0,-0.002455473,lstm
2020-09-20 00:30:00,0.0,0.00043222308,lstm
2020-09-20 00:45:00,0.0,-0.0026806444,lstm
2020-09-20 00:45:00,0.0,-0.003966391,lstm
2020-09-20 00:45:00,0.0,-0.0025460422,lstm
2020-09-20 00:45:00,0.0,0.0003938228,lstm
2020-09-20 01:00:00,0.0,-0.002653569,lstm
2020-09-20 01:00:00,0.0,-0.0039117187,lstm
2020-09-20 01:00:00,0.0,-0.0025024116,lstm
2020-09-20 01:00:00,0.0,0.0004298836,lstm
2020-09-20 01:15:00,0.0,-0.0026336461,lstm
2020-09-20 01:15:00,0.0,-0.0038836747,lstm
2020-09-20 01:15:00,0.0,-0.0024801195,lstm
2020-09-20 01:15:00,0.0,0.00044508278,lstm
2020-09-20 01:30:00,0.0,-0.0026181936,lstm
2020-09-20 01:30:00,0.0,-0.0038655251,lstm
2020-09-20 01:30:00,0.0,-0.002468288,lstm
2020-09-20 01:30:00,0.0,0.0004517883,lstm
2020-09-20 01:45:00,0.0,-0.0026318878,lstm
2020-09-20 01:45:00,0.0,-0.0038619637,lstm
2020-09-20 01:45:00,0.0,-0.0025469959,lstm
2020-09-20 01:45:00,0.0,0.0004004389,lstm
2020-09-20 02:00:00,0.0,-0.0025967509,lstm
2020-09-20 02:00:00,0.0,-0.0038055629,lstm
2020-09-20 02:00:00,0.0,-0.0024951696,lstm
2020-09-20 02:00:00,0.0,0.00042709708,lstm
2020-09-20 02:15:00,0.0,-0.0025674403,lstm
2020-09-20 02:15:00,0.0,-0.003782183,lstm
2020-09-20 02:15:00,0.0,-0.0024799109,lstm
2020-09-20 02:15:00,0.0,0.00042633712,lstm
2020-09-20 02:30:00,0.0,-0.0025460422,lstm
2020-09-20 02:30:00,0.0,-0.0037709177,lstm
2020-09-20 02:30:00,0.0,-0.002477616,lstm
2020-09-20 02:30:00,0.0,0.0004210174,lstm
2020-09-20 02:45:00,0.0,-0.0025556833,lstm
2020-09-20 02:45:00,0.0,-0.0037538558,lstm
2020-09-20 02:45:00,0.0,-0.002531141,lstm
2020-09-20 02:45:00,0.0,0.0003670156,lstm
2020-09-20 03:00:00,0.0,-0.0025175363,lstm
2020-09-20 03:00:00,0.0,-0.0036987811,lstm
2020-09-20 03:00:00,0.0,-0.0024807006,lstm
2020-09-20 03:00:00,0.0,0.00038197637,lstm
2020-09-20 03:15:00,0.0,-0.0024857968,lstm
2020-09-20 03:15:00,0.0,-0.0036775023,lstm
2020-09-20 03:15:00,0.0,-0.0024647564,lstm
2020-09-20 03:15:00,0.0,0.00037615,lstm
2020-09-20 03:30:00,0.0,-0.0024636984,lstm
2020-09-20 03:30:00,0.0,-0.0036661625,lstm
2020-09-20 03:30:00,0.0,-0.00246121,lstm
2020-09-20 03:30:00,0.0,0.0003643781,lstm
2020-09-20 03:45:00,0.0,-0.0024772137,lstm
2020-09-20 03:45:00,0.0,-0.0036539584,lstm
2020-09-20 03:45:00,0.0,-0.0024979115,lstm
2020-09-20 03:45:00,0.0,0.00030991435,lstm
2020-09-20 04:00:00,0.0,-0.0024456829,lstm
2020-09-20 04:00:00,0.0,-0.0036184937,lstm
2020-09-20 04:00:00,0.0,-0.002462998,lstm
2020-09-20 04:00:00,0.0,0.00030635297,lstm
2020-09-20 04:15:00,0.0,-0.0024160296,lstm
2020-09-20 04:15:00,0.0,-0.0036070049,lstm
2020-09-20 04:15:00,0.0,-0.0024608672,lstm
2020-09-20 04:15:00,0.0,0.00028960407,lstm
2020-09-20 04:30:00,0.0,-0.0023889393,lstm
2020-09-20 04:30:00,0.0,-0.0036026835,lstm
2020-09-20 04:30:00,0.0,-0.002471596,lstm
2020-09-20 04:30:00,0.0,0.00026880205,lstm
2020-09-20 04:45:00,0.0,-0.0024163723,lstm
2020-09-20 04:45:00,0.0,-0.0035989583,lstm
2020-09-20 04:45:00,0.0,-0.0024891347,lstm
2020-09-20 04:45:00,0.0,0.00023141503,lstm
2020-09-20 05:00:00,0.0,-0.0024017096,lstm
2020-09-20 05:00:00,0.0,-0.0035900474,lstm
2020-09-20 05:00:00,0.0,-0.0024710447,lstm
2020-09-20 05:00:00,0.0,0.00022269785,lstm
2020-09-20 05:15:00,0.0,-0.0023795217,lstm
2020-09-20 05:15:00,0.0,-0.0035948455,lstm
2020-09-20 05:15:00,0.0,-0.0024867207,lstm
2020-09-20 05:15:00,0.0,0.0002040267,lstm
2020-09-20 05:30:00,0.0,-0.0023580045,lstm
2020-09-20 05:30:00,0.0,-0.0036038756,lstm
2020-09-20 05:30:00,0.0,-0.0025101006,lstm
2020-09-20 05:30:00,0.0,0.00018578768,lstm
2020-09-20 05:45:00,0.0,-0.0023988038,lstm
2020-09-20 05:45:00,0.0,-0.003608048,lstm
2020-09-20 05:45:00,0.0,-0.002508819,lstm
2020-09-20 05:45:00,0.0,0.00018316507,lstm
2020-09-20 06:00:00,0.0,-0.0024151206,lstm
2020-09-20 06:00:00,0.0,-0.003634736,lstm
2020-09-20 06:00:00,0.0,-0.0024985373,lstm
2020-09-20 06:00:00,0.0,0.00020338595,lstm
2020-09-20 06:15:00,0.0,-0.0024168342,lstm
2020-09-20 06:15:00,0.0,-0.0036727637,lstm
2020-09-20 06:15:00,0.0,-0.0025220513,lstm
2020-09-20 06:15:00,0.0,0.00021666288,lstm
2020-09-20 06:30:00,0.0,-0.0024149865,lstm
2020-09-20 06:30:00,0.0,-0.0037152767,lstm
2020-09-20 06:30:00,0.0,-0.0025559962,lstm
2020-09-20 06:30:00,0.0,0.00023387372,lstm
2020-09-20 06:45:00,0.0,-0.0024935305,lstm
2020-09-20 06:45:00,0.0,-0.0037620068,lstm
2020-09-20 06:45:00,0.0,-0.002508521,lstm
2020-09-20 06:45:00,0.0,0.00037290156,lstm
2020-09-20 07:00:00,0.0,-0.0025571585,lstm
2020-09-20 07:00:00,0.0,-0.0038706958,lstm
2020-09-20 07:00:00,0.0,-0.0024501532,lstm
2020-09-20 07:00:00,0.0,0.0006273687,lstm
2020-09-20 07:15:00,0.0,-0.0025500655,lstm
2020-09-20 07:15:00,0.0,-0.004004687,lstm
2020-09-20 07:15:00,0.0,-0.0022771657,lstm
2020-09-20 07:15:00,0.0012000054,0.0013208091,lstm
2020-09-20 07:30:00,0.0,-0.0024220496,lstm
2020-09-20 07:30:00,0.0,-0.0041306764,lstm
2020-09-20 07:30:00,0.0012000054,-0.0013366044,lstm
2020-09-20 07:30:00,0.014200002,0.004031956,lstm
2020-09-20 07:45:00,0.0,-0.0024736822,lstm
2020-09-20 07:45:00,0.0012000054,-0.0035777688,lstm
2020-09-20 07:45:00,0.014200002,0.002191022,lstm
2020-09-20 07:45:00,0.04259999,0.012355283,lstm
2020-09-20 08:00:00,0.0012000054,-0.0036724806,lstm
2020-09-20 08:00:00,0.014200002,0.00094760954,lstm
2020-09-20 08:00:00,0.04259999,0.014087975,lstm
2020-09-20 08:00:00,0.0862,0.03696972,lstm
2020-09-20 08:15:00,0.014200002,-0.0021384358,lstm
2020-09-20 08:15:00,0.042600006,0.014556378,lstm
2020-09-20 08:15:00,0.0862,0.038434133,lstm
2020-09-20 08:15:00,0.1426,0.07757954,lstm
2020-09-20 08:30:00,0.042600006,0.023282409,lstm
2020-09-20 08:30:00,0.0862,0.056358144,lstm
2020-09-20 08:30:00,0.1426,0.099160574,lstm
2020-09-20 08:30:00,0.213,0.15185945,lstm
2020-09-20 08:45:00,0.0862,0.074286275,lstm
2020-09-20 08:45:00,0.1426,0.122581795,lstm
2020-09-20 08:45:00,0.213,0.18208654,lstm
2020-09-20 08:45:00,0.2694,0.23893291,lstm
2020-09-20 09:00:00,0.1426,0.13599193,lstm
2020-09-20 09:00:00,0.213,0.19461226,lstm
2020-09-20 09:00:00,0.2694,0.26375073,lstm
2020-09-20 09:00:00,0.3104,0.3200398,lstm
2020-09-20 09:15:00,0.213,0.20416822,lstm
2020-09-20 09:15:00,0.2694,0.26424354,lstm
2020-09-20 09:15:00,0.3104,0.32690752,lstm
2020-09-20 09:15:00,0.3586,0.38511634,lstm
2020-09-20 09:30:00,0.2694,0.27579346,lstm
2020-09-20 09:30:00,0.3104,0.33133078,lstm
2020-09-20 09:30:00,0.3586,0.38061732,lstm
2020-09-20 09:30:00,0.3928,0.44449574,lstm
2020-09-20 09:45:00,0.3104,0.33334756,lstm
2020-09-20 09:45:00,0.3586,0.38889682,lstm
2020-09-20 09:45:00,0.3928,0.43160152,lstm
2020-09-20 09:45:00,0.513,0.49538118,lstm
2020-09-20 10:00:00,0.3586,0.38665223,lstm
2020-09-20 10:00:00,0.3928,0.4411444,lstm
2020-09-20 10:00:00,0.513,0.48253495,lstm
2020-09-20 10:00:00,0.5368,0.5383827,lstm
2020-09-20 10:15:00,0.3928,0.4471144,lstm
2020-09-20 10:15:00,0.513,0.4942597,lstm
2020-09-20 10:15:00,0.5368,0.5344132,lstm
2020-09-20 10:15:00,0.6152,0.57921666,lstm
2020-09-20 10:30:00,0.513,0.48537454,lstm
2020-09-20 10:30:00,0.5368,0.52576023,lstm
2020-09-20 10:30:00,0.6152,0.5613623,lstm
2020-09-20 10:30:00,0.62,0.59580606,lstm
2020-09-20 10:45:00,0.5368,0.5879487,lstm
2020-09-20 10:45:00,0.6152,0.61410797,lstm
2020-09-20 10:45:00,0.62,0.6468362,lstm
2020-09-20 10:45:00,0.6232,0.68013734,lstm
2020-09-20 11:00:00,0.6152,0.6122799,lstm
2020-09-20 11:00:00,0.62,0.64342844,lstm
2020-09-20 11:00:00,0.6232,0.6695592,lstm
2020-09-20 11:00:00,0.7222,0.6983581,lstm
2020-09-20 11:15:00,0.62,0.677688,lstm
2020-09-20 11:15:00,0.6232,0.7011125,lstm
2020-09-20 11:15:00,0.7222,0.72221094,lstm
2020-09-20 11:15:00,0.7806,0.7570393,lstm
2020-09-20 11:30:00,0.6232,0.6884655,lstm
2020-09-20 11:30:00,0.7221999,0.71582556,lstm
2020-09-20 11:30:00,0.7806,0.7327649,lstm
2020-09-20 11:30:00,0.7004,0.75968826,lstm
2020-09-20 11:45:00,0.7222,0.70276505,lstm
2020-09-20 11:45:00,0.78059995,0.72326875,lstm
2020-09-20 11:45:00,0.7004,0.73620033,lstm
2020-09-20 11:45:00,0.6174,0.7594766,lstm
2020-09-20 12:00:00,0.7806,0.7768142,lstm
2020-09-20 12:00:00,0.7004,0.78590727,lstm
2020-09-20 12:00:00,0.6174,0.80055064,lstm
2020-09-20 12:00:00,0.6872,0.8320422,lstm
2020-09-20 12:15:00,0.7004,0.8020659,lstm
2020-09-20 12:15:00,0.6174,0.81238973,lstm
2020-09-20 12:15:00,0.6872,0.82595235,lstm
2020-09-20 12:15:00,0.831,0.8500645,lstm
2020-09-20 12:30:00,0.6174,0.6947917,lstm
2020-09-20 12:30:00,0.68720007,0.7152227,lstm
2020-09-20 12:30:00,0.831,0.7179329,lstm
2020-09-20 12:30:00,0.7812,0.7206846,lstm
2020-09-20 12:45:00,0.6872,0.59053016,lstm
2020-09-20 12:45:00,0.831,0.60744965,lstm
2020-09-20 12:45:00,0.7812,0.6080398,lstm
2020-09-20 12:45:00,0.8668,0.61001635,lstm
2020-09-20 13:00:00,0.831,0.72749686,lstm
2020-09-20 13:00:00,0.78119993,0.72423196,lstm
2020-09-20 13:00:00,0.8668,0.7320367,lstm
2020-09-20 13:00:00,0.8818,0.74979204,lstm
2020-09-20 13:15:00,0.7812,0.8011266,lstm
2020-09-20 13:15:00,0.86679995,0.7917521,lstm
2020-09-20 13:15:00,0.8818,0.80042374,lstm
2020-09-20 13:15:00,0.8794,0.81964797,lstm
2020-09-20 13:30:00,0.8668,0.73363596,lstm
2020-09-20 13:30:00,0.88179994,0.73871946,lstm
2020-09-20 13:30:00,0.8794,0.7417448,lstm
2020-09-20 13:30:00,0.877,0.7411883,lstm
2020-09-20 13:45:00,0.8818,0.80542517,lstm
2020-09-20 13:45:00,0.8794,0.78968513,lstm
2020-09-20 13:45:00,0.877,0.79621154,lstm
2020-09-20 13:45:00,0.8561999,0.8091198,lstm
2020-09-20 14:00:00,0.8794,0.8107209,lstm
2020-09-20 14:00:00,0.877,0.80026424,lstm
2020-09-20 14:00:00,0.8562,0.8031734,lstm
2020-09-20 14:00:00,0.859,0.80710346,lstm
2020-09-20 14:15:00,0.877,0.8011327,lstm
2020-09-20 14:15:00,0.8562,0.7873188,lstm
2020-09-20 14:15:00,0.859,0.7844946,lstm
2020-09-20 14:15:00,0.8516,0.7809657,lstm
2020-09-20 14:30:00,0.8562,0.79796803,lstm
2020-09-20 14:30:00,0.85899997,0.7764871,lstm
2020-09-20 14:30:00,0.8516,0.76784265,lstm
2020-09-20 14:30:00,0.8352,0.75905055,lstm
2020-09-20 14:45:00,0.859,0.77131593,lstm
2020-09-20 14:45:00,0.85159993,0.7487166,lstm
2020-09-20 14:45:00,0.8352,0.7328933,lstm
2020-09-20 14:45:00,0.8158,0.7173323,lstm
2020-09-20 15:00:00,0.8516,0.7721509,lstm
2020-09-20 15:00:00,0.83519995,0.73672295,lstm
2020-09-20 15:00:00,0.8158,0.71692586,lstm
2020-09-20 15:00:00,0.7954,0.6984064,lstm
2020-09-20 15:15:00,0.8352,0.75356424,lstm
2020-09-20 15:15:00,0.81579995,0.7165735,lstm
2020-09-20 15:15:00,0.7954,0.69356513,lstm
2020-09-20 15:15:00,0.7612,0.67121106,lstm
2020-09-20 15:30:00,0.8158,0.73299843,lstm
2020-09-20 15:30:00,0.7954,0.6899158,lstm
2020-09-20 15:30:00,0.7612,0.6618576,lstm
2020-09-20 15:30:00,0.6482,0.6343693,lstm
2020-09-20 15:45:00,0.7954,0.7117061,lstm
2020-09-20 15:45:00,0.76119995,0.66171896,lstm
2020-09-20 15:45:00,0.6482,0.62654924,lstm
2020-09-20 15:45:00,0.697,0.59492356,lstm
2020-09-20 16:00:00,0.7612,0.6915096,lstm
2020-09-20 16:00:00,0.6482,0.64212096,lstm
2020-09-20 16:00:00,0.697,0.6038747,lstm
2020-09-20 16:00:00,0.6616,0.5721531,lstm
2020-09-20 16:15:00,0.6482,0.65765697,lstm
2020-09-20 16:15:00,0.697,0.612638,lstm
2020-09-20 16:15:00,0.6616,0.57146674,lstm
2020-09-20 16:15:00,0.6088,0.540325,lstm
2020-09-20 16:30:00,0.697,0.58337104,lstm
2020-09-20 16:30:00,0.6616,0.54903805,lstm
2020-09-20 16:30:00,0.6088,0.5108747,lstm
2020-09-20 16:30:00,0.505,0.47358078,lstm
2020-09-20 16:45:00,0.6616,0.6253759,lstm
2020-09-20 16:45:00,0.6088,0.5603819,lstm
2020-09-20 16:45:00,0.505,0.51537514,lstm
2020-09-20 16:45:00,0.4378,0.47303206,lstm
2020-09-20 17:00:00,0.6088,0.5749384,lstm
2020-09-20 17:00:00,0.505,0.516443,lstm
2020-09-20 17:00:00,0.4378,0.4692338,lstm
2020-09-20 17:00:00,0.401,0.4256544,lstm
2020-09-20 17:15:00,0.505,0.5328788,lstm
2020-09-20 17:15:00,0.4378,0.47089043,lstm
2020-09-20 17:15:00,0.401,0.42019752,lstm
2020-09-20 17:15:00,0.3076,0.37295228,lstm
2020-09-20 17:30:00,0.4378,0.4613665,lstm
2020-09-20 17:30:00,0.40099996,0.40939605,lstm
2020-09-20 17:30:00,0.3076,0.35782194,lstm
2020-09-20 17:30:00,0.2472,0.30347016,lstm
2020-09-20 17:45:00,0.401,0.39899415,lstm
2020-09-20 17:45:00,0.3076,0.34047514,lstm
2020-09-20 17:45:00,0.2472,0.28333727,lstm
2020-09-20 17:45:00,0.1374,0.22682339,lstm
2020-09-20 18:00:00,0.3076,0.3657664,lstm
2020-09-20 18:00:00,0.2472,0.2961565,lstm
2020-09-20 18:00:00,0.1374,0.23374523,lstm
2020-09-20 18:00:00,0.0908,0.17731792,lstm
2020-09-20 18:15:00,0.2472,0.2716453,lstm
2020-09-20 18:15:00,0.1374,0.20903642,lstm
2020-09-20 18:15:00,0.0908,0.1555259,lstm
2020-09-20 18:15:00,0.1158,0.1075844,lstm
2020-09-20 18:30:00,0.1374,0.19887565,lstm
2020-09-20 18:30:00,0.0908,0.13692343,lstm
2020-09-20 18:30:00,0.1158,0.09563952,lstm
2020-09-20 18:30:00,0.051200002,0.055054843,lstm
2020-09-20 18:45:00,0.0908,0.11948971,lstm
2020-09-20 18:45:00,0.1158,0.07011763,lstm
2020-09-20 18:45:00,0.051200002,0.046700776,lstm
2020-09-20 18:45:00,0.025000006,0.020645395,lstm
2020-09-20 19:00:00,0.1158,0.06345177,lstm
2020-09-20 19:00:00,0.051200002,0.032506645,lstm
2020-09-20 19:00:00,0.025000006,0.019782066,lstm
2020-09-20 19:00:00,0.008200005,0.008306518,lstm
2020-09-20 19:15:00,0.051200002,0.035779983,lstm
2020-09-20 19:15:00,0.025000006,0.016552076,lstm
2020-09-20 19:15:00,0.008200005,0.009177685,lstm
2020-09-20 19:15:00,0.00020000339,0.00541234,lstm
2020-09-20 19:30:00,0.025000006,0.014343008,lstm
2020-09-20 19:30:00,0.008200005,0.0029473603,lstm
2020-09-20 19:30:00,0.00020000339,-0.0012737662,lstm
2020-09-20 19:30:00,0.0,0.00078326464,lstm
2020-09-20 19:45:00,0.008200005,0.0059316754,lstm
2020-09-20 19:45:00,0.00020000339,-0.001309827,lstm
2020-09-20 19:45:00,0.0,-0.0028403252,lstm
2020-09-20 19:45:00,0.0,-9.7990036e-05,lstm
2020-09-20 20:00:00,0.00020000339,0.0018256158,lstm
2020-09-20 20:00:00,0.0,-0.0031788498,lstm
2020-09-20 20:00:00,0.0,-0.003258735,lstm
2020-09-20 20:00:00,0.0,-0.00031372905,lstm
2020-09-20 20:15:00,0.0,-0.00022508204,lstm
2020-09-20 20:15:00,0.0,-0.0037065297,lstm
2020-09-20 20:15:00,0.0,-0.003113389,lstm
2020-09-20 20:15:00,0.0,-0.00019560754,lstm
2020-09-20 20:30:00,0.0,-0.0011517704,lstm
2020-09-20 20:30:00,0.0,-0.0038504004,lstm
2020-09-20 20:30:00,0.0,-0.0027276874,lstm
2020-09-20 20:30:00,0.0,-6.297231e-05,lstm
2020-09-20 20:45:00,0.0,-0.0018374622,lstm
2020-09-20 20:45:00,0.0,-0.004020646,lstm
2020-09-20 20:45:00,0.0,-0.002600342,lstm
2020-09-20 20:45:00,0.0,-4.4703484e-08,lstm
2020-09-20 21:00:00,0.0,-0.0021584034,lstm
2020-09-20 21:00:00,0.0,-0.0040964037,lstm
2020-09-20 21:00:00,0.0,-0.0025341064,lstm
2020-09-20 21:00:00,0.0,1.822412e-05,lstm
2020-09-20 21:15:00,0.0,-0.0023392737,lstm
2020-09-20 21:15:00,0.0,-0.0041373223,lstm
2020-09-20 21:15:00,0.0,-0.0024764389,lstm
2020-09-20 21:15:00,0.0,3.9845705e-05,lstm
2020-09-20 21:30:00,0.0,-0.0024380088,lstm
2020-09-20 21:30:00,0.0,-0.00415726,lstm
2020-09-20 21:30:00,0.0,-0.0024333447,lstm
2020-09-20 21:30:00,0.0,5.2824616e-05,lstm
2020-09-20 21:45:00,0.0,-0.0025118738,lstm
2020-09-20 21:45:00,0.0,-0.0042082816,lstm
2020-09-20 21:45:00,0.0,-0.0025206357,lstm
2020-09-20 21:45:00,0.0,3.992021e-05,lstm
2020-09-20 22:00:00,0.0,-0.0025755316,lstm
2020-09-20 22:00:00,0.0,-0.0042028725,lstm
2020-09-20 22:00:00,0.0,-0.0025096238,lstm
2020-09-20 22:00:00,0.0,9.2327595e-05,lstm
2020-09-20 22:15:00,0.0,-0.0026115328,lstm
2020-09-20 22:15:00,0.0,-0.0041862875,lstm
2020-09-20 22:15:00,0.0,-0.0024748296,lstm
2020-09-20 22:15:00,0.0,0.00013794005,lstm
2020-09-20 22:30:00,0.0,-0.0026334971,lstm
2020-09-20 22:30:00,0.0,-0.004163429,lstm
2020-09-20 22:30:00,0.0,-0.0024415255,lstm
2020-09-20 22:30:00,0.0,0.00017414987,lstm
2020-09-20 22:45:00,0.0,-0.0026652515,lstm
2020-09-20 22:45:00,0.0,-0.0041861534,lstm
2020-09-20 22:45:00,0.0,-0.0025387257,lstm
2020-09-20 22:45:00,0.0,0.00015883148,lstm
2020-09-20 23:00:00,0.0,-0.0026745498,lstm
2020-09-20 23:00:00,0.0,-0.004151419,lstm
2020-09-20 23:00:00,0.0,-0.002513796,lstm
2020-09-20 23:00:00,0.0,0.00020931661,lstm
2020-09-20 23:15:00,0.0,-0.0026961863,lstm
2020-09-20 23:15:00,0.0,-0.004116535,lstm
2020-09-20 23:15:00,0.0,-0.0024699569,lstm
2020-09-20 23:15:00,0.0,0.00026206672,lstm
2020-09-20 23:30:00,0.0,-0.002695337,lstm
2020-09-20 23:30:00,0.0,-0.004100606,lstm
2020-09-20 23:30:00,0.0,-0.0024507195,lstm
2020-09-20 23:30:00,0.0,0.0002861172,lstm
2020-09-20 23:45:00,0.0,-0.0027207583,lstm
2020-09-20 23:45:00,0.0,-0.004117623,lstm
2020-09-20 23:45:00,0.0,-0.0025505275,lstm
2020-09-20 23:45:00,0.0,0.00025479496,lstm
2020-09-21 00:00:00,0.0,-0.002713427,lstm
2020-09-21 00:00:00,0.0,-0.004071027,lstm
2020-09-21 00:00:00,0.0,-0.0025156885,lstm
2020-09-21 00:00:00,0.0,0.00030377507,lstm
2020-09-21 00:15:00,0.0,-0.0027025938,lstm
2020-09-21 00:15:00,0.0,-0.0040422827,lstm
2020-09-21 00:15:00,0.0,-0.0024929047,lstm
2020-09-21 00:15:00,0.0,0.00033286214,lstm
2020-09-21 00:30:00,0.0,-0.002695486,lstm
2020-09-21 00:30:00,0.0,-0.0040249825,lstm
2020-09-21 00:30:00,0.0,-0.0024745166,lstm
2020-09-21 00:30:00,0.0,0.00035209954,lstm
2020-09-21 00:45:00,0.0,-0.00270845,lstm
2020-09-21 00:45:00,0.0,-0.0040263236,lstm
2020-09-21 00:45:00,0.0,-0.0025647432,lstm
2020-09-21 00:45:00,0.0,0.00031378865,lstm
2020-09-21 01:00:00,0.0,-0.0026865304,lstm
2020-09-21 01:00:00,0.0,-0.0039762408,lstm
2020-09-21 01:00:00,0.0,-0.0025269687,lstm
2020-09-21 01:00:00,0.0,0.00035348535,lstm
2020-09-21 01:15:00,0.0,-0.0026706606,lstm
2020-09-21 01:15:00,0.0,-0.0039502233,lstm
2020-09-21 01:15:00,0.0,-0.0025051385,lstm
2020-09-21 01:15:00,0.0,0.00037322938,lstm
2020-09-21 01:30:00,0.0,-0.002659455,lstm
2020-09-21 01:30:00,0.0,-0.003932476,lstm
2020-09-21 01:30:00,0.0,-0.002492398,lstm
2020-09-21 01:30:00,0.0,0.0003822297,lstm
2020-09-21 01:45:00,0.0,-0.002671659,lstm
2020-09-21 01:45:00,0.0,-0.003927022,lstm
2020-09-21 01:45:00,0.0,-0.0025740713,lstm
2020-09-21 01:45:00,0.0,0.00033080578,lstm
2020-09-21 02:00:00,0.0,-0.0026401132,lstm
2020-09-21 02:00:00,0.0,-0.0038711727,lstm
2020-09-21 02:00:00,0.0,-0.002527073,lstm
2020-09-21 02:00:00,0.0,0.00036130846,lstm
2020-09-21 02:15:00,0.0,-0.002614513,lstm
2020-09-21 02:15:00,0.0,-0.0038477778,lstm
2020-09-21 02:15:00,0.0,-0.0025086403,lstm
2020-09-21 02:15:00,0.0,0.000368312,lstm
2020-09-21 02:30:00,0.0,-0.0025969595,lstm
2020-09-21 02:30:00,0.0,-0.0038335621,lstm
2020-09-21 02:30:00,0.0,-0.002498582,lstm
2020-09-21 02:30:00,0.0,0.00036786497,lstm
2020-09-21 02:45:00,0.0,-0.002605915,lstm
2020-09-21 02:45:00,0.0,-0.0038258433,lstm
2020-09-21 02:45:00,0.0,-0.002564773,lstm
2020-09-21 02:45:00,0.0,0.00030718744,lstm
2020-09-21 03:00:00,0.0,-0.0025746524,lstm
2020-09-21 03:00:00,0.0,-0.0037778914,lstm
2020-09-21 03:00:00,0.0,-0.0025207847,lstm
2020-09-21 03:00:00,0.0,0.00032311678,lstm
2020-09-21 03:15:00,0.0,-0.0025483966,lstm
2020-09-21 03:15:00,0.0,-0.0037620962,lstm
2020-09-21 03:15:00,0.0,-0.0025093704,lstm
2020-09-21 03:15:00,0.0,0.00031897426,lstm
2020-09-21 03:30:00,0.0,-0.0025284886,lstm
2020-09-21 03:30:00,0.0,-0.003754869,lstm
2020-09-21 03:30:00,0.0,-0.0025121272,lstm
2020-09-21 03:30:00,0.0,0.0003054142,lstm
2020-09-21 03:45:00,0.0,-0.00254637,lstm
2020-09-21 03:45:00,0.0,-0.00375098,lstm
2020-09-21 03:45:00,0.0,-0.0025580823,lstm
2020-09-21 03:45:00,0.0,0.000247702,lstm
2020-09-21 04:00:00,0.0,-0.0025224388,lstm
2020-09-21 04:00:00,0.0,-0.0037208498,lstm
2020-09-21 04:00:00,0.0,-0.0025298,lstm
2020-09-21 04:00:00,0.0,0.00024540722,lstm
2020-09-21 04:15:00,0.0,-0.002495259,lstm
2020-09-21 04:15:00,0.0,-0.0037130415,lstm
2020-09-21 04:15:00,0.0,-0.0025339127,lstm
2020-09-21 04:15:00,0.0,0.00023056567,lstm
2020-09-21 04:30:00,0.0,-0.00247176,lstm
2020-09-21 04:30:00,0.0,-0.0037160963,lstm
2020-09-21 04:30:00,0.0,-0.0025514215,lstm
2020-09-21 04:30:00,0.0,0.00021140277,lstm
2020-09-21 04:45:00,0.0,-0.0024974048,lstm
2020-09-21 04:45:00,0.0,-0.0037160963,lstm
2020-09-21 04:45:00,0.0,-0.0025830716,lstm
2020-09-21 04:45:00,0.0,0.00016576052,lstm
2020-09-21 05:00:00,0.0,-0.0024921894,lstm
2020-09-21 05:00:00,0.0,-0.0037105083,lstm
2020-09-21 05:00:00,0.0,-0.0025619864,lstm
2020-09-21 05:00:00,0.0,0.00016716123,lstm
2020-09-21 05:15:00,0.0,-0.0024757087,lstm
2020-09-21 05:15:00,0.0,-0.0037212372,lstm
2020-09-21 05:15:00,0.0,-0.0025776476,lstm
2020-09-21 05:15:00,0.0,0.00015051663,lstm
2020-09-21 05:30:00,0.0,-0.0024695396,lstm
2020-09-21 05:30:00,0.0,-0.0037408024,lstm
2020-09-21 05:30:00,0.0,-0.0025993586,lstm
2020-09-21 05:30:00,0.0,0.00013245642,lstm
2020-09-21 05:45:00,0.0,-0.0025312752,lstm
2020-09-21 05:45:00,0.0,-0.0037634373,lstm
2020-09-21 05:45:00,0.0,-0.00260368,lstm
2020-09-21 05:45:00,0.0,0.00012761354,lstm
2020-09-21 06:00:00,0.0,-0.002558291,lstm
2020-09-21 06:00:00,0.0,-0.0037978888,lstm
2020-09-21 06:00:00,0.0,-0.0025964975,lstm
2020-09-21 06:00:00,0.0,0.00014838576,lstm
2020-09-21 06:15:00,0.0,-0.0025611073,lstm
2020-09-21 06:15:00,0.0,-0.0038393438,lstm
2020-09-21 06:15:00,0.0,-0.002625063,lstm
2020-09-21 06:15:00,0.0,0.00016514957,lstm
2020-09-21 06:30:00,0.0,-0.0025669038,lstm
2020-09-21 06:30:00,0.0,-0.0038877428,lstm
2020-09-21 06:30:00,0.0,-0.0026564002,lstm
2020-09-21 06:30:00,0.0,0.00019451976,lstm
2020-09-21 06:45:00,0.0,-0.0026585162,lstm
2020-09-21 06:45:00,0.0,-0.003938839,lstm
2020-09-21 06:45:00,0.0,-0.0026037842,lstm
2020-09-21 06:45:00,0.0,0.00033698976,lstm
2020-09-21 07:00:00,0.0,-0.002723813,lstm
2020-09-21 07:00:00,0.0,-0.0040315986,lstm
2020-09-21 07:00:00,0.0,-0.002518341,lstm
2020-09-21 07:00:00,0.0,0.00060774386,lstm
2020-09-21 07:15:00,0.0,-0.0027322322,lstm
2020-09-21 07:15:00,0.0,-0.0041342825,lstm
2020-09-21 07:15:00,0.0,-0.00234133,lstm
2020-09-21 07:15:00,0.0,0.0012236238,lstm
2020-09-21 07:30:00,0.0,-0.0026231855,lstm
2020-09-21 07:30:00,0.0,-0.0041977167,lstm
2020-09-21 07:30:00,0.0,-0.001532957,lstm
2020-09-21 07:30:00,0.0012000054,0.003408879,lstm
2020-09-21 07:45:00,0.0,-0.0025609285,lstm
2020-09-21 07:45:00,0.0,-0.0037565827,lstm
2020-09-21 07:45:00,0.0012000054,0.0014476478,lstm
2020-09-21 07:45:00,0.0132,0.0101899505,lstm
2020-09-21 08:00:00,0.0,-0.0033507198,lstm
2020-09-21 08:00:00,0.0012000054,-0.00012239814,lstm
2020-09-21 08:00:00,0.0132,0.012049302,lstm
2020-09-21 08:00:00,0.024800003,0.031844527,lstm
2020-09-21 08:15:00,0.0012000054,-0.0027342439,lstm
2020-09-21 08:15:00,0.0132,0.0116354525,lstm
2020-09-21 08:15:00,0.024800003,0.034133136,lstm
2020-09-21 08:15:00,0.025000006,0.06937268,lstm
2020-09-21 08:30:00,0.0132,0.0017877668,lstm
2020-09-21 08:30:00,0.024800003,0.023363248,lstm
2020-09-21 08:30:00,0.025000006,0.053244248,lstm
2020-09-21 08:30:00,0.0334,0.09577543,lstm
2020-09-21 08:45:00,0.024800003,0.013026372,lstm
2020-09-21 08:45:00,0.025000006,0.039175868,lstm
2020-09-21 08:45:00,0.0334,0.074482806,lstm
2020-09-21 08:45:00,0.0432,0.11964064,lstm
2020-09-21 09:00:00,0.025000006,0.035371885,lstm
2020-09-21 09:00:00,0.0334,0.070389576,lstm
2020-09-21 09:00:00,0.0432,0.11374982,lstm
2020-09-21 09:00:00,0.0736,0.16307788,lstm
2020-09-21 09:15:00,0.0334,0.036503956,lstm
2020-09-21 09:15:00,0.0432,0.07546327,lstm
2020-09-21 09:15:00,0.0736,0.11936181,lstm
2020-09-21 09:15:00,0.057799995,0.16912092,lstm
2020-09-21 09:30:00,0.0432,0.048585877,lstm
2020-09-21 09:30:00,0.07360001,0.08941508,lstm
2020-09-21 09:30:00,0.057799995,0.13375935,lstm
2020-09-21 09:30:00,0.078,0.18178672,lstm
2020-09-21 09:45:00,0.0736,0.06322701,lstm
2020-09-21 09:45:00,0.057799995,0.10675421,lstm
2020-09-21 09:45:00,0.078,0.1513298,lstm
2020-09-21 09:45:00,0.0448,0.19780685,lstm
2020-09-21 10:00:00,0.057799995,0.11070962,lstm
2020-09-21 10:00:00,0.078,0.1584876,lstm
2020-09-21 10:00:00,0.0448,0.20408878,lstm
2020-09-21 10:00:00,0.021599993,0.24878176,lstm
2020-09-21 10:15:00,0.077999994,0.07779952,lstm
2020-09-21 10:15:00,0.0448,0.12184063,lstm
2020-09-21 10:15:00,0.021599993,0.16010886,lstm
2020-09-21 10:15:00,0.039399996,0.20172165,lstm
2020-09-21 10:30:00,0.0448,0.11201247,lstm
2020-09-21 10:30:00,0.021600008,0.15579462,lstm
2020-09-21 10:30:00,0.039399996,0.19277239,lstm
2020-09-21 10:30:00,0.023399994,0.23076284,lstm
2020-09-21 10:45:00,0.021600008,0.059976295,lstm
2020-09-21 10:45:00,0.039399996,0.098260105,lstm
2020-09-21 10:45:00,0.023399994,0.13189507,lstm
2020-09-21 10:45:00,0.012799993,0.16725679,lstm
2020-09-21 11:00:00,0.039399996,0.03290093,lstm
2020-09-21 11:00:00,0.023399994,0.06636399,lstm
2020-09-21 11:00:00,0.012799993,0.0992074,lstm
2020-09-21 11:00:00,0.015000001,0.13012607,lstm
2020-09-21 11:15:00,0.023399994,0.07120119,lstm
2020-09-21 11:15:00,0.012800008,0.10989504,lstm
2020-09-21 11:15:00,0.015000001,0.14145878,lstm
2020-09-21 11:15:00,0.019199997,0.1717652,lstm
2020-09-21 11:30:00,0.012799993,0.044714883,lstm
2020-09-21 11:30:00,0.015000001,0.080159955,lstm
2020-09-21 11:30:00,0.019199997,0.10971137,lstm
2020-09-21 11:30:00,0.025000006,0.13640748,lstm
2020-09-21 11:45:00,0.015000001,0.033797815,lstm
2020-09-21 11:45:00,0.019200012,0.06604524,lstm
2020-09-21 11:45:00,0.025000006,0.09395411,lstm
2020-09-21 11:45:00,0.022200003,0.11497874,lstm
2020-09-21 12:00:00,0.019199997,0.050754577,lstm
2020-09-21 12:00:00,0.025000006,0.0855173,lstm
2020-09-21 12:00:00,0.022200003,0.11309844,lstm
2020-09-21 12:00:00,0.032000005,0.13319325,lstm
2020-09-21 12:15:00,0.025000006,0.065101475,lstm
2020-09-21 12:15:00,0.022200003,0.101983316,lstm
2020-09-21 12:15:00,0.032000005,0.12969035,lstm
2020-09-21 12:15:00,0.04540001,0.1474711,lstm
2020-09-21 12:30:00,0.022200003,0.07654725,lstm
2020-09-21 12:30:00,0.032000005,0.11023268,lstm
2020-09-21 12:30:00,0.04540001,0.13483813,lstm
2020-09-21 12:30:00,0.0792,0.1475449,lstm
2020-09-21 12:45:00,0.032000005,0.06763148,lstm
2020-09-21 12:45:00,0.045399994,0.09568069,lstm
2020-09-21 12:45:00,0.0792,0.11403334,lstm
2020-09-21 12:45:00,0.11399999,0.122269414,lstm
2020-09-21 13:00:00,0.045399994,0.07660315,lstm
2020-09-21 13:00:00,0.0792,0.102985196,lstm
2020-09-21 13:00:00,0.114,0.117111586,lstm
2020-09-21 13:00:00,0.12,0.12524927,lstm
2020-09-21 13:15:00,0.0792,0.09018027,lstm
2020-09-21 13:15:00,0.114,0.114789754,lstm
2020-09-21 13:15:00,0.11999999,0.12823793,lstm
2020-09-21 13:15:00,0.115,0.13664548,lstm
2020-09-21 13:30:00,0.114,0.1299524,lstm
2020-09-21 13:30:00,0.12,0.15202022,lstm
2020-09-21 13:30:00,0.11500001,0.16646264,lstm
2020-09-21 13:30:00,0.1768,0.17286332,lstm
2020-09-21 13:45:00,0.12,0.16104056,lstm
2020-09-21 13:45:00,0.115,0.17658928,lstm
2020-09-21 13:45:00,0.1768,0.19218394,lstm
2020-09-21 13:45:00,0.3396,0.1965294,lstm
2020-09-21 14:00:00,0.115,0.13640037,lstm
2020-09-21 14:00:00,0.1768,0.14954107,lstm
2020-09-21 14:00:00,0.3396,0.17022596,lstm
2020-09-21 14:00:00,0.478,0.18354599,lstm
2020-09-21 14:15:00,0.1768,0.13328677,lstm
2020-09-21 14:15:00,0.3396,0.15102538,lstm
2020-09-21 14:15:00,0.478,0.17609848,lstm
2020-09-21 14:15:00,0.5416,0.19703828,lstm
2020-09-21 14:30:00,0.3396,0.24828169,lstm
2020-09-21 14:30:00,0.478,0.27096257,lstm
2020-09-21 14:30:00,0.5416,0.29307455,lstm
2020-09-21 14:30:00,0.6246,0.3139443,lstm
2020-09-21 14:45:00,0.478,0.4097895,lstm
2020-09-21 14:45:00,0.5416,0.41320246,lstm
2020-09-21 14:45:00,0.6246,0.4098127,lstm
2020-09-21 14:45:00,0.6134,0.41787288,lstm
2020-09-21 15:00:00,0.5416,0.49554724,lstm
2020-09-21 15:00:00,0.6246,0.478249,lstm
2020-09-21 15:00:00,0.6134,0.45588356,lstm
2020-09-21 15:00:00,0.5794,0.45232296,lstm
2020-09-21 15:15:00,0.6246,0.50438595,lstm
2020-09-21 15:15:00,0.6134,0.4795195,lstm
2020-09-21 15:15:00,0.5794,0.45786613,lstm
2020-09-21 15:15:00,0.589,0.4454382,lstm
2020-09-21 15:30:00,0.6134,0.5436994,lstm
2020-09-21 15:30:00,0.5794,0.50517976,lstm
2020-09-21 15:30:00,0.589,0.47416234,lstm
2020-09-21 15:30:00,0.5828,0.4551614,lstm
2020-09-21 15:45:00,0.5794,0.5228635,lstm
2020-09-21 15:45:00,0.589,0.4857631,lstm
2020-09-21 15:45:00,0.5828,0.45339394,lstm
2020-09-21 15:45:00,0.543,0.42406905,lstm
2020-09-21 16:00:00,0.589,0.50336736,lstm
2020-09-21 16:00:00,0.5828,0.46624672,lstm
2020-09-21 16:00:00,0.543,0.43490136,lstm
2020-09-21 16:00:00,0.49639994,0.40536335,lstm
2020-09-21 16:15:00,0.5828,0.5105534,lstm
2020-09-21 16:15:00,0.543,0.46120557,lstm
2020-09-21 16:15:00,0.4964,0.4270591,lstm
2020-09-21 16:15:00,0.423,0.39685133,lstm
2020-09-21 16:30:00,0.543,0.5002959,lstm
2020-09-21 16:30:00,0.4964,0.4471682,lstm
2020-09-21 16:30:00,0.423,0.4087054,lstm
2020-09-21 16:30:00,0.3606,0.3720098,lstm
2020-09-21 16:45:00,0.4964,0.47140828,lstm
2020-09-21 16:45:00,0.423,0.4158615,lstm
2020-09-21 16:45:00,0.3606,0.3709355,lstm
2020-09-21 16:45:00,0.2968,0.3224812,lstm
2020-09-21 17:00:00,0.423,0.44061655,lstm
2020-09-21 17:00:00,0.3606,0.37794763,lstm
2020-09-21 17:00:00,0.2968,0.32645112,lstm
2020-09-21 17:00:00,0.2308,0.2697597,lstm
2020-09-21 17:15:00,0.3606,0.38544458,lstm
2020-09-21 17:15:00,0.2968,0.3208164,lstm
2020-09-21 17:15:00,0.2308,0.26588672,lstm
2020-09-21 17:15:00,0.1546,0.20805632,lstm
2020-09-21 17:30:00,0.2968,0.3284315,lstm
2020-09-21 17:30:00,0.2308,0.2621233,lstm
2020-09-21 17:30:00,0.1546,0.20491081,lstm
2020-09-21 17:30:00,0.1024,0.15283617,lstm
2020-09-21 17:45:00,0.2308,0.26711738,lstm
2020-09-21 17:45:00,0.1546,0.20180333,lstm
2020-09-21 17:45:00,0.1024,0.14647256,lstm
2020-09-21 17:45:00,0.06739999,0.10134138,lstm
2020-09-21 18:00:00,0.1546,0.20191059,lstm
2020-09-21 18:00:00,0.1024,0.14080091,lstm
2020-09-21 18:00:00,0.06739999,0.0962378,lstm
2020-09-21 18:00:00,0.04720001,0.057556182,lstm
2020-09-21 18:15:00,0.1024,0.13579509,lstm
2020-09-21 18:15:00,0.06740001,0.085251905,lstm
2020-09-21 18:15:00,0.04720001,0.05731359,lstm
2020-09-21 18:15:00,0.0448,0.027342275,lstm
2020-09-21 18:30:00,0.06740001,0.08419904,lstm
2020-09-21 18:30:00,0.047199994,0.047371626,lstm
2020-09-21 18:30:00,0.0448,0.030645996,lstm
2020-09-21 18:30:00,0.03820002,0.013581902,lstm
2020-09-21 18:45:00,0.047199994,0.04839939,lstm
2020-09-21 18:45:00,0.0448,0.02397564,lstm
2020-09-21 18:45:00,0.038200006,0.0140661,lstm
2020-09-21 18:45:00,0.0238,0.0077953637,lstm
2020-09-21 19:00:00,0.0448,0.025932416,lstm
2020-09-21 19:00:00,0.03819999,0.010378391,lstm
2020-09-21 19:00:00,0.0238,0.0052543133,lstm
2020-09-21 19:00:00,0.009200007,0.004189238,lstm
2020-09-21 19:15:00,0.03819999,0.013708711,lstm
2020-09-21 19:15:00,0.0238,0.003779009,lstm
2020-09-21 19:15:00,0.009200007,0.0016947836,lstm
2020-09-21 19:15:00,0.0,0.0024340153,lstm
2020-09-21 19:30:00,0.023799986,0.007115945,lstm
2020-09-21 19:30:00,0.009200007,0.000375852,lstm
2020-09-21 19:30:00,0.0,-0.00029346347,lstm
2020-09-21 19:30:00,0.0,0.0011704564,lstm
2020-09-21 19:45:00,0.009200007,0.003183812,lstm
2020-09-21 19:45:00,0.0,-0.0018640012,lstm
2020-09-21 19:45:00,0.0,-0.0017398894,lstm
2020-09-21 19:45:00,0.0,0.00029329956,lstm
2020-09-21 20:00:00,0.0,0.0009870231,lstm
2020-09-21 20:00:00,0.0,-0.00301674,lstm
2020-09-21 20:00:00,0.0,-0.0023267865,lstm
2020-09-21 20:00:00,0.0,1.4305115e-06,lstm
2020-09-21 20:15:00,0.0,-0.00015030801,lstm
2020-09-21 20:15:00,0.0,-0.0032132566,lstm
2020-09-21 20:15:00,0.0,-0.002377361,lstm
2020-09-21 20:15:00,0.0,0.000108748674,lstm
2020-09-21 20:30:00,0.0,-0.0008444041,lstm
2020-09-21 20:30:00,0.0,-0.0032798052,lstm
2020-09-21 20:30:00,0.0,-0.0020551533,lstm
2020-09-21 20:30:00,0.0,0.00034703314,lstm
2020-09-21 20:45:00,0.0,-0.0013566464,lstm
2020-09-21 20:45:00,0.0,-0.003482297,lstm
2020-09-21 20:45:00,0.0,-0.0021050274,lstm
2020-09-21 20:45:00,0.0,0.0002810657,lstm
2020-09-21 21:00:00,0.0,-0.0016828924,lstm
2020-09-21 21:00:00,0.0,-0.0035838038,lstm
2020-09-21 21:00:00,0.0,-0.0021171868,lstm
2020-09-21 21:00:00,0.0,0.0003016442,lstm
2020-09-21 21:15:00,0.0,-0.0018394142,lstm
2020-09-21 21:15:00,0.0,-0.0036128163,lstm
2020-09-21 21:15:00,0.0,-0.0020939857,lstm
2020-09-21 21:15:00,0.0,0.00031724572,lstm
2020-09-21 21:30:00,0.0,-0.0019247383,lstm
2020-09-21 21:30:00,0.0,-0.0036168247,lstm
2020-09-21 21:30:00,0.0,-0.002068296,lstm
2020-09-21 21:30:00,0.0,0.00034075975,lstm
2020-09-21 21:45:00,0.0,-0.0020867586,lstm
2020-09-21 21:45:00,0.0,-0.003711924,lstm
2020-09-21 21:45:00,0.0,-0.0021977276,lstm
2020-09-21 21:45:00,0.0,0.00032296777,lstm
2020-09-21 22:00:00,0.0,-0.002119869,lstm
2020-09-21 22:00:00,0.0,-0.0036878139,lstm
2020-09-21 22:00:00,0.0,-0.0021746755,lstm
2020-09-21 22:00:00,0.0,0.00037902594,lstm
2020-09-21 22:15:00,0.0,-0.0021421164,lstm
2020-09-21 22:15:00,0.0,-0.0036666691,lstm
2020-09-21 22:15:00,0.0,-0.0021408796,lstm
2020-09-21 22:15:00,0.0,0.00041989982,lstm
2020-09-21 22:30:00,0.0,-0.002159223,lstm
2020-09-21 22:30:00,0.0,-0.0036502779,lstm
2020-09-21 22:30:00,0.0,-0.0021145493,lstm
2020-09-21 22:30:00,0.0,0.0004490316,lstm
2020-09-21 22:45:00,0.0,-0.0023009926,lstm
2020-09-21 22:45:00,0.0,-0.003723517,lstm
2020-09-21 22:45:00,0.0,-0.002248913,lstm
2020-09-21 22:45:00,0.0,0.00043024123,lstm
2020-09-21 23:00:00,0.0,-0.0022915304,lstm
2020-09-21 23:00:00,0.0,-0.0036728382,lstm
2020-09-21 23:00:00,0.0,-0.002203539,lstm
2020-09-21 23:00:00,0.0,0.0004899651,lstm
2020-09-21 23:15:00,0.0,-0.002272427,lstm
2020-09-21 23:15:00,0.0,-0.0036365539,lstm
2020-09-21 23:15:00,0.0,-0.0021637976,lstm
2020-09-21 23:15:00,0.0,0.00051899254,lstm
2020-09-21 23:30:00,0.0,-0.0022668391,lstm
2020-09-21 23:30:00,0.0,-0.0036152601,lstm
2020-09-21 23:30:00,0.0,-0.0021389574,lstm
2020-09-21 23:30:00,0.0,0.000541687,lstm
2020-09-21 23:45:00,0.0,-0.0023808032,lstm
2020-09-21 23:45:00,0.0,-0.0036623627,lstm
2020-09-21 23:45:00,0.0,-0.002268985,lstm
2020-09-21 23:45:00,0.0,0.0005056411,lstm
2020-09-22 00:00:00,0.0,-0.00233683,lstm
2020-09-22 00:00:00,0.0,-0.003596574,lstm
2020-09-22 00:00:00,0.0,-0.002210781,lstm
2020-09-22 00:00:00,0.0,0.0005543828,lstm
2020-09-22 00:15:00,0.0,-0.0023148656,lstm
2020-09-22 00:15:00,0.0,-0.0035678148,lstm
2020-09-22 00:15:00,0.0,-0.0021797419,lstm
2020-09-22 00:15:00,0.0,0.0005722642,lstm
2020-09-22 00:30:00,0.0,-0.002301246,lstm
2020-09-22 00:30:00,0.0,-0.0035497546,lstm
2020-09-22 00:30:00,0.0,-0.0021604896,lstm
2020-09-22 00:30:00,0.0,0.00058172643,lstm
2020-09-22 00:45:00,0.0,-0.0024096519,lstm
2020-09-22 00:45:00,0.0,-0.0035880506,lstm
2020-09-22 00:45:00,0.0,-0.0022788793,lstm
2020-09-22 00:45:00,0.0,0.00054229796,lstm
2020-09-22 01:00:00,0.0,-0.0023626983,lstm
2020-09-22 01:00:00,0.0,-0.003521189,lstm
2020-09-22 01:00:00,0.0,-0.0022152811,lstm
2020-09-22 01:00:00,0.0,0.0005802214,lstm
2020-09-22 01:15:00,0.0,-0.002334103,lstm
2020-09-22 01:15:00,0.0,-0.0034938604,lstm
2020-09-22 01:15:00,0.0,-0.0021876842,lstm
2020-09-22 01:15:00,0.0,0.00058349967,lstm
2020-09-22 01:30:00,0.0,-0.0023205876,lstm
2020-09-22 01:30:00,0.0,-0.0034804046,lstm
2020-09-22 01:30:00,0.0,-0.0021751523,lstm
2020-09-22 01:30:00,0.0,0.0005839318,lstm
2020-09-22 01:45:00,0.0,-0.0023998022,lstm
2020-09-22 01:45:00,0.0,-0.0034983754,lstm
2020-09-22 01:45:00,0.0,-0.0022708178,lstm
2020-09-22 01:45:00,0.0,0.0005313903,lstm
2020-09-22 02:00:00,0.0,-0.0023294836,lstm
2020-09-22 02:00:00,0.0,-0.0034261495,lstm
2020-09-22 02:00:00,0.0,-0.0022058338,lstm
2020-09-22 02:00:00,0.0,0.0005452484,lstm
2020-09-22 02:15:00,0.0,-0.002292052,lstm
2020-09-22 02:15:00,0.0,-0.0034015477,lstm
2020-09-22 02:15:00,0.0,-0.0021863282,lstm
2020-09-22 02:15:00,0.0,0.0005347878,lstm
2020-09-22 02:30:00,0.0,-0.002270192,lstm
2020-09-22 02:30:00,0.0,-0.003388375,lstm
2020-09-22 02:30:00,0.0,-0.0021786839,lstm
2020-09-22 02:30:00,0.0,0.00052404404,lstm
2020-09-22 02:45:00,0.0,-0.0023165345,lstm
2020-09-22 02:45:00,0.0,-0.0033910424,lstm
2020-09-22 02:45:00,0.0,-0.002250269,lstm
2020-09-22 02:45:00,0.0,0.0004607141,lstm
2020-09-22 03:00:00,0.0,-0.0022598505,lstm
2020-09-22 03:00:00,0.0,-0.0033358783,lstm
2020-09-22 03:00:00,0.0,-0.0021968782,lstm
2020-09-22 03:00:00,0.0,0.00045970082,lstm
2020-09-22 03:15:00,0.0,-0.0022263825,lstm
2020-09-22 03:15:00,0.0,-0.0033184737,lstm
2020-09-22 03:15:00,0.0,-0.002183035,lstm
2020-09-22 03:15:00,0.0,0.00043800473,lstm
2020-09-22 03:30:00,0.0,-0.002197966,lstm
2020-09-22 03:30:00,0.0,-0.0033088326,lstm
2020-09-22 03:30:00,0.0,-0.0021827817,lstm
2020-09-22 03:30:00,0.0,0.00041349232,lstm
2020-09-22 03:45:00,0.0,-0.0022411495,lstm
2020-09-22 03:45:00,0.0,-0.003309831,lstm
2020-09-22 03:45:00,0.0,-0.0022300035,lstm
2020-09-22 03:45:00,0.0,0.0003556013,lstm
2020-09-22 04:00:00,0.0,-0.002196595,lstm
2020-09-22 04:00:00,0.0,-0.003275156,lstm
2020-09-22 04:00:00,0.0,-0.0021925122,lstm
2020-09-22 04:00:00,0.0,0.0003325194,lstm
2020-09-22 04:15:00,0.0,-0.0021651387,lstm
2020-09-22 04:15:00,0.0,-0.003269598,lstm
2020-09-22 04:15:00,0.0,-0.0021943152,lstm
2020-09-22 04:15:00,0.0,0.00029577315,lstm
2020-09-22 04:30:00,0.0,-0.0021448284,lstm
2020-09-22 04:30:00,0.0,-0.0032717288,lstm
2020-09-22 04:30:00,0.0,-0.002206713,lstm
2020-09-22 04:30:00,0.0,0.00026606023,lstm
2020-09-22 04:45:00,0.0,-0.0021862835,lstm
2020-09-22 04:45:00,0.0,-0.0032754838,lstm
2020-09-22 04:45:00,0.0,-0.0022280663,lstm
2020-09-22 04:45:00,0.0,0.00022155046,lstm
2020-09-22 05:00:00,0.0,-0.0021605045,lstm
2020-09-22 05:00:00,0.0,-0.0032696426,lstm
2020-09-22 05:00:00,0.0,-0.0022143126,lstm
2020-09-22 05:00:00,0.0,0.0001834929,lstm
2020-09-22 05:15:00,0.0,-0.0021377355,lstm
2020-09-22 05:15:00,0.0,-0.0032804757,lstm
2020-09-22 05:15:00,0.0,-0.0022344738,lstm
2020-09-22 05:15:00,0.0,0.00014348328,lstm
2020-09-22 05:30:00,0.0,-0.0021182448,lstm
2020-09-22 05:30:00,0.0,-0.0032934248,lstm
2020-09-22 05:30:00,0.0,-0.0022602975,lstm
2020-09-22 05:30:00,0.0,0.00010937452,lstm
2020-09-22 05:45:00,0.0,-0.002169773,lstm
2020-09-22 05:45:00,0.0,-0.0033068806,lstm
2020-09-22 05:45:00,0.0,-0.0022586137,lstm
2020-09-22 05:45:00,0.0,9.6708536e-05,lstm
2020-09-22 06:00:00,0.0,-0.00218831,lstm
2020-09-22 06:00:00,0.0,-0.003349349,lstm
2020-09-22 06:00:00,0.0,-0.002275765,lstm
2020-09-22 06:00:00,0.0,7.075071e-05,lstm
2020-09-22 06:15:00,0.0,-0.0021747649,lstm
2020-09-22 06:15:00,0.0,-0.003391862,lstm
2020-09-22 06:15:00,0.0,-0.0023178607,lstm
2020-09-22 06:15:00,0.0,3.8012862e-05,lstm
2020-09-22 06:30:00,0.0,-0.0021634698,lstm
2020-09-22 06:30:00,0.0,-0.0034523755,lstm
2020-09-22 06:30:00,0.0,-0.0023684204,lstm
2020-09-22 06:30:00,0.0,3.0502677e-05,lstm
2020-09-22 06:45:00,0.0,-0.0022394508,lstm
2020-09-22 06:45:00,0.0,-0.0035274327,lstm
2020-09-22 06:45:00,0.0,-0.0023322403,lstm
2020-09-22 06:45:00,0.0,0.00017005205,lstm
2020-09-22 07:00:00,0.0,-0.0023156255,lstm
2020-09-22 07:00:00,0.0,-0.0037366003,lstm
2020-09-22 07:00:00,0.0,-0.0023097098,lstm
2020-09-22 07:00:00,0.0,0.00052945316,lstm
2020-09-22 07:15:00,0.0,-0.0022997856,lstm
2020-09-22 07:15:00,0.0,-0.0040806085,lstm
2020-09-22 07:15:00,0.0,-0.0020053834,lstm
2020-09-22 07:15:00,0.0,0.0019628406,lstm
2020-09-22 07:30:00,0.0,-0.002312556,lstm
2020-09-22 07:30:00,0.0,-0.0042759776,lstm
2020-09-22 07:30:00,0.0,0.000103756785,lstm
2020-09-22 07:30:00,0.0039999783,0.008498326,lstm
2020-09-22 07:45:00,0.0,-0.0032490194,lstm
2020-09-22 07:45:00,0.0,-0.0027560145,lstm
2020-09-22 07:45:00,0.003999993,0.0058772564,lstm
2020-09-22 07:45:00,0.017800003,0.022975162,lstm
2020-09-22 08:00:00,0.0,-0.0049481243,lstm
2020-09-22 08:00:00,0.003999993,0.0033245385,lstm
2020-09-22 08:00:00,0.017800003,0.018895224,lstm
2020-09-22 08:00:00,0.06739999,0.050764486,lstm
2020-09-22 08:15:00,0.003999993,-0.0035246015,lstm
2020-09-22 08:15:00,0.017800003,0.0135630965,lstm
2020-09-22 08:15:00,0.06739999,0.03783028,lstm
2020-09-22 08:15:00,0.1152,0.08231623,lstm
2020-09-22 08:30:00,0.017800003,0.0008377433,lstm
2020-09-22 08:30:00,0.06740001,0.022219136,lstm
2020-09-22 08:30:00,0.1152,0.05330193,lstm
2020-09-22 08:30:00,0.1746,0.10053851,lstm
2020-09-22 08:45:00,0.06740001,0.0281834,lstm
2020-09-22 08:45:00,0.1152,0.061064765,lstm
2020-09-22 08:45:00,0.1746,0.104841605,lstm
2020-09-22 08:45:00,0.2328,0.15650882,lstm
2020-09-22 09:00:00,0.1152,0.10816724,lstm
2020-09-22 09:00:00,0.1746,0.15572235,lstm
2020-09-22 09:00:00,0.2328,0.21382757,lstm
2020-09-22 09:00:00,0.2968,0.26582724,lstm
2020-09-22 09:15:00,0.1746,0.16103399,lstm
2020-09-22 09:15:00,0.2328,0.21754892,lstm
2020-09-22 09:15:00,0.2968,0.2801489,lstm
2020-09-22 09:15:00,0.3612,0.33346272,lstm
2020-09-22 09:30:00,0.2328,0.22814846,lstm
2020-09-22 09:30:00,0.2968,0.2856164,lstm
2020-09-22 09:30:00,0.3612,0.34062394,lstm
2020-09-22 09:30:00,0.4194,0.3997779,lstm
2020-09-22 09:45:00,0.2968,0.29164785,lstm
2020-09-22 09:45:00,0.3612,0.35018164,lstm
2020-09-22 09:45:00,0.4194,0.3963796,lstm
2020-09-22 09:45:00,0.47280002,0.46110445,lstm
2020-09-22 10:00:00,0.3612,0.3610553,lstm
2020-09-22 10:00:00,0.4194,0.417603,lstm
2020-09-22 10:00:00,0.47280002,0.46111262,lstm
2020-09-22 10:00:00,0.5204,0.5245806,lstm
2020-09-22 10:15:00,0.4194,0.42942995,lstm
2020-09-22 10:15:00,0.4728,0.48065895,lstm
2020-09-22 10:15:00,0.5204,0.52355057,lstm
2020-09-22 10:15:00,0.5636,0.5781479,lstm
2020-09-22 10:30:00,0.4728,0.4957078,lstm
2020-09-22 10:30:00,0.5204,0.5384344,lstm
2020-09-22 10:30:00,0.5636,0.5781562,lstm
2020-09-22 10:30:00,0.6052,0.61987656,lstm
2020-09-22 10:45:00,0.5204,0.56026685,lstm
2020-09-22 10:45:00,0.5636,0.5941998,lstm
2020-09-22 10:45:00,0.6052,0.6281168,lstm
2020-09-22 10:45:00,0.6422,0.6607007,lstm
2020-09-22 11:00:00,0.5636,0.6126953,lstm
2020-09-22 11:00:00,0.6052,0.64166284,lstm
2020-09-22 11:00:00,0.6422,0.66937834,lstm
2020-09-22 11:00:00,0.6756,0.69886714,lstm
2020-09-22 11:15:00,0.6052,0.6552398,lstm
2020-09-22 11:15:00,0.6422,0.68173385,lstm
2020-09-22 11:15:00,0.6756,0.70417523,lstm
2020-09-22 11:15:00,0.703,0.7332483,lstm
2020-09-22 11:30:00,0.6422,0.69075805,lstm
2020-09-22 11:30:00,0.6756,0.7155168,lstm
2020-09-22 11:30:00,0.703,0.7342495,lstm
2020-09-22 11:30:00,0.7266,0.76321924,lstm
2020-09-22 11:45:00,0.6756,0.71903193,lstm
2020-09-22 11:45:00,0.70299995,0.741151,lstm
2020-09-22 11:45:00,0.7266,0.7567549,lstm
2020-09-22 11:45:00,0.7454001,0.78388906,lstm
2020-09-22 12:00:00,0.703,0.7431007,lstm
2020-09-22 12:00:00,0.72659993,0.7617252,lstm
2020-09-22 12:00:00,0.7454,0.7753047,lstm
2020-09-22 12:00:00,0.7676,0.7995014,lstm
2020-09-22 12:15:00,0.7266,0.76270276,lstm
2020-09-22 12:15:00,0.74539995,0.7769586,lstm
2020-09-22 12:15:00,0.7676,0.78884864,lstm
2020-09-22 12:15:00,0.7864,0.80948704,lstm
2020-09-22 12:30:00,0.7454,0.7800048,lstm
2020-09-22 12:30:00,0.76759994,0.7893264,lstm
2020-09-22 12:30:00,0.7864,0.7998794,lstm
2020-09-22 12:30:00,0.7942,0.81726986,lstm
2020-09-22 12:45:00,0.7676,0.79229075,lstm
2020-09-22 12:45:00,0.78639996,0.7970396,lstm
2020-09-22 12:45:00,0.7942,0.8057332,lstm
2020-09-22 12:45:00,0.8048,0.82011616,lstm
2020-09-22 13:00:00,0.7864,0.8015367,lstm
2020-09-22 13:00:00,0.79420006,0.8032576,lstm
2020-09-22 13:00:00,0.8048,0.8116781,lstm
2020-09-22 13:00:00,0.8098,0.8252573,lstm
2020-09-22 13:15:00,0.7942,0.80812263,lstm
2020-09-22 13:15:00,0.8047999,0.80773604,lstm
2020-09-22 13:15:00,0.8098,0.8153809,lstm
2020-09-22 13:15:00,0.8208,0.8269751,lstm
2020-09-22 13:30:00,0.8048,0.8054106,lstm
2020-09-22 13:30:00,0.8098,0.8035953,lstm
2020-09-22 13:30:00,0.8208,0.8092087,lstm
2020-09-22 13:30:00,0.8112,0.8179732,lstm
2020-09-22 13:45:00,0.8098,0.8095322,lstm
2020-09-22 13:45:00,0.82079995,0.8036052,lstm
2020-09-22 13:45:00,0.8112,0.8068086,lstm
2020-09-22 13:45:00,0.8136,0.81400615,lstm
2020-09-22 14:00:00,0.8208,0.80436796,lstm
2020-09-22 14:00:00,0.8112,0.7962084,lstm
2020-09-22 14:00:00,0.8136,0.79629976,lstm
2020-09-22 14:00:00,0.8252,0.79997444,lstm
2020-09-22 14:15:00,0.8112,0.79923743,lstm
2020-09-22 14:15:00,0.81359994,0.78747547,lstm
2020-09-22 14:15:00,0.8252,0.785384,lstm
2020-09-22 14:15:00,0.802,0.7864442,lstm
2020-09-22 14:30:00,0.8136,0.7797808,lstm
2020-09-22 14:30:00,0.82519996,0.76664114,lstm
2020-09-22 14:30:00,0.80200005,0.75947833,lstm
2020-09-22 14:30:00,0.7898,0.7542709,lstm
2020-09-22 14:45:00,0.8252001,0.7782911,lstm
2020-09-22 14:45:00,0.8019999,0.7581147,lstm
2020-09-22 14:45:00,0.7898,0.74625283,lstm
2020-09-22 14:45:00,0.7712,0.7385738,lstm
2020-09-22 15:00:00,0.802,0.77949876,lstm
2020-09-22 15:00:00,0.7897999,0.7525029,lstm
2020-09-22 15:00:00,0.7712,0.7374854,lstm
2020-09-22 15:00:00,0.76,0.72562355,lstm
2020-09-22 15:15:00,0.7898,0.74491006,lstm
2020-09-22 15:15:00,0.77119994,0.7173002,lstm
2020-09-22 15:15:00,0.76,0.6970375,lstm
2020-09-22 15:15:00,0.7332,0.6763854,lstm
2020-09-22 15:30:00,0.7712,0.7321146,lstm
2020-09-22 15:30:00,0.76,0.69492626,lstm
2020-09-22 15:30:00,0.7332,0.6703945,lstm
2020-09-22 15:30:00,0.7086,0.6480704,lstm
2020-09-22 15:45:00,0.76,0.71236503,lstm
2020-09-22 15:45:00,0.73319995,0.66860735,lstm
2020-09-22 15:45:00,0.7086,0.6388258,lstm
2020-09-22 15:45:00,0.6788,0.6125762,lstm
2020-09-22 16:00:00,0.7332,0.7007849,lstm
2020-09-22 16:00:00,0.7085999,0.64902246,lstm
2020-09-22 16:00:00,0.6788,0.61287695,lstm
2020-09-22 16:00:00,0.6374,0.58307123,lstm
2020-09-22 16:15:00,0.7086,0.68147254,lstm
2020-09-22 16:15:00,0.6788,0.6268302,lstm
2020-09-22 16:15:00,0.6374,0.58343816,lstm
2020-09-22 16:15:00,0.5964,0.54895246,lstm
2020-09-22 16:30:00,0.6788,0.6645515,lstm
2020-09-22 16:30:00,0.6374,0.6049156,lstm
2020-09-22 16:30:00,0.5964,0.55729157,lstm
2020-09-22 16:30:00,0.5478,0.52020025,lstm
2020-09-22 16:45:00,0.6374,0.63754827,lstm
2020-09-22 16:45:00,0.5964,0.57316864,lstm
2020-09-22 16:45:00,0.5478,0.5250589,lstm
2020-09-22 16:45:00,0.49400002,0.4858653,lstm
2020-09-22 17:00:00,0.5964,0.5949193,lstm
2020-09-22 17:00:00,0.5478,0.5282494,lstm
2020-09-22 17:00:00,0.49400002,0.48033267,lstm
2020-09-22 17:00:00,0.4412,0.4386667,lstm
2020-09-22 17:15:00,0.5478,0.551148,lstm
2020-09-22 17:15:00,0.494,0.48240528,lstm
2020-09-22 17:15:00,0.4412,0.42668062,lstm
2020-09-22 17:15:00,0.3826,0.37855273,lstm
2020-09-22 17:30:00,0.494,0.50814855,lstm
2020-09-22 17:30:00,0.4412,0.43690804,lstm
2020-09-22 17:30:00,0.3826,0.36823148,lstm
2020-09-22 17:30:00,0.3184,0.30885476,lstm
2020-09-22 17:45:00,0.4412,0.4560192,lstm
2020-09-22 17:45:00,0.3826,0.37844455,lstm
2020-09-22 17:45:00,0.3184,0.3002045,lstm
2020-09-22 17:45:00,0.2594,0.23123422,lstm
2020-09-22 18:00:00,0.3826,0.39574867,lstm
2020-09-22 18:00:00,0.3184,0.30848324,lstm
2020-09-22 18:00:00,0.2594,0.22770345,lstm
2020-09-22 18:00:00,0.1962,0.1569455,lstm
2020-09-22 18:15:00,0.3184,0.32276544,lstm
2020-09-22 18:15:00,0.2594,0.232515,lstm
2020-09-22 18:15:00,0.1962,0.15418527,lstm
2020-09-22 18:15:00,0.1378,0.0930491,lstm
2020-09-22 18:30:00,0.2594,0.2398563,lstm
2020-09-22 18:30:00,0.1962,0.15556279,lstm
2020-09-22 18:30:00,0.1378,0.0901356,lstm
2020-09-22 18:30:00,0.0844,0.04421243,lstm
2020-09-22 18:45:00,0.1962,0.16624624,lstm
2020-09-22 18:45:00,0.1378,0.09374448,lstm
2020-09-22 18:45:00,0.0844,0.050511286,lstm
2020-09-22 18:45:00,0.039000005,0.017042294,lstm
2020-09-22 19:00:00,0.1378,0.09546274,lstm
2020-09-22 19:00:00,0.0844,0.045177937,lstm
2020-09-22 19:00:00,0.039000005,0.02041769,lstm
2020-09-22 19:00:00,0.010000005,0.0050284564,lstm
2020-09-22 19:15:00,0.0844,0.044143066,lstm
2020-09-22 19:15:00,0.03899999,0.015352905,lstm
2020-09-22 19:15:00,0.010000005,0.002382189,lstm
2020-09-22 19:15:00,0.0,0.00044971704,lstm
2020-09-22 19:30:00,0.039000005,0.01859574,lstm
2020-09-22 19:30:00,0.010000005,0.0024930835,lstm
2020-09-22 19:30:00,0.0,-0.0032711476,lstm
2020-09-22 19:30:00,0.0,-0.0012385547,lstm
2020-09-22 19:45:00,0.010000005,0.007886425,lstm
2020-09-22 19:45:00,0.0,-0.0019126683,lstm
2020-09-22 19:45:00,0.0,-0.004254177,lstm
2020-09-22 19:45:00,0.0,-0.00136213,lstm
2020-09-22 20:00:00,0.0,0.0028423518,lstm
2020-09-22 20:00:00,0.0,-0.0034095943,lstm
2020-09-22 20:00:00,0.0,-0.0038599968,lstm
2020-09-22 20:00:00,0.0,-0.00088477135,lstm
2020-09-22 20:15:00,0.0,0.00034460425,lstm
2020-09-22 20:15:00,0.0,-0.0035752803,lstm
2020-09-22 20:15:00,0.0,-0.0031021535,lstm
2020-09-22 20:15:00,0.0,-0.00025063753,lstm
2020-09-22 20:30:00,0.0,-0.0009534955,lstm
2020-09-22 20:30:00,0.0,-0.0036521554,lstm
2020-09-22 20:30:00,0.0,-0.0024827272,lstm
2020-09-22 20:30:00,0.0,0.00013710558,lstm
2020-09-22 20:45:00,0.0,-0.001658693,lstm
2020-09-22 20:45:00,0.0,-0.0038111955,lstm
2020-09-22 20:45:00,0.0,-0.0023655146,lstm
2020-09-22 20:45:00,0.0,0.00017054379,lstm
2020-09-22 21:00:00,0.0,-0.0020198524,lstm
2020-09-22 21:00:00,0.0,-0.003873974,lstm
2020-09-22 21:00:00,0.0,-0.0022947043,lstm
2020-09-22 21:00:00,0.0,0.0002180934,lstm
2020-09-22 21:15:00,0.0,-0.0022202432,lstm
2020-09-22 21:15:00,0.0,-0.00390172,lstm
2020-09-22 21:15:00,0.0,-0.0022366792,lstm
2020-09-22 21:15:00,0.0,0.00027018785,lstm
2020-09-22 21:30:00,0.0,-0.0023329705,lstm
2020-09-22 21:30:00,0.0,-0.0039106607,lstm
2020-09-22 21:30:00,0.0,-0.0021929294,lstm
2020-09-22 21:30:00,0.0,0.00031264126,lstm
2020-09-22 21:45:00,0.0,-0.0024505556,lstm
2020-09-22 21:45:00,0.0,-0.003985241,lstm
2020-09-22 21:45:00,0.0,-0.0023038387,lstm
2020-09-22 21:45:00,0.0,0.00030001998,lstm
2020-09-22 22:00:00,0.0,-0.0025018156,lstm
2020-09-22 22:00:00,0.0,-0.003973812,lstm
2020-09-22 22:00:00,0.0,-0.0022943616,lstm
2020-09-22 22:00:00,0.0,0.00035089254,lstm
2020-09-22 22:15:00,0.0,-0.0025329143,lstm
2020-09-22 22:15:00,0.0,-0.0039577335,lstm
2020-09-22 22:15:00,0.0,-0.0022732317,lstm
2020-09-22 22:15:00,0.0,0.00039193034,lstm
2020-09-22 22:30:00,0.0,-0.0025501847,lstm
2020-09-22 22:30:00,0.0,-0.003940016,lstm
2020-09-22 22:30:00,0.0,-0.002251178,lstm
2020-09-22 22:30:00,0.0,0.0004245788,lstm
2020-09-22 22:45:00,0.0,-0.0026233196,lstm
2020-09-22 22:45:00,0.0,-0.0039839596,lstm
2020-09-22 22:45:00,0.0,-0.0023707598,lstm
2020-09-22 22:45:00,0.0,0.00040394068,lstm
2020-09-22 23:00:00,0.0,-0.0026180893,lstm
2020-09-22 23:00:00,0.0,-0.003941804,lstm
2020-09-22 23:00:00,0.0,-0.002345413,lstm
2020-09-22 23:00:00,0.0,0.00045402348,lstm
2020-09-22 23:15:00,0.0,-0.0026126504,lstm
2020-09-22 23:15:00,0.0,-0.0039123744,lstm
2020-09-22 23:15:00,0.0,-0.002321601,lstm
2020-09-22 23:15:00,0.0,0.0004875511,lstm
2020-09-22 23:30:00,0.0,-0.0026029944,lstm
2020-09-22 23:30:00,0.0,-0.0038846582,lstm
2020-09-22 23:30:00,0.0,-0.0022996664,lstm
2020-09-22 23:30:00,0.0,0.00051259995,lstm
2020-09-22 23:45:00,0.0,-0.0026548952,lstm
2020-09-22 23:45:00,0.0,-0.0039060414,lstm
2020-09-22 23:45:00,0.0,-0.0024165064,lstm
2020-09-22 23:45:00,0.0,0.00048018992,lstm
2020-09-23 00:00:00,0.0,-0.0026315153,lstm
2020-09-23 00:00:00,0.0,-0.0038540214,lstm
2020-09-23 00:00:00,0.0,-0.0023761392,lstm
2020-09-23 00:00:00,0.0,0.00053192675,lstm
2020-09-23 00:15:00,0.0,-0.002608344,lstm
2020-09-23 00:15:00,0.0,-0.003816381,lstm
2020-09-23 00:15:00,0.0,-0.0023470968,lstm
2020-09-23 00:15:00,0.0,0.00055615604,lstm
2020-09-23 00:30:00,0.0,-0.0025718212,lstm
2020-09-23 00:30:00,0.0,-0.0037738532,lstm
2020-09-23 00:30:00,0.0,-0.0023222119,lstm
2020-09-23 00:30:00,0.0,0.00057300925,lstm
2020-09-23 00:45:00,0.0,-0.0026134998,lstm
2020-09-23 00:45:00,0.0,-0.0037781894,lstm
2020-09-23 00:45:00,0.0,-0.0024202764,lstm
2020-09-23 00:45:00,0.0,0.0005402118,lstm
2020-09-23 01:00:00,0.0,-0.00254789,lstm
2020-09-23 01:00:00,0.0,-0.00369367,lstm
2020-09-23 01:00:00,0.0,-0.0023556203,lstm
2020-09-23 01:00:00,0.0,0.0005788058,lstm
2020-09-23 01:15:00,0.0,-0.0024905503,lstm
2020-09-23 01:15:00,0.0,-0.0036424994,lstm
2020-09-23 01:15:00,0.0,-0.0023183823,lstm
2020-09-23 01:15:00,0.0,0.00059208274,lstm
2020-09-23 01:30:00,0.0,-0.0024598688,lstm
2020-09-23 01:30:00,0.0,-0.0036135614,lstm
2020-09-23 01:30:00,0.0,-0.002294466,lstm
2020-09-23 01:30:00,0.0,0.00060395896,lstm
2020-09-23 01:45:00,0.0,-0.0025008917,lstm
2020-09-23 01:45:00,0.0,-0.0036091357,lstm
2020-09-23 01:45:00,0.0,-0.0023721755,lstm
2020-09-23 01:45:00,0.0,0.0005545914,lstm
2020-09-23 02:00:00,0.0,-0.002447173,lstm
2020-09-23 02:00:00,0.0,-0.0035416782,lstm
2020-09-23 02:00:00,0.0,-0.0023077577,lstm
2020-09-23 02:00:00,0.0,0.00058342516,lstm
2020-09-23 02:15:00,0.0,-0.0024108738,lstm
2020-09-23 02:15:00,0.0,-0.0035133362,lstm
2020-09-23 02:15:00,0.0,-0.002283901,lstm
2020-09-23 02:15:00,0.0,0.0005787909,lstm
2020-09-23 02:30:00,0.0,-0.0023630857,lstm
2020-09-23 02:30:00,0.0,-0.0034819096,lstm
2020-09-23 02:30:00,0.0,-0.0022699684,lstm
2020-09-23 02:30:00,0.0,0.0005593747,lstm
2020-09-23 02:45:00,0.0,-0.0023888648,lstm
2020-09-23 02:45:00,0.0,-0.003473565,lstm
2020-09-23 02:45:00,0.0,-0.0023324043,lstm
2020-09-23 02:45:00,0.0,0.0005027652,lstm
2020-09-23 03:00:00,0.0,-0.0023194402,lstm
2020-09-23 03:00:00,0.0,-0.0034080297,lstm
2020-09-23 03:00:00,0.0,-0.0022708178,lstm
2020-09-23 03:00:00,0.0,0.0005045682,lstm
2020-09-23 03:15:00,0.0,-0.0022734404,lstm
2020-09-23 03:15:00,0.0,-0.0033825785,lstm
2020-09-23 03:15:00,0.0,-0.0022513568,lstm
2020-09-23 03:15:00,0.0,0.00048583746,lstm
2020-09-23 03:30:00,0.0,-0.0022455603,lstm
2020-09-23 03:30:00,0.0,-0.0033711493,lstm
2020-09-23 03:30:00,0.0,-0.0022448301,lstm
2020-09-23 03:30:00,0.0,0.0004695207,lstm
2020-09-23 03:45:00,0.0,-0.002266109,lstm
2020-09-23 03:45:00,0.0,-0.0033604354,lstm
2020-09-23 03:45:00,0.0,-0.002281502,lstm
2020-09-23 03:45:00,0.0,0.00041215122,lstm
2020-09-23 04:00:00,0.0,-0.0022134185,lstm
2020-09-23 04:00:00,0.0,-0.003317818,lstm
2020-09-23 04:00:00,0.0,-0.0022386163,lstm
2020-09-23 04:00:00,0.0,0.00039575994,lstm
2020-09-23 04:15:00,0.0,-0.0021624863,lstm
2020-09-23 04:15:00,0.0,-0.0032975078,lstm
2020-09-23 04:15:00,0.0,-0.0022314638,lstm
2020-09-23 04:15:00,0.0,0.00036111474,lstm
2020-09-23 04:30:00,0.0,-0.002113834,lstm
2020-09-23 04:30:00,0.0,-0.0032825768,lstm
2020-09-23 04:30:00,0.0,-0.0022319108,lstm
2020-09-23 04:30:00,0.0,0.00032791495,lstm
2020-09-23 04:45:00,0.0,-0.0021340847,lstm
2020-09-23 04:45:00,0.0,-0.003270775,lstm
2020-09-23 04:45:00,0.0,-0.0022386163,lstm
2020-09-23 04:45:00,0.0,0.00029219687,lstm
2020-09-23 05:00:00,0.0,-0.002099067,lstm
2020-09-23 05:00:00,0.0,-0.003252238,lstm
2020-09-23 05:00:00,0.0,-0.0022103637,lstm
2020-09-23 05:00:00,0.0,0.00026907027,lstm
2020-09-23 05:15:00,0.0,-0.0020739734,lstm
2020-09-23 05:15:00,0.0,-0.0032567978,lstm
2020-09-23 05:15:00,0.0,-0.0022210777,lstm
2020-09-23 05:15:00,0.0,0.0002413243,lstm
2020-09-23 05:30:00,0.0,-0.0020642877,lstm
2020-09-23 05:30:00,0.0,-0.0032708794,lstm
2020-09-23 05:30:00,0.0,-0.002241671,lstm
2020-09-23 05:30:00,0.0,0.00021959841,lstm
2020-09-23 05:45:00,0.0,-0.0021209419,lstm
2020-09-23 05:45:00,0.0,-0.0032827556,lstm
2020-09-23 05:45:00,0.0,-0.0022343695,lstm
2020-09-23 05:45:00,0.0,0.00021865964,lstm
2020-09-23 06:00:00,0.0,-0.0021297634,lstm
2020-09-23 06:00:00,0.0,-0.0033141077,lstm
2020-09-23 06:00:00,0.0,-0.0022429526,lstm
2020-09-23 06:00:00,0.0,0.00019933283,lstm
2020-09-23 06:15:00,0.0,-0.0021117628,lstm
2020-09-23 06:15:00,0.0,-0.0033476502,lstm
2020-09-23 06:15:00,0.0,-0.0022802055,lstm
2020-09-23 06:15:00,0.0,0.00017762184,lstm
2020-09-23 06:30:00,0.0,-0.002094254,lstm
2020-09-23 06:30:00,0.0,-0.0033933073,lstm
2020-09-23 06:30:00,0.0,-0.0023228228,lstm
2020-09-23 06:30:00,0.0,0.00017599761,lstm
2020-09-23 06:45:00,0.0,-0.0021456182,lstm
2020-09-23 06:45:00,0.0,-0.0034438372,lstm
2020-09-23 06:45:00,0.0,-0.002280444,lstm
2020-09-23 06:45:00,0.0,0.00029356778,lstm
2020-09-23 07:00:00,0.0,-0.002209112,lstm
2020-09-23 07:00:00,0.0,-0.0036114007,lstm
2020-09-23 07:00:00,0.0,-0.0022572726,lstm
2020-09-23 07:00:00,0.0,0.0005941838,lstm
2020-09-23 07:15:00,0.0,-0.0022038817,lstm
2020-09-23 07:15:00,0.0,-0.0038857758,lstm
2020-09-23 07:15:00,0.0,-0.002047062,lstm
2020-09-23 07:15:00,0.00040002167,0.0016728938,lstm
2020-09-23 07:30:00,0.0,-0.0021048486,lstm
2020-09-23 07:30:00,0.0,-0.0041407943,lstm
2020-09-23 07:30:00,0.00040000677,-0.0005289614,lstm
2020-09-23 07:30:00,0.010399997,0.006549537,lstm
2020-09-23 07:45:00,0.0,-0.0026857853,lstm
2020-09-23 07:45:00,0.00040000677,-0.0030338466,lstm
2020-09-23 07:45:00,0.010399997,0.0043786317,lstm
2020-09-23 07:45:00,0.0362,0.018984407,lstm
2020-09-23 08:00:00,0.00040000677,-0.004377827,lstm
2020-09-23 08:00:00,0.010399997,0.002622947,lstm
2020-09-23 08:00:00,0.0362,0.01703307,lstm
2020-09-23 08:00:00,0.0774,0.04635942,lstm
2020-09-23 08:15:00,0.010399997,-0.0027462095,lstm
2020-09-23 08:15:00,0.0362,0.014382452,lstm
2020-09-23 08:15:00,0.0774,0.03851311,lstm
2020-09-23 08:15:00,0.13,0.08263302,lstm
2020-09-23 08:30:00,0.036199987,0.007696286,lstm
2020-09-23 08:30:00,0.0774,0.031582966,lstm
2020-09-23 08:30:00,0.13,0.06567247,lstm
2020-09-23 08:30:00,0.1964,0.11562679,lstm
2020-09-23 08:45:00,0.0774,0.05955687,lstm
2020-09-23 08:45:00,0.13,0.10038212,lstm
2020-09-23 08:45:00,0.1964,0.15283336,lstm
2020-09-23 08:45:00,0.2606,0.20799409,lstm
2020-09-23 09:00:00,0.13,0.12384659,lstm
2020-09-23 09:00:00,0.1964,0.17999195,lstm
2020-09-23 09:00:00,0.2606,0.24595624,lstm
2020-09-23 09:00:00,0.3234,0.30017284,lstm
2020-09-23 09:15:00,0.1964,0.18786354,lstm
2020-09-23 09:15:00,0.2606,0.2504478,lstm
2020-09-23 09:15:00,0.3234,0.31565905,lstm
2020-09-23 09:15:00,0.3834,0.3710434,lstm
2020-09-23 09:30:00,0.2606,0.2603083,lstm
2020-09-23 09:30:00,0.3234,0.32046604,lstm
2020-09-23 09:30:00,0.38340002,0.37324297,lstm
2020-09-23 09:30:00,0.4364,0.43566734,lstm
2020-09-23 09:45:00,0.3234,0.32543874,lstm
2020-09-23 09:45:00,0.3834,0.38442427,lstm
2020-09-23 09:45:00,0.4364,0.42898703,lstm
2020-09-23 09:45:00,0.49080002,0.49535453,lstm
2020-09-23 10:00:00,0.3834,0.3901831,lstm
2020-09-23 10:00:00,0.4364,0.44583246,lstm
2020-09-23 10:00:00,0.49080002,0.48935217,lstm
2020-09-23 10:00:00,0.53839993,0.55056673,lstm
2020-09-23 10:15:00,0.4364,0.45608348,lstm
2020-09-23 10:15:00,0.4908,0.5046327,lstm
2020-09-23 10:15:00,0.5384,0.5476526,lstm
2020-09-23 10:15:00,0.5844,0.59681183,lstm
2020-09-23 10:30:00,0.4908,0.5170482,lstm
2020-09-23 10:30:00,0.5384,0.5569073,lstm
2020-09-23 10:30:00,0.5844,0.59616774,lstm
2020-09-23 10:30:00,0.6274,0.6331345,lstm
2020-09-23 10:45:00,0.5384,0.5786884,lstm
2020-09-23 10:45:00,0.5844,0.61067975,lstm
2020-09-23 10:45:00,0.6274,0.6443663,lstm
2020-09-23 10:45:00,0.6648,0.6757829,lstm
2020-09-23 11:00:00,0.5844,0.6270672,lstm
2020-09-23 11:00:00,0.6274,0.6555884,lstm
2020-09-23 11:00:00,0.6648,0.6829605,lstm
2020-09-23 11:00:00,0.6986,0.71323436,lstm
2020-09-23 11:15:00,0.6274,0.6687981,lstm
2020-09-23 11:15:00,0.66480005,0.6950573,lstm
2020-09-23 11:15:00,0.6986,0.71738935,lstm
2020-09-23 11:15:00,0.7276,0.74827474,lstm
2020-09-23 11:30:00,0.6648,0.70352185,lstm
2020-09-23 11:30:00,0.69859993,0.7280402,lstm
2020-09-23 11:30:00,0.7276,0.7467195,lstm
2020-09-23 11:30:00,0.7528,0.7770834,lstm
2020-09-23 11:45:00,0.6986,0.73186654,lstm
2020-09-23 11:45:00,0.7276,0.7532129,lstm
2020-09-23 11:45:00,0.7528,0.76884955,lstm
2020-09-23 11:45:00,0.7724,0.7968045,lstm
2020-09-23 12:00:00,0.7276,0.7558114,lstm
2020-09-23 12:00:00,0.7528,0.77304816,lstm
2020-09-23 12:00:00,0.7724,0.7866877,lstm
2020-09-23 12:00:00,0.788,0.8113424,lstm
2020-09-23 12:15:00,0.7528,0.7763421,lstm
2020-09-23 12:15:00,0.7724,0.7887857,lstm
2020-09-23 12:15:00,0.788,0.800794,lstm
2020-09-23 12:15:00,0.8006,0.82159853,lstm
2020-09-23 12:30:00,0.7724,0.7921533,lstm
2020-09-23 12:30:00,0.788,0.799912,lstm
2020-09-23 12:30:00,0.8006,0.81068444,lstm
2020-09-23 12:30:00,0.8116,0.82830757,lstm
2020-09-23 12:45:00,0.788,0.8017459,lstm
2020-09-23 12:45:00,0.80059993,0.80553186,lstm
2020-09-23 12:45:00,0.8116,0.81460905,lstm
2020-09-23 12:45:00,0.8196,0.82934076,lstm
2020-09-23 13:00:00,0.8006,0.8063779,lstm
2020-09-23 13:00:00,0.81159997,0.80713785,lstm
2020-09-23 13:00:00,0.8196,0.8147463,lstm
2020-09-23 13:00:00,0.8246,0.82691115,lstm
2020-09-23 13:15:00,0.8116,0.8090262,lstm
2020-09-23 13:15:00,0.8196,0.8071101,lstm
2020-09-23 13:15:00,0.8246,0.81340635,lstm
2020-09-23 13:15:00,0.8298,0.8235916,lstm
2020-09-23 13:30:00,0.8196,0.81061584,lstm
2020-09-23 13:30:00,0.8246,0.80678463,lstm
2020-09-23 13:30:00,0.8298,0.81201583,lstm
2020-09-23 13:30:00,0.8248,0.82092845,lstm
2020-09-23 13:45:00,0.8246,0.8107165,lstm
2020-09-23 13:45:00,0.8298,0.8045645,lstm
2020-09-23 13:45:00,0.8248,0.80710226,lstm
2020-09-23 13:45:00,0.8222,0.8138862,lstm
2020-09-23 14:00:00,0.8298,0.8065438,lstm
2020-09-23 14:00:00,0.8248,0.7983465,lstm
2020-09-23 14:00:00,0.8222,0.79769963,lstm
2020-09-23 14:00:00,0.8042,0.8013988,lstm
2020-09-23 14:15:00,0.8248,0.80316293,lstm
2020-09-23 14:15:00,0.82219994,0.7925286,lstm
2020-09-23 14:15:00,0.8042,0.7888931,lstm
2020-09-23 14:15:00,0.79640007,0.78971887,lstm
2020-09-23 14:30:00,0.8222,0.7885411,lstm
2020-09-23 14:30:00,0.80419993,0.77578163,lstm
2020-09-23 14:30:00,0.7964,0.7675151,lstm
2020-09-23 14:30:00,0.7822,0.7626136,lstm
2020-09-23 14:45:00,0.8042,0.7812801,lstm
2020-09-23 14:45:00,0.79639995,0.7626517,lstm
2020-09-23 14:45:00,0.7822,0.7490922,lstm
2020-09-23 14:45:00,0.7618,0.73999023,lstm
2020-09-23 15:00:00,0.7964,0.7556112,lstm
2020-09-23 15:00:00,0.7822,0.7330495,lstm
2020-09-23 15:00:00,0.7618,0.71390474,lstm
2020-09-23 15:00:00,0.7438,0.69734675,lstm
2020-09-23 15:15:00,0.78220004,0.7443381,lstm
2020-09-23 15:15:00,0.76179993,0.71267927,lstm
2020-09-23 15:15:00,0.7438,0.6895314,lstm
2020-09-23 15:15:00,0.714,0.66990936,lstm
2020-09-23 15:30:00,0.7618,0.72762764,lstm
2020-09-23 15:30:00,0.7437999,0.6899243,lstm
2020-09-23 15:30:00,0.714,0.6626627,lstm
2020-09-23 15:30:00,0.68179995,0.6395974,lstm
2020-09-23 15:45:00,0.7438,0.7096471,lstm
2020-09-23 15:45:00,0.714,0.6649755,lstm
2020-09-23 15:45:00,0.6818,0.6312157,lstm
2020-09-23 15:45:00,0.6484,0.6035511,lstm
2020-09-23 16:00:00,0.714,0.69691485,lstm
2020-09-23 16:00:00,0.6818,0.6448359,lstm
2020-09-23 16:00:00,0.6484,0.6032196,lstm
2020-09-23 16:00:00,0.6124,0.5709258,lstm
2020-09-23 16:15:00,0.6818,0.6776221,lstm
2020-09-23 16:15:00,0.6484,0.6206464,lstm
2020-09-23 16:15:00,0.6124,0.5720047,lstm
2020-09-23 16:15:00,0.5704,0.5340275,lstm
2020-09-23 16:30:00,0.6484,0.6542108,lstm
2020-09-23 16:30:00,0.61240005,0.5916178,lstm
2020-09-23 16:30:00,0.5704,0.5418147,lstm
2020-09-23 16:30:00,0.5304,0.50247127,lstm
2020-09-23 16:45:00,0.6124,0.61874306,lstm
2020-09-23 16:45:00,0.5704,0.55127156,lstm
2020-09-23 16:45:00,0.5304,0.50467527,lstm
2020-09-23 16:45:00,0.4832,0.46596485,lstm
2020-09-23 17:00:00,0.5704,0.5773283,lstm
2020-09-23 17:00:00,0.5304,0.50803906,lstm
2020-09-23 17:00:00,0.4832,0.45927894,lstm
2020-09-23 17:00:00,0.4302,0.41843313,lstm
2020-09-23 17:15:00,0.5304,0.5318166,lstm
2020-09-23 17:15:00,0.4832,0.4625579,lstm
2020-09-23 17:15:00,0.4302,0.4030093,lstm
2020-09-23 17:15:00,0.3692,0.3546664,lstm
2020-09-23 17:30:00,0.4832,0.4870656,lstm
2020-09-23 17:30:00,0.4302,0.41643834,lstm
2020-09-23 17:30:00,0.3692,0.34464663,lstm
2020-09-23 17:30:00,0.308,0.28741226,lstm
2020-09-23 17:45:00,0.4302,0.44208992,lstm
2020-09-23 17:45:00,0.3692,0.3664006,lstm
2020-09-23 17:45:00,0.308,0.28690523,lstm
2020-09-23 17:45:00,0.246,0.22246708,lstm
2020-09-23 18:00:00,0.3692,0.38673037,lstm
2020-09-23 18:00:00,0.308,0.3040713,lstm
2020-09-23 18:00:00,0.246,0.22332697,lstm
2020-09-23 18:00:00,0.1834,0.15788671,lstm
2020-09-23 18:15:00,0.308,0.31930575,lstm
2020-09-23 18:15:00,0.246,0.23297684,lstm
2020-09-23 18:15:00,0.1834,0.15619126,lstm
2020-09-23 18:15:00,0.125,0.09806063,lstm
2020-09-23 18:30:00,0.246,0.24228688,lstm
2020-09-23 18:30:00,0.1834,0.15959372,lstm
2020-09-23 18:30:00,0.125,0.09393215,lstm
2020-09-23 18:30:00,0.0746,0.04887198,lstm
2020-09-23 18:45:00,0.1834,0.17042874,lstm
2020-09-23 18:45:00,0.125,0.09765293,lstm
2020-09-23 18:45:00,0.0746,0.053502545,lstm
2020-09-23 18:45:00,0.03559999,0.020172104,lstm
2020-09-23 19:00:00,0.125,0.09946329,lstm
2020-09-23 19:00:00,0.0746,0.047247916,lstm
2020-09-23 19:00:00,0.03559999,0.021629617,lstm
2020-09-23 19:00:00,0.009200007,0.00578396,lstm
2020-09-23 19:15:00,0.0746,0.046678573,lstm
2020-09-23 19:15:00,0.035600007,0.016634569,lstm
2020-09-23 19:15:00,0.009200007,0.0029357374,lstm
2020-09-23 19:15:00,0.0,0.000996396,lstm
2020-09-23 19:30:00,0.03559999,0.019751906,lstm
2020-09-23 19:30:00,0.009200007,0.0030200481,lstm
2020-09-23 19:30:00,0.0,-0.003241688,lstm
2020-09-23 19:30:00,0.0,-0.0009377152,lstm
2020-09-23 19:45:00,0.009200007,0.008333564,lstm
2020-09-23 19:45:00,0.0,-0.0017291754,lstm
2020-09-23 19:45:00,0.0,-0.004304707,lstm
2020-09-23 19:45:00,0.0,-0.0011581331,lstm
2020-09-23 20:00:00,0.0,0.0029625297,lstm
2020-09-23 20:00:00,0.0,-0.0034730136,lstm
2020-09-23 20:00:00,0.0,-0.0041265488,lstm
2020-09-23 20:00:00,0.0,-0.0008877516,lstm
2020-09-23 20:15:00,0.0,0.0003094375,lstm
2020-09-23 20:15:00,0.0,-0.003789395,lstm
2020-09-23 20:15:00,0.0,-0.0034574121,lstm
2020-09-23 20:15:00,0.0,-0.00034812093,lstm
2020-09-23 20:30:00,0.0,-0.0010171086,lstm
2020-09-23 20:30:00,0.0,-0.0038964152,lstm
2020-09-23 20:30:00,0.0,-0.0028511584,lstm
2020-09-23 20:30:00,0.0,-1.2367964e-06,lstm
2020-09-23 20:45:00,0.0,-0.0017042607,lstm
2020-09-23 20:45:00,0.0,-0.004039854,lstm
2020-09-23 20:45:00,0.0,-0.0027061105,lstm
2020-09-23 20:45:00,0.0,2.6032329e-05,lstm
2020-09-23 21:00:00,0.0,-0.0020834953,lstm
2020-09-23 21:00:00,0.0,-0.004115954,lstm
2020-09-23 21:00:00,0.0,-0.002638504,lstm
2020-09-23 21:00:00,0.0,6.0781837e-05,lstm
2020-09-23 21:15:00,0.0,-0.0022964627,lstm
2020-09-23 21:15:00,0.0,-0.004146412,lstm
2020-09-23 21:15:00,0.0,-0.00257501,lstm
2020-09-23 21:15:00,0.0,0.00010916591,lstm
2020-09-23 21:30:00,0.0,-0.0024231672,lstm
2020-09-23 21:30:00,0.0,-0.0041586906,lstm
2020-09-23 21:30:00,0.0,-0.0025233924,lstm
2020-09-23 21:30:00,0.0,0.00015291572,lstm
2020-09-23 21:45:00,0.0,-0.0025146157,lstm
2020-09-23 21:45:00,0.0,-0.004215777,lstm
2020-09-23 21:45:00,0.0,-0.002616182,lstm
2020-09-23 21:45:00,0.0,0.0001424253,lstm
2020-09-23 22:00:00,0.0,-0.0025735348,lstm
2020-09-23 22:00:00,0.0,-0.0042102337,lstm
2020-09-23 22:00:00,0.0,-0.0026120245,lstm
2020-09-23 22:00:00,0.0,0.00018979609,lstm
2020-09-23 22:15:00,0.0,-0.0026088804,lstm
2020-09-23 22:15:00,0.0,-0.004197195,lstm
2020-09-23 22:15:00,0.0,-0.002589181,lstm
2020-09-23 22:15:00,0.0,0.00023117661,lstm
2020-09-23 22:30:00,0.0,-0.002632469,lstm
2020-09-23 22:30:00,0.0,-0.004178643,lstm
2020-09-23 22:30:00,0.0,-0.0025589168,lstm
2020-09-23 22:30:00,0.0,0.00026500225,lstm
2020-09-23 22:45:00,0.0,-0.0026736408,lstm
2020-09-23 22:45:00,0.0,-0.004205227,lstm
2020-09-23 22:45:00,0.0,-0.0026600808,lstm
2020-09-23 22:45:00,0.0,0.00024433434,lstm
2020-09-23 23:00:00,0.0,-0.002681166,lstm
2020-09-23 23:00:00,0.0,-0.004170418,lstm
2020-09-23 23:00:00,0.0,-0.002639681,lstm
2020-09-23 23:00:00,0.0,0.00029098988,lstm
2020-09-23 23:15:00,0.0,-0.0026818365,lstm
2020-09-23 23:15:00,0.0,-0.0041457266,lstm
2020-09-23 23:15:00,0.0,-0.0026208907,lstm
2020-09-23 23:15:00,0.0,0.00032278895,lstm
2020-09-23 23:30:00,0.0,-0.0026819855,lstm
2020-09-23 23:30:00,0.0,-0.0041253716,lstm
2020-09-23 23:30:00,0.0,-0.0026021749,lstm
2020-09-23 23:30:00,0.0,0.00034801662,lstm
2020-09-23 23:45:00,0.0,-0.0027109832,lstm
2020-09-23 23:45:00,0.0,-0.004130423,lstm
2020-09-23 23:45:00,0.0,-0.0026929528,lstm
2020-09-23 23:45:00,0.0,0.00032442808,lstm
2020-09-24 00:00:00,0.0,-0.0026931912,lstm
2020-09-24 00:00:00,0.0,-0.004075438,lstm
2020-09-24 00:00:00,0.0,-0.0026542693,lstm
2020-09-24 00:00:00,0.0,0.00037491322,lstm
2020-09-24 00:15:00,0.0,-0.0026752353,lstm
2020-09-24 00:15:00,0.0,-0.004036844,lstm
2020-09-24 00:15:00,0.0,-0.0026238263,lstm
2020-09-24 00:15:00,0.0,0.00041010976,lstm
2020-09-24 00:30:00,0.0,-0.0026622266,lstm
2020-09-24 00:30:00,0.0,-0.004004851,lstm
2020-09-24 00:30:00,0.0,-0.0025982112,lstm
2020-09-24 00:30:00,0.0,0.0004374087,lstm
2020-09-24 00:45:00,0.0,-0.0026771128,lstm
2020-09-24 00:45:00,0.0,-0.0039931536,lstm
2020-09-24 00:45:00,0.0,-0.002677694,lstm
2020-09-24 00:45:00,0.0,0.00041130185,lstm
2020-09-24 01:00:00,0.0,-0.002643153,lstm
2020-09-24 01:00:00,0.0,-0.003926888,lstm
2020-09-24 01:00:00,0.0,-0.0026191175,lstm
2020-09-24 01:00:00,0.0,0.00045639277,lstm
2020-09-24 01:15:00,0.0,-0.0026174039,lstm
2020-09-24 01:15:00,0.0,-0.0038964152,lstm
2020-09-24 01:15:00,0.0,-0.0025836527,lstm
2020-09-24 01:15:00,0.0,0.00047828257,lstm
2020-09-24 01:30:00,0.0,-0.0025971085,lstm
2020-09-24 01:30:00,0.0,-0.0038648546,lstm
2020-09-24 01:30:00,0.0,-0.0025571436,lstm
2020-09-24 01:30:00,0.0,0.00048570335,lstm
2020-09-24 01:45:00,0.0,-0.00260216,lstm
2020-09-24 01:45:00,0.0,-0.0038491637,lstm
2020-09-24 01:45:00,0.0,-0.0026247054,lstm
2020-09-24 01:45:00,0.0,0.00043840706,lstm
2020-09-24 02:00:00,0.0,-0.0025401711,lstm
2020-09-24 02:00:00,0.0,-0.0037577003,lstm
2020-09-24 02:00:00,0.0,-0.0025569648,lstm
2020-09-24 02:00:00,0.0,0.00046603382,lstm
2020-09-24 02:15:00,0.0,-0.0024931878,lstm
2020-09-24 02:15:00,0.0,-0.003713265,lstm
2020-09-24 02:15:00,0.0,-0.0025132596,lstm
2020-09-24 02:15:00,0.0,0.00048932433,lstm
2020-09-24 02:30:00,0.0,-0.0024639517,lstm
2020-09-24 02:30:00,0.0,-0.0036868006,lstm
2020-09-24 02:30:00,0.0,-0.002481684,lstm
2020-09-24 02:30:00,0.0,0.000496909,lstm
2020-09-24 02:45:00,0.0,-0.0024550855,lstm
2020-09-24 02:45:00,0.0,-0.0036460161,lstm
2020-09-24 02:45:00,0.0,-0.002520308,lstm
2020-09-24 02:45:00,0.0,0.00044228137,lstm
2020-09-24 03:00:00,0.0,-0.0023763627,lstm
2020-09-24 03:00:00,0.0,-0.0035548806,lstm
2020-09-24 03:00:00,0.0,-0.0024491847,lstm
2020-09-24 03:00:00,0.0,0.00046275556,lstm
2020-09-24 03:15:00,0.0,-0.0023201704,lstm
2020-09-24 03:15:00,0.0,-0.0035137534,lstm
2020-09-24 03:15:00,0.0,-0.0024191588,lstm
2020-09-24 03:15:00,0.0,0.00046990812,lstm
2020-09-24 03:30:00,0.0,-0.0022837222,lstm
2020-09-24 03:30:00,0.0,-0.0034864098,lstm
2020-09-24 03:30:00,0.0,-0.002401501,lstm
2020-09-24 03:30:00,0.0,0.0004658401,lstm
2020-09-24 03:45:00,0.0,-0.002281651,lstm
2020-09-24 03:45:00,0.0,-0.0034537762,lstm
2020-09-24 03:45:00,0.0,-0.0024217963,lstm
2020-09-24 03:45:00,0.0,0.00042049587,lstm
2020-09-24 04:00:00,0.0,-0.0022183508,lstm
2020-09-24 04:00:00,0.0,-0.0033938885,lstm
2020-09-24 04:00:00,0.0,-0.0023661256,lstm
2020-09-24 04:00:00,0.0,0.0004207492,lstm
2020-09-24 04:15:00,0.0,-0.0021821707,lstm
2020-09-24 04:15:00,0.0,-0.0033751726,lstm
2020-09-24 04:15:00,0.0,-0.002350986,lstm
2020-09-24 04:15:00,0.0,0.00041373074,lstm
2020-09-24 04:30:00,0.0,-0.002158478,lstm
2020-09-24 04:30:00,0.0,-0.0033649057,lstm
2020-09-24 04:30:00,0.0,-0.0023478419,lstm
2020-09-24 04:30:00,0.0,0.00039716065,lstm
2020-09-24 04:45:00,0.0,-0.0021742731,lstm
2020-09-24 04:45:00,0.0,-0.003349334,lstm
2020-09-24 04:45:00,0.0,-0.0023569316,lstm
2020-09-24 04:45:00,0.0,0.00036168098,lstm
2020-09-24 05:00:00,0.0,-0.0021478534,lstm
2020-09-24 05:00:00,0.0,-0.0033321083,lstm
2020-09-24 05:00:00,0.0,-0.002330497,lstm
2020-09-24 05:00:00,0.0,0.00035707653,lstm
2020-09-24 05:15:00,0.0,-0.0021274686,lstm
2020-09-24 05:15:00,0.0,-0.0033383518,lstm
2020-09-24 05:15:00,0.0,-0.0023440272,lstm
2020-09-24 05:15:00,0.0,0.0003451258,lstm
2020-09-24 05:30:00,0.0,-0.0021004826,lstm
2020-09-24 05:30:00,0.0,-0.0033377558,lstm
2020-09-24 05:30:00,0.0,-0.0023620278,lstm
2020-09-24 05:30:00,0.0,0.00031907856,lstm
2020-09-24 05:45:00,0.0,-0.00213027,lstm
2020-09-24 05:45:00,0.0,-0.0033325702,lstm
2020-09-24 05:45:00,0.0,-0.0023514181,lstm
2020-09-24 05:45:00,0.0,0.0003196448,lstm
2020-09-24 06:00:00,0.0,-0.0021286458,lstm
2020-09-24 06:00:00,0.0,-0.0033493042,lstm
2020-09-24 06:00:00,0.0,-0.0023405254,lstm
2020-09-24 06:00:00,0.0,0.0003323853,lstm
2020-09-24 06:15:00,0.0,-0.002115354,lstm
2020-09-24 06:15:00,0.0,-0.0033768862,lstm
2020-09-24 06:15:00,0.0,-0.0023630112,lstm
2020-09-24 06:15:00,0.0,0.00033837557,lstm
2020-09-24 06:30:00,0.0,-0.002090007,lstm
2020-09-24 06:30:00,0.0,-0.0034062862,lstm
2020-09-24 06:30:00,0.0,-0.0023913234,lstm
2020-09-24 06:30:00,0.0,0.00034798682,lstm
2020-09-24 06:45:00,0.0,-0.0021492392,lstm
2020-09-24 06:45:00,0.0,-0.0034403354,lstm
2020-09-24 06:45:00,0.0,-0.0023406297,lstm
2020-09-24 06:45:00,0.0,0.0004800707,lstm
2020-09-24 07:00:00,0.0,-0.0021811724,lstm
2020-09-24 07:00:00,0.0,-0.0035448074,lstm
2020-09-24 07:00:00,0.0,-0.0022947341,lstm
2020-09-24 07:00:00,0.0,0.0007163584,lstm
2020-09-24 07:15:00,0.0,-0.0021855682,lstm
2020-09-24 07:15:00,0.0,-0.0037268996,lstm
2020-09-24 07:15:00,0.0,-0.0021315515,lstm
2020-09-24 07:15:00,0.0,0.0014816523,lstm
2020-09-24 07:30:00,0.0,-0.0020613074,lstm
2020-09-24 07:30:00,0.0,-0.003934145,lstm
2020-09-24 07:30:00,0.0,-0.0011390746,lstm
2020-09-24 07:30:00,0.010399997,0.0046124756,lstm
2020-09-24 07:45:00,0.0,-0.0022753477,lstm
2020-09-24 07:45:00,0.0,-0.0034203231,lstm
2020-09-24 07:45:00,0.010399997,0.0023634136,lstm
2020-09-24 07:45:00,0.018399999,0.013449743,lstm
2020-09-24 08:00:00,0.0,-0.003774345,lstm
2020-09-24 08:00:00,0.010399997,0.0008135438,lstm
2020-09-24 08:00:00,0.018399999,0.013236076,lstm
2020-09-24 08:00:00,0.042400017,0.037240922,lstm
2020-09-24 08:15:00,0.010399997,-0.0028645098,lstm
2020-09-24 08:15:00,0.018399999,0.013273761,lstm
2020-09-24 08:15:00,0.042400002,0.035947457,lstm
2020-09-24 08:15:00,0.1298,0.0766225,lstm
2020-09-24 08:30:00,0.018399999,0.009117067,lstm
2020-09-24 08:30:00,0.042400002,0.03418289,lstm
2020-09-24 08:30:00,0.1298,0.06841868,lstm
2020-09-24 08:30:00,0.168,0.11790116,lstm
2020-09-24 08:45:00,0.042400002,0.03049764,lstm
2020-09-24 08:45:00,0.1298,0.06765081,lstm
2020-09-24 08:45:00,0.168,0.11495908,lstm
2020-09-24 08:45:00,0.1714,0.17028123,lstm
2020-09-24 09:00:00,0.1298,0.06934182,lstm
2020-09-24 09:00:00,0.168,0.118140504,lstm
2020-09-24 09:00:00,0.1714,0.17481989,lstm
2020-09-24 09:00:00,0.3012,0.22937919,lstm
2020-09-24 09:15:00,0.168,0.18001205,lstm
2020-09-24 09:15:00,0.1714,0.23878893,lstm
2020-09-24 09:15:00,0.3012,0.30595428,lstm
2020-09-24 09:15:00,0.2716,0.36407155,lstm
2020-09-24 09:30:00,0.1714,0.19891056,lstm
2020-09-24 09:30:00,0.3012,0.26099944,lstm
2020-09-24 09:30:00,0.2716,0.31485558,lstm
2020-09-24 09:30:00,0.3086,0.37821817,lstm
2020-09-24 09:45:00,0.3012,0.21551971,lstm
2020-09-24 09:45:00,0.2716,0.28069526,lstm
2020-09-24 09:45:00,0.3086,0.32600138,lstm
2020-09-24 09:45:00,0.4388,0.382329,lstm
2020-09-24 10:00:00,0.2716,0.35578495,lstm
2020-09-24 10:00:00,0.3086,0.40663248,lstm
2020-09-24 10:00:00,0.4388,0.45153773,lstm
2020-09-24 10:00:00,0.4554,0.5105118,lstm
2020-09-24 10:15:00,0.3086,0.31654093,lstm
2020-09-24 10:15:00,0.4388,0.37867275,lstm
2020-09-24 10:15:00,0.4554,0.41704655,lstm
2020-09-24 10:15:00,0.51,0.46590042,lstm
2020-09-24 10:30:00,0.4388,0.3948481,lstm
2020-09-24 10:30:00,0.4554,0.44649956,lstm
2020-09-24 10:30:00,0.51,0.48605472,lstm
2020-09-24 10:30:00,0.2864,0.52830505,lstm
2020-09-24 10:45:00,0.4554,0.4957423,lstm
2020-09-24 10:45:00,0.51,0.532057,lstm
2020-09-24 10:45:00,0.2864,0.5678265,lstm
2020-09-24 10:45:00,0.324,0.6054301,lstm
2020-09-24 11:00:00,0.51,0.5155598,lstm
2020-09-24 11:00:00,0.2864,0.5534848,lstm
2020-09-24 11:00:00,0.324,0.58267486,lstm
2020-09-24 11:00:00,0.5254,0.61435866,lstm
2020-09-24 11:15:00,0.2864,0.5650723,lstm
2020-09-24 11:15:00,0.324,0.5964498,lstm
2020-09-24 11:15:00,0.5254,0.6206979,lstm
2020-09-24 11:15:00,0.49660003,0.6538548,lstm
2020-09-24 11:30:00,0.324,0.45726356,lstm
2020-09-24 11:30:00,0.5254,0.51471055,lstm
2020-09-24 11:30:00,0.49660003,0.5387885,lstm
2020-09-24 11:30:00,0.5744,0.55505246,lstm
2020-09-24 11:45:00,0.5254,0.49119818,lstm
2020-09-24 11:45:00,0.4966,0.5314264,lstm
2020-09-24 11:45:00,0.5744,0.55231994,lstm
2020-09-24 11:45:00,0.7508,0.58191,lstm
2020-09-24 12:00:00,0.4966,0.5940734,lstm
2020-09-24 12:00:00,0.5744,0.60508406,lstm
2020-09-24 12:00:00,0.7508,0.6134775,lstm
2020-09-24 12:00:00,0.7412,0.64510304,lstm
2020-09-24 12:15:00,0.5744,0.59888005,lstm
2020-09-24 12:15:00,0.7508,0.6164492,lstm
2020-09-24 12:15:00,0.7412,0.6223309,lstm
2020-09-24 12:15:00,0.6966,0.6404545,lstm
2020-09-24 12:30:00,0.7508,0.630172,lstm
2020-09-24 12:30:00,0.7412,0.62872285,lstm
2020-09-24 12:30:00,0.6966,0.6288907,lstm
2020-09-24 12:30:00,0.728,0.6456187,lstm
2020-09-24 12:45:00,0.7412,0.73071015,lstm
2020-09-24 12:45:00,0.69659996,0.7078353,lstm
2020-09-24 12:45:00,0.728,0.70499545,lstm
2020-09-24 12:45:00,0.5324,0.71755433,lstm
2020-09-24 13:00:00,0.6966,0.7279221,lstm
2020-09-24 13:00:00,0.7279999,0.7132902,lstm
2020-09-24 13:00:00,0.5324,0.70633715,lstm
2020-09-24 13:00:00,0.5948,0.70031726,lstm
2020-09-24 13:15:00,0.728,0.6958736,lstm
2020-09-24 13:15:00,0.5324,0.6870179,lstm
2020-09-24 13:15:00,0.59479994,0.6756645,lstm
2020-09-24 13:15:00,0.4968,0.66496074,lstm
2020-09-24 13:30:00,0.5324,0.7225452,lstm
2020-09-24 13:30:00,0.5948,0.70195687,lstm
2020-09-24 13:30:00,0.4968,0.6875527,lstm
2020-09-24 13:30:00,0.4472,0.68054813,lstm
2020-09-24 13:45:00,0.5948,0.5666198,lstm
2020-09-24 13:45:00,0.4968,0.6013663,lstm
2020-09-24 13:45:00,0.4472,0.59290075,lstm
2020-09-24 13:45:00,0.2826,0.5901432,lstm
2020-09-24 14:00:00,0.4968,0.6044401,lstm
2020-09-24 14:00:00,0.4472,0.60719687,lstm
2020-09-24 14:00:00,0.2826,0.59973097,lstm
2020-09-24 14:00:00,0.3542,0.60728353,lstm
2020-09-24 14:15:00,0.4472,0.5288156,lstm
2020-09-24 14:15:00,0.2826,0.5575359,lstm
2020-09-24 14:15:00,0.3542,0.55291516,lstm
2020-09-24 14:15:00,0.46180004,0.55553496,lstm
2020-09-24 14:30:00,0.2826,0.48079762,lstm
2020-09-24 14:30:00,0.3542,0.5143681,lstm
2020-09-24 14:30:00,0.46180004,0.5113502,lstm
2020-09-24 14:30:00,0.7046,0.51357955,lstm
2020-09-24 14:45:00,0.3542,0.3582273,lstm
2020-09-24 14:45:00,0.4618,0.4223294,lstm
2020-09-24 14:45:00,0.7046,0.4300139,lstm
2020-09-24 14:45:00,0.7354,0.43589234,lstm
2020-09-24 15:00:00,0.4618,0.42735574,lstm
2020-09-24 15:00:00,0.7046,0.44248545,lstm
2020-09-24 15:00:00,0.7354,0.44172907,lstm
2020-09-24 15:00:00,0.7074,0.44046724,lstm
2020-09-24 15:15:00,0.7046,0.5006685,lstm
2020-09-24 15:15:00,0.73539996,0.47367558,lstm
2020-09-24 15:15:00,0.7074,0.45259547,lstm
2020-09-24 15:15:00,0.683,0.440243,lstm
2020-09-24 15:30:00,0.7354,0.6219028,lstm
2020-09-24 15:30:00,0.70739996,0.55444425,lstm
2020-09-24 15:30:00,0.683,0.5138256,lstm
2020-09-24 15:30:00,0.658,0.47960055,lstm
2020-09-24 15:45:00,0.7074,0.63495326,lstm
2020-09-24 15:45:00,0.683,0.5700035,lstm
2020-09-24 15:45:00,0.658,0.5259636,lstm
2020-09-24 15:45:00,0.6248,0.48447472,lstm
2020-09-24 16:00:00,0.683,0.618729,lstm
2020-09-24 16:00:00,0.658,0.56306505,lstm
2020-09-24 16:00:00,0.6248,0.5219902,lstm
2020-09-24 16:00:00,0.5926,0.48141593,lstm
2020-09-24 16:15:00,0.658,0.6066263,lstm
2020-09-24 16:15:00,0.6248,0.5479438,lstm
2020-09-24 16:15:00,0.5926,0.50566304,lstm
2020-09-24 16:15:00,0.5502,0.46926904,lstm
2020-09-24 16:30:00,0.6248,0.5989555,lstm
2020-09-24 16:30:00,0.5926,0.5386163,lstm
2020-09-24 16:30:00,0.5502,0.4963026,lstm
2020-09-24 16:30:00,0.5094,0.4617061,lstm
2020-09-24 16:45:00,0.5926,0.5759268,lstm
2020-09-24 16:45:00,0.5502,0.5219119,lstm
2020-09-24 16:45:00,0.5094,0.48194367,lstm
2020-09-24 16:45:00,0.46500003,0.44823468,lstm
2020-09-24 17:00:00,0.5502,0.5461825,lstm
2020-09-24 17:00:00,0.5094,0.4847461,lstm
2020-09-24 17:00:00,0.46500003,0.4375846,lstm
2020-09-24 17:00:00,0.408,0.39432,lstm
2020-09-24 17:15:00,0.5094,0.50067586,lstm
2020-09-24 17:15:00,0.465,0.43537858,lstm
2020-09-24 17:15:00,0.408,0.37699372,lstm
2020-09-24 17:15:00,0.3544,0.3203264,lstm
2020-09-24 17:30:00,0.465,0.4565349,lstm
2020-09-24 17:30:00,0.408,0.3854906,lstm
2020-09-24 17:30:00,0.3544,0.3194555,lstm
2020-09-24 17:30:00,0.2932,0.2551072,lstm
2020-09-24 17:45:00,0.408,0.40451533,lstm
2020-09-24 17:45:00,0.35440004,0.32151866,lstm
2020-09-24 17:45:00,0.2932,0.24654657,lstm
2020-09-24 17:45:00,0.2302,0.17675965,lstm
2020-09-24 18:00:00,0.3544,0.34313303,lstm
2020-09-24 18:00:00,0.2932,0.25837755,lstm
2020-09-24 18:00:00,0.2302,0.18050624,lstm
2020-09-24 18:00:00,0.1716,0.118230745,lstm
2020-09-24 18:15:00,0.2932,0.27644718,lstm
2020-09-24 18:15:00,0.2302,0.1927179,lstm
2020-09-24 18:15:00,0.1716,0.1178391,lstm
2020-09-24 18:15:00,0.115399994,0.06749843,lstm
2020-09-24 18:30:00,0.2302,0.20867935,lstm
2020-09-24 18:30:00,0.1716,0.130517,lstm
2020-09-24 18:30:00,0.1154,0.07234548,lstm
2020-09-24 18:30:00,0.066,0.033115372,lstm
2020-09-24 18:45:00,0.1716,0.13995075,lstm
2020-09-24 18:45:00,0.1154,0.07368184,lstm
2020-09-24 18:45:00,0.066,0.038675964,lstm
2020-09-24 18:45:00,0.029200003,0.010722399,lstm
2020-09-24 19:00:00,0.1154,0.07967204,lstm
2020-09-24 19:00:00,0.066,0.034833312,lstm
2020-09-24 19:00:00,0.029200003,0.014090568,lstm
2020-09-24 19:00:00,0.0059999973,0.0029572248,lstm
2020-09-24 19:15:00,0.066,0.038068995,lstm
2020-09-24 19:15:00,0.029200003,0.011897355,lstm
2020-09-24 19:15:00,0.0059999973,0.00044703484,lstm
2020-09-24 19:15:00,0.0,1.0102987e-05,lstm
2020-09-24 19:30:00,0.029200003,0.019755945,lstm
2020-09-24 19:30:00,0.0059999973,0.0030376762,lstm
2020-09-24 19:30:00,0.0,-0.0033190101,lstm
2020-09-24 19:30:00,0.0,-0.0009111762,lstm
2020-09-24 19:45:00,0.0059999973,0.008481294,lstm
2020-09-24 19:45:00,0.0,-0.0016528219,lstm
2020-09-24 19:45:00,0.0,-0.0043705255,lstm
2020-09-24 19:45:00,0.0,-0.001074329,lstm
2020-09-24 20:00:00,0.0,0.003061995,lstm
2020-09-24 20:00:00,0.0,-0.003455177,lstm
2020-09-24 20:00:00,0.0,-0.004208967,lstm
2020-09-24 20:00:00,0.0,-0.00087335706,lstm
2020-09-24 20:15:00,0.0,0.00032253563,lstm
2020-09-24 20:15:00,0.0,-0.0038449764,lstm
2020-09-24 20:15:00,0.0,-0.0035428405,lstm
2020-09-24 20:15:00,0.0,-0.00035957992,lstm
2020-09-24 20:30:00,0.0,-0.0010348707,lstm
2020-09-24 20:30:00,0.0,-0.0040107965,lstm
2020-09-24 20:30:00,0.0,-0.0030323118,lstm
2020-09-24 20:30:00,0.0,-8.687377e-05,lstm
2020-09-24 20:45:00,0.0,-0.0017000735,lstm
2020-09-24 20:45:00,0.0,-0.004150167,lstm
2020-09-24 20:45:00,0.0,-0.0028948337,lstm
2020-09-24 20:45:00,0.0,-6.2808394e-05,lstm
2020-09-24 21:00:00,0.0,-0.002083853,lstm
2020-09-24 21:00:00,0.0,-0.0042333603,lstm
2020-09-24 21:00:00,0.0,-0.002832055,lstm
2020-09-24 21:00:00,0.0,-2.8058887e-05,lstm
2020-09-24 21:15:00,0.0,-0.0022961497,lstm
2020-09-24 21:15:00,0.0,-0.0042742044,lstm
2020-09-24 21:15:00,0.0,-0.002791077,lstm
2020-09-24 21:15:00,0.0,8.746982e-06,lstm
2020-09-24 21:30:00,0.0,-0.0024246275,lstm
2020-09-24 21:30:00,0.0,-0.0042880625,lstm
2020-09-24 21:30:00,0.0,-0.0027457476,lstm
2020-09-24 21:30:00,0.0,5.4702163e-05,lstm
2020-09-24 21:45:00,0.0,-0.0025108457,lstm
2020-09-24 21:45:00,0.0,-0.004338652,lstm
2020-09-24 21:45:00,0.0,-0.002827555,lstm
2020-09-24 21:45:00,0.0,4.9963593e-05,lstm
2020-09-24 22:00:00,0.0,-0.0025715232,lstm
2020-09-24 22:00:00,0.0,-0.004337013,lstm
2020-09-24 22:00:00,0.0,-0.002834648,lstm
2020-09-24 22:00:00,0.0,9.064376e-05,lstm
2020-09-24 22:15:00,0.0,-0.0026105642,lstm
2020-09-24 22:15:00,0.0,-0.004326284,lstm
2020-09-24 22:15:00,0.0,-0.0028183013,lstm
2020-09-24 22:15:00,0.0,0.00013451278,lstm
2020-09-24 22:30:00,0.0,-0.0026345104,lstm
2020-09-24 22:30:00,0.0,-0.004314348,lstm
2020-09-24 22:30:00,0.0,-0.0028005987,lstm
2020-09-24 22:30:00,0.0,0.00016579032,lstm
2020-09-24 22:45:00,0.0,-0.0026687384,lstm
2020-09-24 22:45:00,0.0,-0.004331276,lstm
2020-09-24 22:45:00,0.0,-0.002903685,lstm
2020-09-24 22:45:00,0.0,0.0001488775,lstm
2020-09-24 23:00:00,0.0,-0.0026782602,lstm
2020-09-24 23:00:00,0.0,-0.004293382,lstm
2020-09-24 23:00:00,0.0,-0.002897948,lstm
2020-09-24 23:00:00,0.0,0.00019976497,lstm
2020-09-24 23:15:00,0.0,-0.0026773065,lstm
2020-09-24 23:15:00,0.0,-0.0042592287,lstm
2020-09-24 23:15:00,0.0,-0.002861306,lstm
2020-09-24 23:15:00,0.0,0.0002539754,lstm
2020-09-24 23:30:00,0.0,-0.0026748627,lstm
2020-09-24 23:30:00,0.0,-0.00423266,lstm
2020-09-24 23:30:00,0.0,-0.0028156936,lstm
2020-09-24 23:30:00,0.0,0.00029248,lstm
2020-09-24 23:45:00,0.0,-0.0026956797,lstm
2020-09-24 23:45:00,0.0,-0.0042316467,lstm
2020-09-24 23:45:00,0.0,-0.0028940886,lstm
2020-09-24 23:45:00,0.0,0.00026601553,lstm
2020-09-25 00:00:00,0.0,-0.0026797503,lstm
2020-09-25 00:00:00,0.0,-0.004178539,lstm
2020-09-25 00:00:00,0.0,-0.0028600693,lstm
2020-09-25 00:00:00,0.0,0.00031006336,lstm
2020-09-25 00:15:00,0.0,-0.002663061,lstm
2020-09-25 00:15:00,0.0,-0.0041366518,lstm
2020-09-25 00:15:00,0.0,-0.0028321594,lstm
2020-09-25 00:15:00,0.0,0.0003398806,lstm
2020-09-25 00:30:00,0.0,-0.002650693,lstm
2020-09-25 00:30:00,0.0,-0.004110992,lstm
2020-09-25 00:30:00,0.0,-0.0027960092,lstm
2020-09-25 00:30:00,0.0,0.00037387013,lstm
2020-09-25 00:45:00,0.0,-0.0026536286,lstm
2020-09-25 00:45:00,0.0,-0.0040930063,lstm
2020-09-25 00:45:00,0.0,-0.00286147,lstm
2020-09-25 00:45:00,0.0,0.00034177303,lstm
2020-09-25 01:00:00,0.0,-0.002617374,lstm
2020-09-25 01:00:00,0.0,-0.0040308535,lstm
2020-09-25 01:00:00,0.0,-0.0028097779,lstm
2020-09-25 01:00:00,0.0,0.00038264692,lstm
2020-09-25 01:15:00,0.0,-0.0025916845,lstm
2020-09-25 01:15:00,0.0,-0.003995955,lstm
2020-09-25 01:15:00,0.0,-0.0027733743,lstm
2020-09-25 01:15:00,0.0,0.00040072203,lstm
2020-09-25 01:30:00,0.0,-0.002574414,lstm
2020-09-25 01:30:00,0.0,-0.0039895177,lstm
2020-09-25 01:30:00,0.0,-0.002745062,lstm
2020-09-25 01:30:00,0.0,0.00040829182,lstm
2020-09-25 01:45:00,0.0,-0.0025692582,lstm
2020-09-25 01:45:00,0.0,-0.0039885044,lstm
2020-09-25 01:45:00,0.0,-0.0028068721,lstm
2020-09-25 01:45:00,0.0,0.00034482777,lstm
2020-09-25 02:00:00,0.0,-0.0025322884,lstm
2020-09-25 02:00:00,0.0,-0.0039402246,lstm
2020-09-25 02:00:00,0.0,-0.002778232,lstm
2020-09-25 02:00:00,0.0,0.00034552813,lstm
2020-09-25 02:15:00,0.0,-0.00250341,lstm
2020-09-25 02:15:00,0.0,-0.0039183497,lstm
2020-09-25 02:15:00,0.0,-0.0027690232,lstm
2020-09-25 02:15:00,0.0,0.00034552813,lstm
2020-09-25 02:30:00,0.0,-0.0024840385,lstm
2020-09-25 02:30:00,0.0,-0.003904894,lstm
2020-09-25 02:30:00,0.0,-0.0027594864,lstm
2020-09-25 02:30:00,0.0,0.00034292042,lstm
2020-09-25 02:45:00,0.0,-0.0024763495,lstm
2020-09-25 02:45:00,0.0,-0.0038733631,lstm
2020-09-25 02:45:00,0.0,-0.0028087348,lstm
2020-09-25 02:45:00,0.0,0.00028935075,lstm
2020-09-25 03:00:00,0.0,-0.0024298728,lstm
2020-09-25 03:00:00,0.0,-0.0038116276,lstm
2020-09-25 03:00:00,0.0,-0.0027522594,lstm
2020-09-25 03:00:00,0.0,0.00031672418,lstm
2020-09-25 03:15:00,0.0,-0.0023899972,lstm
2020-09-25 03:15:00,0.0,-0.0037815273,lstm
2020-09-25 03:15:00,0.0,-0.002731368,lstm
2020-09-25 03:15:00,0.0,0.00031615794,lstm
2020-09-25 03:30:00,0.0,-0.0023566633,lstm
2020-09-25 03:30:00,0.0,-0.0037574023,lstm
2020-09-25 03:30:00,0.0,-0.002722308,lstm
2020-09-25 03:30:00,0.0,0.00030767918,lstm
2020-09-25 03:45:00,0.0,-0.0023479909,lstm
2020-09-25 03:45:00,0.0,-0.0037257522,lstm
2020-09-25 03:45:00,0.0,-0.002743423,lstm
2020-09-25 03:45:00,0.0,0.00027297437,lstm
2020-09-25 04:00:00,0.0,-0.0023010075,lstm
2020-09-25 04:00:00,0.0,-0.003676489,lstm
2020-09-25 04:00:00,0.0,-0.0026995093,lstm
2020-09-25 04:00:00,0.0,0.00028833747,lstm
2020-09-25 04:15:00,0.0,-0.0022664368,lstm
2020-09-25 04:15:00,0.0,-0.0036560595,lstm
2020-09-25 04:15:00,0.0,-0.0026924312,lstm
2020-09-25 04:15:00,0.0,0.00028581917,lstm
2020-09-25 04:30:00,0.0,-0.002235487,lstm
2020-09-25 04:30:00,0.0,-0.0036461055,lstm
2020-09-25 04:30:00,0.0,-0.0027036816,lstm
2020-09-25 04:30:00,0.0,0.00027374923,lstm
2020-09-25 04:45:00,0.0,-0.0022441596,lstm
2020-09-25 04:45:00,0.0,-0.0036232173,lstm
2020-09-25 04:45:00,0.0,-0.0027172416,lstm
2020-09-25 04:45:00,0.0,0.00025331974,lstm
2020-09-25 05:00:00,0.0,-0.0022187978,lstm
2020-09-25 05:00:00,0.0,-0.003593266,lstm
2020-09-25 05:00:00,0.0,-0.0026856512,lstm
2020-09-25 05:00:00,0.0,0.000273332,lstm
2020-09-25 05:15:00,0.0,-0.0021881908,lstm
2020-09-25 05:15:00,0.0,-0.0035838783,lstm
2020-09-25 05:15:00,0.0,-0.0026928186,lstm
2020-09-25 05:15:00,0.0,0.00027665496,lstm
2020-09-25 05:30:00,0.0,-0.0021692514,lstm
2020-09-25 05:30:00,0.0,-0.0035884231,lstm
2020-09-25 05:30:00,0.0,-0.0027100593,lstm
2020-09-25 05:30:00,0.0,0.0002796799,lstm
2020-09-25 05:45:00,0.0,-0.0022097826,lstm
2020-09-25 05:45:00,0.0,-0.003578797,lstm
2020-09-25 05:45:00,0.0,-0.002702549,lstm
2020-09-25 05:45:00,0.0,0.00030577183,lstm
2020-09-25 06:00:00,0.0,-0.0022215694,lstm
2020-09-25 06:00:00,0.0,-0.0035826713,lstm
2020-09-25 06:00:00,0.0,-0.0026758313,lstm
2020-09-25 06:00:00,0.0,0.00037026405,lstm
2020-09-25 06:15:00,0.0,-0.0022260398,lstm
2020-09-25 06:15:00,0.0,-0.003602758,lstm
2020-09-25 06:15:00,0.0,-0.0026858598,lstm
2020-09-25 06:15:00,0.0,0.0004235655,lstm
2020-09-25 06:30:00,0.0,-0.0022343397,lstm
2020-09-25 06:30:00,0.0,-0.003633514,lstm
2020-09-25 06:30:00,0.0,-0.002707094,lstm
2020-09-25 06:30:00,0.0,0.00047704577,lstm
2020-09-25 06:45:00,0.0,-0.0022991002,lstm
2020-09-25 06:45:00,0.0,-0.0036448687,lstm
2020-09-25 06:45:00,0.0,-0.0026559383,lstm
2020-09-25 06:45:00,0.0,0.0006415695,lstm
2020-09-25 07:00:00,0.0,-0.0023386627,lstm
2020-09-25 07:00:00,0.0,-0.0036818385,lstm
2020-09-25 07:00:00,0.0,-0.0025562197,lstm
2020-09-25 07:00:00,0.0,0.0009325892,lstm
2020-09-25 07:15:00,0.0,-0.002333179,lstm
2020-09-25 07:15:00,0.0,-0.003722161,lstm
2020-09-25 07:15:00,0.0,-0.0023970902,lstm
2020-09-25 07:15:00,0.0,0.0014589727,lstm
2020-09-25 07:30:00,0.0,-0.00226748,lstm
2020-09-25 07:30:00,0.0,-0.003735721,lstm
2020-09-25 07:30:00,0.0,-0.0018801689,lstm
2020-09-25 07:30:00,0.004999995,0.0029028505,lstm
2020-09-25 07:45:00,0.0,-0.0022119582,lstm
2020-09-25 07:45:00,0.0,-0.003464669,lstm
2020-09-25 07:45:00,0.00500001,-8.5398555e-05,lstm
2020-09-25 07:45:00,0.023200005,0.007091522,lstm
2020-09-25 08:00:00,0.0,-0.002671346,lstm
2020-09-25 08:00:00,0.004999995,-0.0013302267,lstm
2020-09-25 08:00:00,0.023200005,0.006669447,lstm
2020-09-25 08:00:00,0.053399995,0.021508425,lstm
2020-09-25 08:15:00,0.004999995,-0.0031602383,lstm
2020-09-25 08:15:00,0.023200005,0.008242652,lstm
2020-09-25 08:15:00,0.053399995,0.025398165,lstm
2020-09-25 08:15:00,0.09,0.055394188,lstm
2020-09-25 08:30:00,0.02319999,0.0038160682,lstm
2020-09-25 08:30:00,0.053399995,0.025655285,lstm
2020-09-25 08:30:00,0.09,0.053836808,lstm
2020-09-25 08:30:00,0.1468,0.095653005,lstm
2020-09-25 08:45:00,0.053399995,0.035058126,lstm
2020-09-25 08:45:00,0.09,0.07152389,lstm
2020-09-25 08:45:00,0.1468,0.11787043,lstm
2020-09-25 08:45:00,0.2026,0.17027122,lstm
2020-09-25 09:00:00,0.09,0.076324336,lstm
2020-09-25 09:00:00,0.1468,0.12493812,lstm
2020-09-25 09:00:00,0.2026,0.1839647,lstm
2020-09-25 09:00:00,0.257,0.24046189,lstm
2020-09-25 09:15:00,0.1468,0.114270344,lstm
2020-09-25 09:15:00,0.2026,0.1700786,lstm
2020-09-25 09:15:00,0.257,0.23361383,lstm
2020-09-25 09:15:00,0.317,0.291512,lstm
2020-09-25 09:30:00,0.2026,0.17334598,lstm
2020-09-25 09:30:00,0.257,0.23119979,lstm
2020-09-25 09:30:00,0.317,0.29155225,lstm
2020-09-25 09:30:00,0.3694,0.35262692,lstm
2020-09-25 09:45:00,0.257,0.22909066,lstm
2020-09-25 09:45:00,0.317,0.28684413,lstm
2020-09-25 09:45:00,0.3694,0.33676982,lstm
2020-09-25 09:45:00,0.4252,0.40123138,lstm
2020-09-25 10:00:00,0.317,0.28803217,lstm
2020-09-25 10:00:00,0.3694,0.34309864,lstm
2020-09-25 10:00:00,0.4252,0.38686705,lstm
2020-09-25 10:00:00,0.47080004,0.448501,lstm
2020-09-25 10:15:00,0.3694,0.35445753,lstm
2020-09-25 10:15:00,0.4252,0.40462893,lstm
2020-09-25 10:15:00,0.47080004,0.4459859,lstm
2020-09-25 10:15:00,0.5144,0.5000053,lstm
2020-09-25 10:30:00,0.4252,0.40998226,lstm
2020-09-25 10:30:00,0.4708,0.45506796,lstm
2020-09-25 10:30:00,0.5144,0.4939776,lstm
2020-09-25 10:30:00,0.5552,0.53839743,lstm
2020-09-25 10:45:00,0.4708,0.47438702,lstm
2020-09-25 10:45:00,0.5144,0.5134225,lstm
2020-09-25 10:45:00,0.5552,0.54949576,lstm
2020-09-25 10:45:00,0.5936,0.5861864,lstm
2020-09-25 11:00:00,0.5144,0.5243914,lstm
2020-09-25 11:00:00,0.5552,0.5602372,lstm
2020-09-25 11:00:00,0.5935999,0.5921886,lstm
2020-09-25 11:00:00,0.627,0.6250886,lstm
2020-09-25 11:15:00,0.5552,0.57158566,lstm
2020-09-25 11:15:00,0.5936,0.60515004,lstm
2020-09-25 11:15:00,0.627,0.63261163,lstm
2020-09-25 11:15:00,0.6552,0.6650011,lstm
2020-09-25 11:30:00,0.5936,0.6144234,lstm
2020-09-25 11:30:00,0.627,0.6471485,lstm
2020-09-25 11:30:00,0.6552,0.6703326,lstm
2020-09-25 11:30:00,0.677,0.7028342,lstm
2020-09-25 11:45:00,0.627,0.65513134,lstm
2020-09-25 11:45:00,0.6552,0.68688595,lstm
2020-09-25 11:45:00,0.677,0.70605725,lstm
2020-09-25 11:45:00,0.569,0.737758,lstm
2020-09-25 12:00:00,0.6552,0.68108207,lstm
2020-09-25 12:00:00,0.677,0.7112336,lstm
2020-09-25 12:00:00,0.569,0.72715586,lstm
2020-09-25 12:00:00,0.521,0.755666,lstm
2020-09-25 12:15:00,0.677,0.6968368,lstm
2020-09-25 12:15:00,0.569,0.7233368,lstm
2020-09-25 12:15:00,0.521,0.73607117,lstm
2020-09-25 12:15:00,0.5054,0.7601805,lstm
2020-09-25 12:30:00,0.569,0.7043191,lstm
2020-09-25 12:30:00,0.521,0.7254598,lstm
2020-09-25 12:30:00,0.5054,0.73493403,lstm
2020-09-25 12:30:00,0.4924,0.7542479,lstm
2020-09-25 12:45:00,0.521,0.53839767,lstm
2020-09-25 12:45:00,0.5054,0.56886715,lstm
2020-09-25 12:45:00,0.4924,0.567589,lstm
2020-09-25 12:45:00,0.4996,0.5739162,lstm
2020-09-25 13:00:00,0.5054,0.45874894,lstm
2020-09-25 13:00:00,0.4924,0.48773786,lstm
2020-09-25 13:00:00,0.4996,0.492409,lstm
2020-09-25 13:00:00,0.4974,0.5068397,lstm
2020-09-25 13:15:00,0.4924,0.42100266,lstm
2020-09-25 13:15:00,0.4996,0.45402992,lstm
2020-09-25 13:15:00,0.4974,0.47656423,lstm
2020-09-25 13:15:00,0.481,0.49533826,lstm
2020-09-25 13:30:00,0.4996,0.37663722,lstm
2020-09-25 13:30:00,0.4974,0.41544867,lstm
2020-09-25 13:30:00,0.481,0.43755335,lstm
2020-09-25 13:30:00,0.4584,0.45489556,lstm
2020-09-25 13:45:00,0.4974,0.36604434,lstm
2020-09-25 13:45:00,0.481,0.40218908,lstm
2020-09-25 13:45:00,0.4584,0.41712022,lstm
2020-09-25 13:45:00,0.45860004,0.42954105,lstm
2020-09-25 14:00:00,0.481,0.33857977,lstm
2020-09-25 14:00:00,0.4584,0.3664775,lstm
2020-09-25 14:00:00,0.45860004,0.3764289,lstm
2020-09-25 14:00:00,0.45880002,0.38225943,lstm
2020-09-25 14:15:00,0.4584,0.3012743,lstm
2020-09-25 14:15:00,0.4586,0.31808868,lstm
2020-09-25 14:15:00,0.45880002,0.32661548,lstm
2020-09-25 14:15:00,0.46860003,0.32588285,lstm
2020-09-25 14:30:00,0.4586,0.2684592,lstm
2020-09-25 14:30:00,0.4588,0.27575788,lstm
2020-09-25 14:30:00,0.46860003,0.2836537,lstm
2020-09-25 14:30:00,0.5342,0.27998877,lstm
2020-09-25 14:45:00,0.4588,0.27631408,lstm
2020-09-25 14:45:00,0.4686,0.27433464,lstm
2020-09-25 14:45:00,0.5342,0.28043458,lstm
2020-09-25 14:45:00,0.6734,0.2747246,lstm
2020-09-25 15:00:00,0.4686,0.28949255,lstm
2020-09-25 15:00:00,0.5342,0.2793364,lstm
2020-09-25 15:00:00,0.6734,0.28429407,lstm
2020-09-25 15:00:00,0.6184,0.27887067,lstm
2020-09-25 15:15:00,0.5342,0.32913405,lstm
2020-09-25 15:15:00,0.6734,0.31139606,lstm
2020-09-25 15:15:00,0.6184,0.31521583,lstm
2020-09-25 15:15:00,0.6146,0.3121893,lstm
2020-09-25 15:30:00,0.6734,0.43757206,lstm
2020-09-25 15:30:00,0.6184,0.42332757,lstm
2020-09-25 15:30:00,0.6146,0.41979006,lstm
2020-09-25 15:30:00,0.601,0.4206469,lstm
2020-09-25 15:45:00,0.6184,0.57114136,lstm
2020-09-25 15:45:00,0.6146,0.5518986,lstm
2020-09-25 15:45:00,0.601,0.5319252,lstm
2020-09-25 15:45:00,0.5662,0.5333528,lstm
2020-09-25 16:00:00,0.6146,0.5144703,lstm
2020-09-25 16:00:00,0.601,0.49986336,lstm
2020-09-25 16:00:00,0.5662,0.48545992,lstm
2020-09-25 16:00:00,0.5296,0.48031843,lstm
2020-09-25 16:15:00,0.601,0.52258945,lstm
2020-09-25 16:15:00,0.5662,0.49888447,lstm
2020-09-25 16:15:00,0.5296,0.48371875,lstm
2020-09-25 16:15:00,0.5006,0.48079056,lstm
2020-09-25 16:30:00,0.5662,0.52448463,lstm
2020-09-25 16:30:00,0.5296,0.49713853,lstm
2020-09-25 16:30:00,0.5006,0.47893542,lstm
2020-09-25 16:30:00,0.4742,0.47273767,lstm
2020-09-25 16:45:00,0.5296,0.56861365,lstm
2020-09-25 16:45:00,0.5006,0.5180764,lstm
2020-09-25 16:45:00,0.4742,0.48247218,lstm
2020-09-25 16:45:00,0.4294,0.4493847,lstm
2020-09-25 17:00:00,0.5006,0.5278648,lstm
2020-09-25 17:00:00,0.4742,0.47250614,lstm
2020-09-25 17:00:00,0.4294,0.42709744,lstm
2020-09-25 17:00:00,0.3758,0.38404602,lstm
2020-09-25 17:15:00,0.4742,0.48184747,lstm
2020-09-25 17:15:00,0.4294,0.4212344,lstm
2020-09-25 17:15:00,0.3758,0.36068785,lstm
2020-09-25 17:15:00,0.3062,0.3029727,lstm
2020-09-25 17:30:00,0.4294,0.45658037,lstm
2020-09-25 17:30:00,0.3758,0.38407153,lstm
2020-09-25 17:30:00,0.3062,0.31386265,lstm
2020-09-25 17:30:00,0.2534,0.24757713,lstm
2020-09-25 17:45:00,0.3758,0.41440117,lstm
2020-09-25 17:45:00,0.3062,0.3319077,lstm
2020-09-25 17:45:00,0.2534,0.25616828,lstm
2020-09-25 17:45:00,0.2016,0.1846917,lstm
2020-09-25 18:00:00,0.3062,0.35658607,lstm
2020-09-25 18:00:00,0.2534,0.2675494,lstm
2020-09-25 18:00:00,0.2016,0.18839976,lstm
2020-09-25 18:00:00,0.1478,0.12205009,lstm
2020-09-25 18:15:00,0.2534,0.28002068,lstm
2020-09-25 18:15:00,0.2016,0.19099106,lstm
2020-09-25 18:15:00,0.1478,0.11865209,lstm
2020-09-25 18:15:00,0.0974,0.06704573,lstm
2020-09-25 18:30:00,0.2016,0.19613315,lstm
2020-09-25 18:30:00,0.1478,0.116943516,lstm
2020-09-25 18:30:00,0.0974,0.0658447,lstm
2020-09-25 18:30:00,0.049400017,0.027904615,lstm
2020-09-25 18:45:00,0.1478,0.12739441,lstm
2020-09-25 18:45:00,0.097399995,0.06457159,lstm
2020-09-25 18:45:00,0.0494,0.034613267,lstm
2020-09-25 18:45:00,0.018800005,0.009947449,lstm
2020-09-25 19:00:00,0.0974,0.06846754,lstm
2020-09-25 19:00:00,0.0494,0.028644845,lstm
2020-09-25 19:00:00,0.018800005,0.011453822,lstm
2020-09-25 19:00:00,0.0028000027,0.0030760616,lstm
2020-09-25 19:15:00,0.0494,0.031488523,lstm
2020-09-25 19:15:00,0.018800005,0.009061024,lstm
2020-09-25 19:15:00,0.0028000027,-9.055436e-05,lstm
2020-09-25 19:15:00,0.0,0.00032700598,lstm
2020-09-25 19:30:00,0.018800005,0.013754174,lstm
2020-09-25 19:30:00,0.0028000027,0.00069490075,lstm
2020-09-25 19:30:00,0.0,-0.0037616044,lstm
2020-09-25 19:30:00,0.0,-0.00078731775,lstm
2020-09-25 19:45:00,0.0028000027,0.0061857253,lstm
2020-09-25 19:45:00,0.0,-0.0021840036,lstm
2020-09-25 19:45:00,0.0,-0.004042268,lstm
2020-09-25 19:45:00,0.0,-0.0006764233,lstm
2020-09-25 20:00:00,0.0,0.0020048618,lstm
2020-09-25 20:00:00,0.0,-0.0035417825,lstm
2020-09-25 20:00:00,0.0,-0.003780827,lstm
2020-09-25 20:00:00,0.0,-0.00049743056,lstm
2020-09-25 20:15:00,0.0,-0.000109151006,lstm
2020-09-25 20:15:00,0.0,-0.0038419515,lstm
2020-09-25 20:15:00,0.0,-0.0032938868,lstm
2020-09-25 20:15:00,0.0,-0.00013777614,lstm
2020-09-25 20:30:00,0.0,-0.0011797398,lstm
2020-09-25 20:30:00,0.0,-0.003985971,lstm
2020-09-25 20:30:00,0.0,-0.0029385984,lstm
2020-09-25 20:30:00,0.0,3.476441e-05,lstm
2020-09-25 20:45:00,0.0,-0.0017247498,lstm
2020-09-25 20:45:00,0.0,-0.0041098744,lstm
2020-09-25 20:45:00,0.0,-0.0028449446,lstm
2020-09-25 20:45:00,0.0,4.7177076e-05,lstm
2020-09-25 21:00:00,0.0,-0.002051875,lstm
2020-09-25 21:00:00,0.0,-0.0041635334,lstm
2020-09-25 21:00:00,0.0,-0.0027752072,lstm
2020-09-25 21:00:00,0.0,8.650124e-05,lstm
2020-09-25 21:15:00,0.0,-0.0022472441,lstm
2020-09-25 21:15:00,0.0,-0.0041844547,lstm
2020-09-25 21:15:00,0.0,-0.0027050823,lstm
2020-09-25 21:15:00,0.0,0.00013765693,lstm
2020-09-25 21:30:00,0.0,-0.0023591965,lstm
2020-09-25 21:30:00,0.0,-0.0041959137,lstm
2020-09-25 21:30:00,0.0,-0.002657622,lstm
2020-09-25 21:30:00,0.0,0.00017520785,lstm
2020-09-25 21:45:00,0.0,-0.0024586022,lstm
2020-09-25 21:45:00,0.0,-0.004230067,lstm
2020-09-25 21:45:00,0.0,-0.0027064383,lstm
2020-09-25 21:45:00,0.0,0.00017932057,lstm
2020-09-25 22:00:00,0.0,-0.0025076568,lstm
2020-09-25 22:00:00,0.0,-0.004212886,lstm
2020-09-25 22:00:00,0.0,-0.002677828,lstm
2020-09-25 22:00:00,0.0,0.00022701919,lstm
2020-09-25 22:15:00,0.0,-0.0025368184,lstm
2020-09-25 22:15:00,0.0,-0.004193485,lstm
2020-09-25 22:15:00,0.0,-0.0026362985,lstm
2020-09-25 22:15:00,0.0,0.0002657771,lstm
2020-09-25 22:30:00,0.0,-0.0025553703,lstm
2020-09-25 22:30:00,0.0,-0.004173845,lstm
2020-09-25 22:30:00,0.0,-0.0025971532,lstm
2020-09-25 22:30:00,0.0,0.00029556453,lstm
2020-09-25 22:45:00,0.0,-0.002607286,lstm
2020-09-25 22:45:00,0.0,-0.00420022,lstm
2020-09-25 22:45:00,0.0,-0.0026840419,lstm
2020-09-25 22:45:00,0.0,0.00027538836,lstm
2020-09-25 23:00:00,0.0,-0.0026064813,lstm
2020-09-25 23:00:00,0.0,-0.004168004,lstm
2020-09-25 23:00:00,0.0,-0.0026702434,lstm
2020-09-25 23:00:00,0.0,0.00031083822,lstm
2020-09-25 23:15:00,0.0,-0.002608776,lstm
2020-09-25 23:15:00,0.0,-0.0041354895,lstm
2020-09-25 23:15:00,0.0,-0.0026358366,lstm
2020-09-25 23:15:00,0.0,0.00034621358,lstm
2020-09-25 23:30:00,0.0,-0.0026075244,lstm
2020-09-25 23:30:00,0.0,-0.0041136146,lstm
2020-09-25 23:30:00,0.0,-0.0026076138,lstm
2020-09-25 23:30:00,0.0,0.00036932528,lstm
2020-09-25 23:45:00,0.0,-0.0026415735,lstm
2020-09-25 23:45:00,0.0,-0.004125893,lstm
2020-09-25 23:45:00,0.0,-0.0027007312,lstm
2020-09-25 23:45:00,0.0,0.00033709407,lstm
2020-09-26 00:00:00,0.0,-0.0026225895,lstm
2020-09-26 00:00:00,0.0,-0.004068494,lstm
2020-09-26 00:00:00,0.0,-0.0026572198,lstm
2020-09-26 00:00:00,0.0,0.0003823936,lstm
2020-09-26 00:15:00,0.0,-0.0026041567,lstm
2020-09-26 00:15:00,0.0,-0.004037544,lstm
2020-09-26 00:15:00,0.0,-0.002633512,lstm
2020-09-26 00:15:00,0.0,0.00040614605,lstm
2020-09-26 00:30:00,0.0,-0.0025917888,lstm
2020-09-26 00:30:00,0.0,-0.0040177107,lstm
2020-09-26 00:30:00,0.0,-0.0026198179,lstm
2020-09-26 00:30:00,0.0,0.000420779,lstm
2020-09-26 00:45:00,0.0,-0.0026054233,lstm
2020-09-26 00:45:00,0.0,-0.004007444,lstm
2020-09-26 00:45:00,0.0,-0.0026988983,lstm
2020-09-26 00:45:00,0.0,0.0003889948,lstm
2020-09-26 01:00:00,0.0,-0.0025685132,lstm
2020-09-26 01:00:00,0.0,-0.0039399564,lstm
2020-09-26 01:00:00,0.0,-0.0026434213,lstm
2020-09-26 01:00:00,0.0,0.0004310608,lstm
2020-09-26 01:15:00,0.0,-0.002539903,lstm
2020-09-26 01:15:00,0.0,-0.003906861,lstm
2020-09-26 01:15:00,0.0,-0.002615407,lstm
2020-09-26 01:15:00,0.0,0.00044633448,lstm
2020-09-26 01:30:00,0.0,-0.0025215447,lstm
2020-09-26 01:30:00,0.0,-0.0038959384,lstm
2020-09-26 01:30:00,0.0,-0.002606839,lstm
2020-09-26 01:30:00,0.0,0.00045078993,lstm
2020-09-26 01:45:00,0.0,-0.0025203675,lstm
2020-09-26 01:45:00,0.0,-0.0038754344,lstm
2020-09-26 01:45:00,0.0,-0.0026763082,lstm
2020-09-26 01:45:00,0.0,0.00039961934,lstm
2020-09-26 02:00:00,0.0,-0.00247173,lstm
2020-09-26 02:00:00,0.0,-0.0037979782,lstm
2020-09-26 02:00:00,0.0,-0.0026118308,lstm
2020-09-26 02:00:00,0.0,0.00043419003,lstm
2020-09-26 02:15:00,0.0,-0.0024330616,lstm
2020-09-26 02:15:00,0.0,-0.003763944,lstm
2020-09-26 02:15:00,0.0,-0.002581656,lstm
2020-09-26 02:15:00,0.0,0.000444144,lstm
2020-09-26 02:30:00,0.0,-0.0024047643,lstm
2020-09-26 02:30:00,0.0,-0.0037492812,lstm
2020-09-26 02:30:00,0.0,-0.0025764257,lstm
2020-09-26 02:30:00,0.0,0.00043857098,lstm
2020-09-26 02:45:00,0.0,-0.0023989677,lstm
2020-09-26 02:45:00,0.0,-0.0037058145,lstm
2020-09-26 02:45:00,0.0,-0.0026028454,lstm
2020-09-26 02:45:00,0.0,0.00039890409,lstm
2020-09-26 03:00:00,0.0,-0.002342984,lstm
2020-09-26 03:00:00,0.0,-0.0036310107,lstm
2020-09-26 03:00:00,0.0,-0.0025333166,lstm
2020-09-26 03:00:00,0.0,0.00042328238,lstm
2020-09-26 03:15:00,0.0,-0.0022901595,lstm
2020-09-26 03:15:00,0.0,-0.0035934001,lstm
2020-09-26 03:15:00,0.0,-0.002511531,lstm
2020-09-26 03:15:00,0.0,0.00041811168,lstm
2020-09-26 03:30:00,0.0,-0.0022580177,lstm
2020-09-26 03:30:00,0.0,-0.003573209,lstm
2020-09-26 03:30:00,0.0,-0.002500996,lstm
2020-09-26 03:30:00,0.0,0.00041632354,lstm
2020-09-26 03:45:00,0.0,-0.0022506714,lstm
2020-09-26 03:45:00,0.0,-0.0035317987,lstm
2020-09-26 03:45:00,0.0,-0.0025108904,lstm
2020-09-26 03:45:00,0.0,0.00038041174,lstm
2020-09-26 04:00:00,0.0,-0.0022007376,lstm
2020-09-26 04:00:00,0.0,-0.0034755468,lstm
2020-09-26 04:00:00,0.0,-0.0024544299,lstm
2020-09-26 04:00:00,0.0,0.000392735,lstm
2020-09-26 04:15:00,0.0,-0.0021585375,lstm
2020-09-26 04:15:00,0.0,-0.003451109,lstm
2020-09-26 04:15:00,0.0,-0.0024392009,lstm
2020-09-26 04:15:00,0.0,0.00038284063,lstm
2020-09-26 04:30:00,0.0,-0.0021258593,lstm
2020-09-26 04:30:00,0.0,-0.0034397095,lstm
2020-09-26 04:30:00,0.0,-0.0024413615,lstm
2020-09-26 04:30:00,0.0,0.00036853552,lstm
2020-09-26 04:45:00,0.0,-0.0021311343,lstm
2020-09-26 04:45:00,0.0,-0.0034067035,lstm
2020-09-26 04:45:00,0.0,-0.0024350286,lstm
2020-09-26 04:45:00,0.0,0.0003451109,lstm
2020-09-26 05:00:00,0.0,-0.002102837,lstm
2020-09-26 05:00:00,0.0,-0.0033778101,lstm
2020-09-26 05:00:00,0.0,-0.0023912191,lstm
2020-09-26 05:00:00,0.0,0.00035373867,lstm
2020-09-26 05:15:00,0.0,-0.0020754784,lstm
2020-09-26 05:15:00,0.0,-0.003377825,lstm
2020-09-26 05:15:00,0.0,-0.0023922175,lstm
2020-09-26 05:15:00,0.0,0.00034311414,lstm
2020-09-26 05:30:00,0.0,-0.002058372,lstm
2020-09-26 05:30:00,0.0,-0.0033918023,lstm
2020-09-26 05:30:00,0.0,-0.002414167,lstm
2020-09-26 05:30:00,0.0,0.00033034384,lstm
2020-09-26 05:45:00,0.0,-0.002096653,lstm
2020-09-26 05:45:00,0.0,-0.003388524,lstm
2020-09-26 05:45:00,0.0,-0.0024040937,lstm
2020-09-26 05:45:00,0.0,0.00033898652,lstm
2020-09-26 06:00:00,0.0,-0.0021009594,lstm
2020-09-26 06:00:00,0.0,-0.0034085214,lstm
2020-09-26 06:00:00,0.0,-0.0023954213,lstm
2020-09-26 06:00:00,0.0,0.00036518276,lstm
2020-09-26 06:15:00,0.0,-0.0020891726,lstm
2020-09-26 06:15:00,0.0,-0.0034362376,lstm
2020-09-26 06:15:00,0.0,-0.0024211407,lstm
2020-09-26 06:15:00,0.0,0.00038091838,lstm
2020-09-26 06:30:00,0.0,-0.0020777285,lstm
2020-09-26 06:30:00,0.0,-0.0034713,lstm
2020-09-26 06:30:00,0.0,-0.0024529696,lstm
2020-09-26 06:30:00,0.0,0.00040614605,lstm
2020-09-26 06:45:00,0.0,-0.0021374077,lstm
2020-09-26 06:45:00,0.0,-0.0035009533,lstm
2020-09-26 06:45:00,0.0,-0.0024060607,lstm
2020-09-26 06:45:00,0.0,0.00054097176,lstm
2020-09-26 07:00:00,0.0,-0.00217022,lstm
2020-09-26 07:00:00,0.0,-0.0035864115,lstm
2020-09-26 07:00:00,0.0,-0.0023624003,lstm
2020-09-26 07:00:00,0.0,0.0007687211,lstm
2020-09-26 07:15:00,0.0,-0.0021610856,lstm
2020-09-26 07:15:00,0.0,-0.003709063,lstm
2020-09-26 07:15:00,0.0,-0.0022608787,lstm
2020-09-26 07:15:00,0.0,0.001308307,lstm
2020-09-26 07:30:00,0.0,-0.0020536333,lstm
2020-09-26 07:30:00,0.0,-0.0038622022,lstm
2020-09-26 07:30:00,0.0,-0.0017093271,lstm
2020-09-26 07:30:00,0.006799996,0.0032096356,lstm
2020-09-26 07:45:00,0.0,-0.0020030588,lstm
2020-09-26 07:45:00,0.0,-0.003590718,lstm
2020-09-26 07:45:00,0.006799996,0.00060744584,lstm
2020-09-26 07:45:00,0.029,0.009216487,lstm
2020-09-26 08:00:00,0.0,-0.0029871017,lstm
2020-09-26 08:00:00,0.006799996,-0.00040782988,lstm
2020-09-26 08:00:00,0.029,0.009511292,lstm
2020-09-26 08:00:00,0.0632,0.029250205,lstm
2020-09-26 08:15:00,0.006799996,-0.0024671108,lstm
2020-09-26 08:15:00,0.029,0.012855113,lstm
2020-09-26 08:15:00,0.0632,0.034176424,lstm
2020-09-26 08:15:00,0.10699999,0.07308294,lstm
2020-09-26 08:30:00,0.029,0.008039027,lstm
2020-09-26 08:30:00,0.0632,0.034377784,lstm
2020-09-26 08:30:00,0.107,0.069726706,lstm
2020-09-26 08:30:00,0.1658,0.121047385,lstm
2020-09-26 08:45:00,0.0632,0.04946415,lstm
2020-09-26 08:45:00,0.107,0.092801675,lstm
2020-09-26 08:45:00,0.1658,0.14834437,lstm
2020-09-26 08:45:00,0.229,0.20813943,lstm
2020-09-26 09:00:00,0.107,0.09417814,lstm
2020-09-26 09:00:00,0.1658,0.15145291,lstm
2020-09-26 09:00:00,0.229,0.21948683,lstm
2020-09-26 09:00:00,0.2944,0.28068277,lstm
2020-09-26 09:15:00,0.1658,0.14179492,lstm
2020-09-26 09:15:00,0.229,0.20686987,lstm
2020-09-26 09:15:00,0.2944,0.27657658,lstm
2020-09-26 09:15:00,0.3602,0.33833337,lstm
2020-09-26 09:30:00,0.229,0.20375536,lstm
2020-09-26 09:30:00,0.2944,0.2695742,lstm
2020-09-26 09:30:00,0.3602,0.33007962,lstm
2020-09-26 09:30:00,0.4256,0.3955441,lstm
2020-09-26 09:45:00,0.2944,0.2699754,lstm
2020-09-26 09:45:00,0.3602,0.33407253,lstm
2020-09-26 09:45:00,0.4256,0.38392827,lstm
2020-09-26 09:45:00,0.48720002,0.4518509,lstm
2020-09-26 10:00:00,0.3602,0.33968747,lstm
2020-09-26 10:00:00,0.4256,0.39911067,lstm
2020-09-26 10:00:00,0.48720002,0.4441511,lstm
2020-09-26 10:00:00,0.545,0.50695527,lstm
2020-09-26 10:15:00,0.4256,0.40975887,lstm
2020-09-26 10:15:00,0.4872,0.4614183,lstm
2020-09-26 10:15:00,0.545,0.5042431,lstm
2020-09-26 10:15:00,0.5968,0.55578697,lstm
2020-09-26 10:30:00,0.4872,0.48126173,lstm
2020-09-26 10:30:00,0.545,0.52404296,lstm
2020-09-26 10:30:00,0.5968,0.5638749,lstm
2020-09-26 10:30:00,0.6434,0.6037175,lstm
2020-09-26 10:45:00,0.545,0.55010045,lstm
2020-09-26 10:45:00,0.5968,0.5859846,lstm
2020-09-26 10:45:00,0.6434,0.6211209,lstm
2020-09-26 10:45:00,0.6866,0.65445423,lstm
2020-09-26 11:00:00,0.5968,0.6081658,lstm
2020-09-26 11:00:00,0.6434,0.64027345,lstm
2020-09-26 11:00:00,0.6866,0.6696409,lstm
2020-09-26 11:00:00,0.6032,0.7019281,lstm
2020-09-26 11:15:00,0.6434,0.6556517,lstm
2020-09-26 11:15:00,0.6866001,0.6860517,lstm
2020-09-26 11:15:00,0.6032,0.71021795,lstm
2020-09-26 11:15:00,0.5382,0.74294597,lstm
2020-09-26 11:30:00,0.6866,0.6925982,lstm
2020-09-26 11:30:00,0.6032,0.72178364,lstm
2020-09-26 11:30:00,0.5382,0.74211794,lstm
2020-09-26 11:30:00,0.5382,0.77447784,lstm
2020-09-26 11:45:00,0.6032,0.7233518,lstm
2020-09-26 11:45:00,0.5382,0.7502935,lstm
2020-09-26 11:45:00,0.5382,0.7676726,lstm
2020-09-26 11:45:00,0.5694,0.7984288,lstm
2020-09-26 12:00:00,0.5382,0.5815176,lstm
2020-09-26 12:00:00,0.5382,0.6027694,lstm
2020-09-26 12:00:00,0.5694,0.6056274,lstm
2020-09-26 12:00:00,0.6396,0.6114053,lstm
2020-09-26 12:15:00,0.5382,0.4808241,lstm
2020-09-26 12:15:00,0.5694,0.48973984,lstm
2020-09-26 12:15:00,0.6396,0.48519927,lstm
2020-09-26 12:15:00,0.6502,0.4898411,lstm
2020-09-26 12:30:00,0.5694,0.4828109,lstm
2020-09-26 12:30:00,0.6396,0.48378006,lstm
2020-09-26 12:30:00,0.6502,0.49316376,lstm
2020-09-26 12:30:00,0.6746,0.5029292,lstm
2020-09-26 12:45:00,0.6396,0.5199896,lstm
2020-09-26 12:45:00,0.6502,0.5253246,lstm
2020-09-26 12:45:00,0.6746,0.5348506,lstm
2020-09-26 12:45:00,0.6914,0.5451774,lstm
2020-09-26 13:00:00,0.6502,0.5799074,lstm
2020-09-26 13:00:00,0.6746,0.5862564,lstm
2020-09-26 13:00:00,0.6914,0.58968145,lstm
2020-09-26 13:00:00,0.6952,0.60100675,lstm
2020-09-26 13:15:00,0.6746,0.5513097,lstm
2020-09-26 13:15:00,0.6914,0.55229545,lstm
2020-09-26 13:15:00,0.6952,0.5523348,lstm
2020-09-26 13:15:00,0.6956,0.5606832,lstm
2020-09-26 13:30:00,0.6914,0.563206,lstm
2020-09-26 13:30:00,0.69519997,0.5579812,lstm
2020-09-26 13:30:00,0.6956,0.5524208,lstm
2020-09-26 13:30:00,0.6944,0.55914015,lstm
2020-09-26 13:45:00,0.6952,0.5680758,lstm
2020-09-26 13:45:00,0.6955999,0.5602931,lstm
2020-09-26 13:45:00,0.6944,0.550403,lstm
2020-09-26 13:45:00,0.6824,0.5557156,lstm
2020-09-26 14:00:00,0.6956,0.56717914,lstm
2020-09-26 14:00:00,0.69439995,0.55584764,lstm
2020-09-26 14:00:00,0.6824,0.5451872,lstm
2020-09-26 14:00:00,0.6754,0.548993,lstm
2020-09-26 14:15:00,0.6944,0.5718796,lstm
2020-09-26 14:15:00,0.6824,0.557169,lstm
2020-09-26 14:15:00,0.6754,0.5467703,lstm
2020-09-26 14:15:00,0.678,0.5494369,lstm
2020-09-26 14:30:00,0.6824,0.5822271,lstm
2020-09-26 14:30:00,0.6754,0.5645187,lstm
2020-09-26 14:30:00,0.678,0.554426,lstm
2020-09-26 14:30:00,0.6772,0.55553764,lstm
2020-09-26 14:45:00,0.6754,0.5832882,lstm
2020-09-26 14:45:00,0.678,0.5621262,lstm
2020-09-26 14:45:00,0.6772,0.55301166,lstm
2020-09-26 14:45:00,0.6892,0.55146915,lstm
2020-09-26 15:00:00,0.678,0.5752465,lstm
2020-09-26 15:00:00,0.6772,0.5527828,lstm
2020-09-26 15:00:00,0.6892,0.5462437,lstm
2020-09-26 15:00:00,0.7422,0.54561514,lstm
2020-09-26 15:15:00,0.6772,0.55943155,lstm
2020-09-26 15:15:00,0.6892,0.5407308,lstm
2020-09-26 15:15:00,0.7422,0.5375454,lstm
2020-09-26 15:15:00,0.7538,0.540816,lstm
2020-09-26 15:30:00,0.6892,0.5384035,lstm
2020-09-26 15:30:00,0.7422,0.5262598,lstm
2020-09-26 15:30:00,0.7538,0.524699,lstm
2020-09-26 15:30:00,0.72,0.530506,lstm
2020-09-26 15:45:00,0.7422,0.52184725,lstm
2020-09-26 15:45:00,0.7537999,0.5156629,lstm
2020-09-26 15:45:00,0.72,0.51450735,lstm
2020-09-26 15:45:00,0.6772,0.5233438,lstm
2020-09-26 16:00:00,0.7538,0.698855,lstm
2020-09-26 16:00:00,0.72,0.64725184,lstm
2020-09-26 16:00:00,0.6772,0.60600126,lstm
2020-09-26 16:00:00,0.633,0.57393396,lstm
2020-09-26 16:15:00,0.72,0.6805501,lstm
2020-09-26 16:15:00,0.6772,0.62894964,lstm
2020-09-26 16:15:00,0.633,0.5827743,lstm
2020-09-26 16:15:00,0.5856,0.54459244,lstm
2020-09-26 16:30:00,0.6772,0.6294991,lstm
2020-09-26 16:30:00,0.633,0.58550024,lstm
2020-09-26 16:30:00,0.5856,0.53529495,lstm
2020-09-26 16:30:00,0.5332,0.49278587,lstm
2020-09-26 16:45:00,0.633,0.59081495,lstm
2020-09-26 16:45:00,0.5856,0.5417595,lstm
2020-09-26 16:45:00,0.5332,0.48845124,lstm
2020-09-26 16:45:00,0.47540003,0.4423253,lstm
2020-09-26 17:00:00,0.5856,0.5529729,lstm
2020-09-26 17:00:00,0.5332,0.4957039,lstm
2020-09-26 17:00:00,0.47540003,0.44528764,lstm
2020-09-26 17:00:00,0.4134,0.39659107,lstm
2020-09-26 17:15:00,0.5332,0.5150483,lstm
2020-09-26 17:15:00,0.4754,0.44967,lstm
2020-09-26 17:15:00,0.4134,0.39735755,lstm
2020-09-26 17:15:00,0.3524,0.34329504,lstm
2020-09-26 17:30:00,0.4754,0.47619373,lstm
2020-09-26 17:30:00,0.4134,0.40177166,lstm
2020-09-26 17:30:00,0.3524,0.34269783,lstm
2020-09-26 17:30:00,0.2894,0.28254384,lstm
2020-09-26 17:45:00,0.4134,0.42765668,lstm
2020-09-26 17:45:00,0.3524,0.3469339,lstm
2020-09-26 17:45:00,0.2894,0.27856934,lstm
2020-09-26 17:45:00,0.2242,0.2133839,lstm
2020-09-26 18:00:00,0.3524,0.3620352,lstm
2020-09-26 18:00:00,0.2894,0.2783591,lstm
2020-09-26 18:00:00,0.2242,0.20652658,lstm
2020-09-26 18:00:00,0.166,0.14378528,lstm
2020-09-26 18:15:00,0.2894,0.29707322,lstm
2020-09-26 18:15:00,0.2242,0.21010359,lstm
2020-09-26 18:15:00,0.166,0.14033197,lstm
2020-09-26 18:15:00,0.112600006,0.086895965,lstm
2020-09-26 18:30:00,0.2242,0.21315442,lstm
2020-09-26 18:30:00,0.166,0.13321665,lstm
2020-09-26 18:30:00,0.1126,0.08062418,lstm
2020-09-26 18:30:00,0.0634,0.040397063,lstm
2020-09-26 18:45:00,0.166,0.13661,lstm
2020-09-26 18:45:00,0.1126,0.07175432,lstm
2020-09-26 18:45:00,0.0634,0.040933117,lstm
2020-09-26 18:45:00,0.024200022,0.014755979,lstm
2020-09-26 19:00:00,0.1126,0.07275243,lstm
2020-09-26 19:00:00,0.0634,0.031314388,lstm
2020-09-26 19:00:00,0.024200007,0.01360175,lstm
2020-09-26 19:00:00,0.0036000013,0.004732862,lstm
2020-09-26 19:15:00,0.0634,0.033358753,lstm
2020-09-26 19:15:00,0.024199992,0.0098629,lstm
2020-09-26 19:15:00,0.0036000013,0.0003374368,lstm
2020-09-26 19:15:00,0.0,0.000811249,lstm
2020-09-26 19:30:00,0.024199992,0.014535993,lstm
2020-09-26 19:30:00,0.0036000013,0.0007816255,lstm
2020-09-26 19:30:00,0.0,-0.0038433373,lstm
2020-09-26 19:30:00,0.0,-0.0007776469,lstm
2020-09-26 19:45:00,0.0036000013,0.006252885,lstm
2020-09-26 19:45:00,0.0,-0.0025697201,lstm
2020-09-26 19:45:00,0.0,-0.0046024173,lstm
2020-09-26 19:45:00,0.0,-0.001023367,lstm
2020-09-26 20:00:00,0.0,0.00211367,lstm
2020-09-26 20:00:00,0.0,-0.003773719,lstm
2020-09-26 20:00:00,0.0,-0.004143104,lstm
2020-09-26 20:00:00,0.0,-0.00068345666,lstm
2020-09-26 20:15:00,0.0,-0.00024169683,lstm
2020-09-26 20:15:00,0.0,-0.0040718466,lstm
2020-09-26 20:15:00,0.0,-0.0034800768,lstm
2020-09-26 20:15:00,0.0,-0.00020803511,lstm
2020-09-26 20:30:00,0.0,-0.0013158768,lstm
2020-09-26 20:30:00,0.0,-0.004208103,lstm
2020-09-26 20:30:00,0.0,-0.0030445307,lstm
2020-09-26 20:30:00,0.0,-7.1540475e-05,lstm
2020-09-26 20:45:00,0.0,-0.0018296689,lstm
2020-09-26 20:45:00,0.0,-0.0043073,lstm
2020-09-26 20:45:00,0.0,-0.0028982311,lstm
2020-09-26 20:45:00,0.0,-0.00010192394,lstm
2020-09-26 21:00:00,0.0,-0.0021327436,lstm
2020-09-26 21:00:00,0.0,-0.00436756,lstm
2020-09-26 21:00:00,0.0,-0.002831161,lstm
2020-09-26 21:00:00,0.0,-0.0001116097,lstm
2020-09-26 21:15:00,0.0,-0.0023024231,lstm
2020-09-26 21:15:00,0.0,-0.0043963343,lstm
2020-09-26 21:15:00,0.0,-0.002779156,lstm
2020-09-26 21:15:00,0.0,-9.690225e-05,lstm
2020-09-26 21:30:00,0.0,-0.002396375,lstm
2020-09-26 21:30:00,0.0,-0.004408866,lstm
2020-09-26 21:30:00,0.0,-0.0027376711,lstm
2020-09-26 21:30:00,0.0,-7.914007e-05,lstm
2020-09-26 21:45:00,0.0,-0.002456531,lstm
2020-09-26 21:45:00,0.0,-0.004445493,lstm
2020-09-26 21:45:00,0.0,-0.0028080344,lstm
2020-09-26 21:45:00,0.0,-0.00010019541,lstm
2020-09-26 22:00:00,0.0,-0.002506405,lstm
2020-09-26 22:00:00,0.0,-0.0044409633,lstm
2020-09-26 22:00:00,0.0,-0.0028060526,lstm
2020-09-26 22:00:00,0.0,-6.684661e-05,lstm
2020-09-26 22:15:00,0.0,-0.0025338978,lstm
2020-09-26 22:15:00,0.0,-0.004423201,lstm
2020-09-26 22:15:00,0.0,-0.0027776062,lstm
2020-09-26 22:15:00,0.0,-3.0323863e-05,lstm
2020-09-26 22:30:00,0.0,-0.0025539547,lstm
2020-09-26 22:30:00,0.0,-0.0043957084,lstm
2020-09-26 22:30:00,0.0,-0.0027341992,lstm
2020-09-26 22:30:00,0.0,7.405877e-06,lstm
2020-09-26 22:45:00,0.0,-0.002575621,lstm
2020-09-26 22:45:00,0.0,-0.0043984354,lstm
2020-09-26 22:45:00,0.0,-0.0028023422,lstm
2020-09-26 22:45:00,0.0,-3.0696392e-06,lstm
2020-09-26 23:00:00,0.0,-0.002587393,lstm
2020-09-26 23:00:00,0.0,-0.004360065,lstm
2020-09-26 23:00:00,0.0,-0.0027742237,lstm
2020-09-26 23:00:00,0.0,4.6685338e-05,lstm
2020-09-26 23:15:00,0.0,-0.0025913864,lstm
2020-09-26 23:15:00,0.0,-0.004330322,lstm
2020-09-26 23:15:00,0.0,-0.0027419776,lstm
2020-09-26 23:15:00,0.0,8.4772706e-05,lstm
2020-09-26 23:30:00,0.0,-0.002589181,lstm
2020-09-26 23:30:00,0.0,-0.0043129325,lstm
2020-09-26 23:30:00,0.0,-0.00272277,lstm
2020-09-26 23:30:00,0.0,0.00010636449,lstm
2020-09-26 23:45:00,0.0,-0.0026013702,lstm
2020-09-26 23:45:00,0.0,-0.0043052584,lstm
2020-09-26 23:45:00,0.0,-0.0027957708,lstm
2020-09-26 23:45:00,0.0,8.383393e-05,lstm
2020-09-27 00:00:00,0.0,-0.002595663,lstm
2020-09-27 00:00:00,0.0,-0.0042593777,lstm
2020-09-27 00:00:00,0.0,-0.0027615875,lstm
2020-09-27 00:00:00,0.0,0.0001308769,lstm
2020-09-27 00:15:00,0.0,-0.002586469,lstm
2020-09-27 00:15:00,0.0,-0.004228264,lstm
2020-09-27 00:15:00,0.0,-0.0027318,lstm
2020-09-27 00:15:00,0.0,0.00016237795,lstm
2020-09-27 00:30:00,0.0,-0.002583772,lstm
2020-09-27 00:30:00,0.0,-0.0042001754,lstm
2020-09-27 00:30:00,0.0,-0.0027004927,lstm
2020-09-27 00:30:00,0.0,0.00018963218,lstm
2020-09-27 00:45:00,0.0,-0.0025868863,lstm
2020-09-27 00:45:00,0.0,-0.004186094,lstm
2020-09-27 00:45:00,0.0,-0.0027748346,lstm
2020-09-27 00:45:00,0.0,0.00016085804,lstm
2020-09-27 01:00:00,0.0,-0.0025694221,lstm
2020-09-27 01:00:00,0.0,-0.004130557,lstm
2020-09-27 01:00:00,0.0,-0.0027416795,lstm
2020-09-27 01:00:00,0.0,0.00020362437,lstm
2020-09-27 01:15:00,0.0,-0.0025568902,lstm
2020-09-27 01:15:00,0.0,-0.0040872395,lstm
2020-09-27 01:15:00,0.0,-0.002704829,lstm
2020-09-27 01:15:00,0.0,0.0002413392,lstm
2020-09-27 01:30:00,0.0,-0.0025446862,lstm
2020-09-27 01:30:00,0.0,-0.004056588,lstm
2020-09-27 01:30:00,0.0,-0.002674356,lstm
2020-09-27 01:30:00,0.0,0.00026750565,lstm
2020-09-27 01:45:00,0.0,-0.0025485903,lstm
2020-09-27 01:45:00,0.0,-0.0040240884,lstm
2020-09-27 01:45:00,0.0,-0.0027290732,lstm
2020-09-27 01:45:00,0.0,0.00023271143,lstm
2020-09-27 02:00:00,0.0,-0.0025161207,lstm
2020-09-27 02:00:00,0.0,-0.00394547,lstm
2020-09-27 02:00:00,0.0,-0.0026602745,lstm
2020-09-27 02:00:00,0.0,0.00028279424,lstm
2020-09-27 02:15:00,0.0,-0.002485454,lstm
2020-09-27 02:15:00,0.0,-0.00389947,lstm
2020-09-27 02:15:00,0.0,-0.002619654,lstm
2020-09-27 02:15:00,0.0,0.00030830503,lstm
2020-09-27 02:30:00,0.0,-0.00246194,lstm
2020-09-27 02:30:00,0.0,-0.0038636774,lstm
2020-09-27 02:30:00,0.0,-0.002593398,lstm
2020-09-27 02:30:00,0.0,0.00032390654,lstm
2020-09-27 02:45:00,0.0,-0.0024550855,lstm
2020-09-27 02:45:00,0.0,-0.0038208812,lstm
2020-09-27 02:45:00,0.0,-0.0026240796,lstm
2020-09-27 02:45:00,0.0,0.0002889037,lstm
2020-09-27 03:00:00,0.0,-0.002406478,lstm
2020-09-27 03:00:00,0.0,-0.0037463754,lstm
2020-09-27 03:00:00,0.0,-0.0025594234,lstm
2020-09-27 03:00:00,0.0,0.00031904876,lstm
2020-09-27 03:15:00,0.0,-0.002362594,lstm
2020-09-27 03:15:00,0.0,-0.003702134,lstm
2020-09-27 03:15:00,0.0,-0.0025287122,lstm
2020-09-27 03:15:00,0.0,0.00032825768,lstm
2020-09-27 03:30:00,0.0,-0.0023279637,lstm
2020-09-27 03:30:00,0.0,-0.0036697835,lstm
2020-09-27 03:30:00,0.0,-0.002508521,lstm
2020-09-27 03:30:00,0.0,0.00033336878,lstm
2020-09-27 03:45:00,0.0,-0.0023216903,lstm
2020-09-27 03:45:00,0.0,-0.0036284626,lstm
2020-09-27 03:45:00,0.0,-0.0025166273,lstm
2020-09-27 03:45:00,0.0,0.000300467,lstm
2020-09-27 04:00:00,0.0,-0.002277553,lstm
2020-09-27 04:00:00,0.0,-0.0035770386,lstm
2020-09-27 04:00:00,0.0,-0.0024639964,lstm
2020-09-27 04:00:00,0.0,0.0003143549,lstm
2020-09-27 04:15:00,0.0,-0.002243951,lstm
2020-09-27 04:15:00,0.0,-0.003554672,lstm
2020-09-27 04:15:00,0.0,-0.002448082,lstm
2020-09-27 04:15:00,0.0,0.00030775368,lstm
2020-09-27 04:30:00,0.0,-0.0022216588,lstm
2020-09-27 04:30:00,0.0,-0.0035462528,lstm
2020-09-27 04:30:00,0.0,-0.0024464577,lstm
2020-09-27 04:30:00,0.0,0.0002951771,lstm
2020-09-27 04:45:00,0.0,-0.0022376627,lstm
2020-09-27 04:45:00,0.0,-0.003531307,lstm
2020-09-27 04:45:00,0.0,-0.0024503171,lstm
2020-09-27 04:45:00,0.0,0.0002629608,lstm
2020-09-27 05:00:00,0.0,-0.0022212565,lstm
2020-09-27 05:00:00,0.0,-0.003523022,lstm
2020-09-27 05:00:00,0.0,-0.0024266094,lstm
2020-09-27 05:00:00,0.0,0.0002603531,lstm
2020-09-27 05:15:00,0.0,-0.002200514,lstm
2020-09-27 05:15:00,0.0,-0.0035321116,lstm
2020-09-27 05:15:00,0.0,-0.0024429113,lstm
2020-09-27 05:15:00,0.0,0.0002399981,lstm
2020-09-27 05:30:00,0.0,-0.0021803677,lstm
2020-09-27 05:30:00,0.0,-0.003545612,lstm
2020-09-27 05:30:00,0.0,-0.0024704933,lstm
2020-09-27 05:30:00,0.0,0.00021851063,lstm
2020-09-27 05:45:00,0.0,-0.0022237897,lstm
2020-09-27 05:45:00,0.0,-0.0035555065,lstm
2020-09-27 05:45:00,0.0,-0.0024636835,lstm
2020-09-27 05:45:00,0.0,0.00022354722,lstm
2020-09-27 06:00:00,0.0,-0.002239585,lstm
2020-09-27 06:00:00,0.0,-0.0035877824,lstm
2020-09-27 06:00:00,0.0,-0.0024590045,lstm
2020-09-27 06:00:00,0.0,0.0002360642,lstm
2020-09-27 06:15:00,0.0,-0.0022329837,lstm
2020-09-27 06:15:00,0.0,-0.003631696,lstm
2020-09-27 06:15:00,0.0,-0.0024912655,lstm
2020-09-27 06:15:00,0.0,0.00023891032,lstm
2020-09-27 06:30:00,0.0,-0.0022314787,lstm
2020-09-27 06:30:00,0.0,-0.0036836863,lstm
2020-09-27 06:30:00,0.0,-0.0025304705,lstm
2020-09-27 06:30:00,0.0,0.00024943054,lstm
2020-09-27 06:45:00,0.0,-0.0022972822,lstm
2020-09-27 06:45:00,0.0,-0.0037339628,lstm
2020-09-27 06:45:00,0.0,-0.0024936944,lstm
2020-09-27 06:45:00,0.0,0.0003604442,lstm
2020-09-27 07:00:00,0.0,-0.0023337603,lstm
2020-09-27 07:00:00,0.0,-0.003834352,lstm
2020-09-27 07:00:00,0.0,-0.0024610013,lstm
2020-09-27 07:00:00,0.0,0.0005578548,lstm
2020-09-27 07:15:00,0.0,-0.0023322254,lstm
2020-09-27 07:15:00,0.0,-0.0039602816,lstm
2020-09-27 07:15:00,0.0,-0.0023911446,lstm
2020-09-27 07:15:00,0.0,0.0009805113,lstm
2020-09-27 07:30:00,0.0,-0.0022496134,lstm
2020-09-27 07:30:00,0.0,-0.0041165054,lstm
2020-09-27 07:30:00,0.0,-0.002014041,lstm
2020-09-27 07:30:00,0.0046000034,0.0023335218,lstm
2020-09-27 07:45:00,0.0,-0.0021224767,lstm
2020-09-27 07:45:00,0.0,-0.004035622,lstm
2020-09-27 07:45:00,0.0046000034,-0.00034718215,lstm
2020-09-27 07:45:00,0.024399996,0.0066925883,lstm
2020-09-27 08:00:00,0.0,-0.0026496202,lstm
2020-09-27 08:00:00,0.0046000034,-0.0019453019,lstm
2020-09-27 08:00:00,0.024399996,0.0068291575,lstm
2020-09-27 08:00:00,0.061200008,0.023297489,lstm
2020-09-27 08:15:00,0.0046000034,-0.0031642169,lstm
2020-09-27 08:15:00,0.024399996,0.009975806,lstm
2020-09-27 08:15:00,0.061200008,0.030494392,lstm
2020-09-27 08:15:00,0.1132,0.06745669,lstm
2020-09-27 08:30:00,0.02439998,0.0053524226,lstm
2020-09-27 08:30:00,0.061199993,0.03117548,lstm
2020-09-27 08:30:00,0.1132,0.06666094,lstm
2020-09-27 08:30:00,0.176,0.118811734,lstm
2020-09-27 08:45:00,0.061199993,0.043748453,lstm
2020-09-27 08:45:00,0.1132,0.08642828,lstm
2020-09-27 08:45:00,0.176,0.14192036,lstm
2020-09-27 08:45:00,0.2394,0.20318332,lstm
2020-09-27 09:00:00,0.1132,0.09509551,lstm
2020-09-27 09:00:00,0.176,0.15202495,lstm
2020-09-27 09:00:00,0.2394,0.22098349,lstm
2020-09-27 09:00:00,0.304,0.2835734,lstm
2020-09-27 09:15:00,0.176,0.15411673,lstm
2020-09-27 09:15:00,0.2394,0.21904925,lstm
2020-09-27 09:15:00,0.304,0.2901951,lstm
2020-09-27 09:15:00,0.37200004,0.35411406,lstm
2020-09-27 09:30:00,0.2394,0.21720378,lstm
2020-09-27 09:30:00,0.304,0.28183013,lstm
2020-09-27 09:30:00,0.372,0.34128857,lstm
2020-09-27 09:30:00,0.4346,0.40952045,lstm
2020-09-27 09:45:00,0.304,0.284019,lstm
2020-09-27 09:45:00,0.372,0.34695935,lstm
2020-09-27 09:45:00,0.4346,0.3961254,lstm
2020-09-27 09:45:00,0.49840003,0.46574134,lstm
2020-09-27 10:00:00,0.372,0.3536722,lstm
2020-09-27 10:00:00,0.4346,0.4124034,lstm
2020-09-27 10:00:00,0.49840003,0.45793444,lstm
2020-09-27 10:00:00,0.5554,0.5210729,lstm
2020-09-27 10:15:00,0.4346,0.42791516,lstm
2020-09-27 10:15:00,0.4984,0.47879705,lstm
2020-09-27 10:15:00,0.5554,0.5225686,lstm
2020-09-27 10:15:00,0.605,0.57343584,lstm
2020-09-27 10:30:00,0.4984,0.49588427,lstm
2020-09-27 10:30:00,0.5554,0.5384879,lstm
2020-09-27 10:30:00,0.605,0.57874656,lstm
2020-09-27 10:30:00,0.6232,0.6176565,lstm
2020-09-27 10:45:00,0.5554,0.56466174,lstm
2020-09-27 10:45:00,0.605,0.5999559,lstm
2020-09-27 10:45:00,0.6232,0.63533235,lstm
2020-09-27 10:45:00,0.648,0.6686035,lstm
2020-09-27 11:00:00,0.605,0.620345,lstm
2020-09-27 11:00:00,0.6232,0.6523195,lstm
2020-09-27 11:00:00,0.648,0.6817887,lstm
2020-09-27 11:00:00,0.6772,0.71441185,lstm
2020-09-27 11:15:00,0.6232,0.66555524,lstm
2020-09-27 11:15:00,0.648,0.69575036,lstm
2020-09-27 11:15:00,0.6772,0.7200101,lstm
2020-09-27 11:15:00,0.6658,0.7530675,lstm
2020-09-27 11:30:00,0.648,0.6744952,lstm
2020-09-27 11:30:00,0.6772,0.7034379,lstm
2020-09-27 11:30:00,0.6658,0.72234845,lstm
2020-09-27 11:30:00,0.71,0.7496922,lstm
2020-09-27 11:45:00,0.6772,0.7072664,lstm
2020-09-27 11:45:00,0.6658,0.7300737,lstm
2020-09-27 11:45:00,0.71,0.74616224,lstm
2020-09-27 11:45:00,0.7572,0.7726906,lstm
2020-09-27 12:00:00,0.6658,0.7237959,lstm
2020-09-27 12:00:00,0.7099999,0.74366975,lstm
2020-09-27 12:00:00,0.75719994,0.7574345,lstm
2020-09-27 12:00:00,0.8204,0.7816632,lstm
2020-09-27 12:15:00,0.71,0.69092876,lstm
2020-09-27 12:15:00,0.7572,0.7049917,lstm
2020-09-27 12:15:00,0.8204,0.7124629,lstm
2020-09-27 12:15:00,0.7924,0.724858,lstm
2020-09-27 12:30:00,0.7572,0.743947,lstm
2020-09-27 12:30:00,0.8204,0.7514756,lstm
2020-09-27 12:30:00,0.7924,0.7631541,lstm
2020-09-27 12:30:00,0.791,0.7834447,lstm
2020-09-27 12:45:00,0.8204,0.76045483,lstm
2020-09-27 12:45:00,0.7924001,0.76941276,lstm
2020-09-27 12:45:00,0.791,0.7797817,lstm
2020-09-27 12:45:00,0.77839994,0.79907095,lstm
2020-09-27 13:00:00,0.7924,0.79568064,lstm
2020-09-27 13:00:00,0.791,0.80041313,lstm
2020-09-27 13:00:00,0.77839994,0.81137043,lstm
2020-09-27 13:00:00,0.786,0.8314928,lstm
2020-09-27 13:15:00,0.791,0.7548001,lstm
2020-09-27 13:15:00,0.77839994,0.764294,lstm
2020-09-27 13:15:00,0.786,0.76861775,lstm
2020-09-27 13:15:00,0.7852,0.7745749,lstm
2020-09-27 13:30:00,0.7784,0.7643705,lstm
2020-09-27 13:30:00,0.78600013,0.76396084,lstm
2020-09-27 13:30:00,0.7852,0.76535815,lstm
2020-09-27 13:30:00,0.8658,0.77276206,lstm
2020-09-27 13:45:00,0.786,0.7350023,lstm
2020-09-27 13:45:00,0.7852,0.73275006,lstm
2020-09-27 13:45:00,0.8658,0.7287783,lstm
2020-09-27 13:45:00,0.7322,0.7285374,lstm
2020-09-27 14:00:00,0.78519994,0.73748434,lstm
2020-09-27 14:00:00,0.8658,0.72765875,lstm
2020-09-27 14:00:00,0.7322,0.7201932,lstm
2020-09-27 14:00:00,0.7602,0.7184657,lstm
2020-09-27 14:15:00,0.8658,0.7146469,lstm
2020-09-27 14:15:00,0.7322,0.6998955,lstm
2020-09-27 14:15:00,0.76019996,0.6887602,lstm
2020-09-27 14:15:00,0.7038,0.67956465,lstm
2020-09-27 14:30:00,0.7322,0.75675076,lstm
2020-09-27 14:30:00,0.7602,0.72292984,lstm
2020-09-27 14:30:00,0.7038,0.7118664,lstm
2020-09-27 14:30:00,0.7472,0.70331484,lstm
2020-09-27 14:45:00,0.7602,0.61527574,lstm
2020-09-27 14:45:00,0.70379996,0.61994344,lstm
2020-09-27 14:45:00,0.7472,0.60613096,lstm
2020-09-27 14:45:00,0.689,0.5856009,lstm
2020-09-27 15:00:00,0.7038,0.65837944,lstm
2020-09-27 15:00:00,0.7472,0.62466145,lstm
2020-09-27 15:00:00,0.689,0.6017426,lstm
2020-09-27 15:00:00,0.54179996,0.5847353,lstm
2020-09-27 15:15:00,0.7472,0.58983344,lstm
2020-09-27 15:15:00,0.689,0.5657369,lstm
2020-09-27 15:15:00,0.54179996,0.54314464,lstm
2020-09-27 15:15:00,0.45860004,0.5210558,lstm
2020-09-27 15:30:00,0.689,0.6351676,lstm
2020-09-27 15:30:00,0.5418,0.58601046,lstm
2020-09-27 15:30:00,0.45860004,0.5577152,lstm
2020-09-27 15:30:00,0.5452,0.53510666,lstm
2020-09-27 15:45:00,0.5418,0.5737524,lstm
2020-09-27 15:45:00,0.4586,0.5363065,lstm
2020-09-27 15:45:00,0.5452,0.50914115,lstm
2020-09-27 15:45:00,0.5812,0.48021626,lstm
2020-09-27 16:00:00,0.4586,0.46855712,lstm
2020-09-27 16:00:00,0.5452,0.45687944,lstm
2020-09-27 16:00:00,0.5812,0.43723166,lstm
2020-09-27 16:00:00,0.4162,0.40847987,lstm
2020-09-27 16:15:00,0.5452,0.39790007,lstm
2020-09-27 16:15:00,0.5812,0.39149052,lstm
2020-09-27 16:15:00,0.4162,0.37321544,lstm
2020-09-27 16:15:00,0.5326,0.3482499,lstm
2020-09-27 16:30:00,0.5812,0.46125293,lstm
2020-09-27 16:30:00,0.4162,0.41495442,lstm
2020-09-27 16:30:00,0.5326,0.37229258,lstm
2020-09-27 16:30:00,0.3476,0.33861387,lstm
2020-09-27 16:45:00,0.4162,0.47815752,lstm
2020-09-27 16:45:00,0.5326,0.4229248,lstm
2020-09-27 16:45:00,0.3476,0.36787158,lstm
2020-09-27 16:45:00,0.2322,0.3266586,lstm
2020-09-27 17:00:00,0.5326,0.33989435,lstm
2020-09-27 17:00:00,0.3476,0.3241293,lstm
2020-09-27 17:00:00,0.2322,0.28734583,lstm
2020-09-27 17:00:00,0.1768,0.24842653,lstm
2020-09-27 17:15:00,0.3476,0.42430443,lstm
2020-09-27 17:15:00,0.2322,0.36178678,lstm
2020-09-27 17:15:00,0.1768,0.29900646,lstm
2020-09-27 17:15:00,0.187,0.25074923,lstm
2020-09-27 17:30:00,0.2322,0.3058493,lstm
2020-09-27 17:30:00,0.1768,0.2689069,lstm
2020-09-27 17:30:00,0.187,0.22333235,lstm
2020-09-27 17:30:00,0.1804,0.17800374,lstm
2020-09-27 17:45:00,0.1768,0.22416794,lstm
2020-09-27 17:45:00,0.187,0.18545555,lstm
2020-09-27 17:45:00,0.1804,0.14827271,lstm
2020-09-27 17:45:00,0.1704,0.10835793,lstm
2020-09-27 18:00:00,0.187,0.16663349,lstm
2020-09-27 18:00:00,0.1804,0.121403776,lstm
2020-09-27 18:00:00,0.1704,0.09272915,lstm
2020-09-27 18:00:00,0.1612,0.05701922,lstm
2020-09-27 18:15:00,0.1804,0.14919932,lstm
2020-09-27 18:15:00,0.1704,0.0982099,lstm
2020-09-27 18:15:00,0.1612,0.0681585,lstm
2020-09-27 18:15:00,0.1336,0.037673548,lstm
2020-09-27 18:30:00,0.1704,0.123388,lstm
2020-09-27 18:30:00,0.1612,0.08054853,lstm
2020-09-27 18:30:00,0.1336,0.051023155,lstm
2020-09-27 18:30:00,0.058599994,0.028669506,lstm
2020-09-27 18:45:00,0.1612,0.08273057,lstm
2020-09-27 18:45:00,0.1336,0.046978638,lstm
2020-09-27 18:45:00,0.058599994,0.025233373,lstm
2020-09-27 18:45:00,0.017800003,0.011540979,lstm
2020-09-27 19:00:00,0.1336,0.04882075,lstm
2020-09-27 19:00:00,0.05860001,0.024544612,lstm
2020-09-27 19:00:00,0.017800003,0.010592282,lstm
2020-09-27 19:00:00,0.0012000054,0.0051740855,lstm
2020-09-27 19:15:00,0.05860001,0.024637654,lstm
2020-09-27 19:15:00,0.017800003,0.008483201,lstm
2020-09-27 19:15:00,0.0012000054,0.0010887086,lstm
2020-09-27 19:15:00,0.0,0.00074492395,lstm
2020-09-27 19:30:00,0.017800003,0.0097800195,lstm
2020-09-27 19:30:00,0.0012000054,-0.0010901392,lstm
2020-09-27 19:30:00,0.0,-0.0048288256,lstm
2020-09-27 19:30:00,0.0,-0.0017390996,lstm
2020-09-27 19:45:00,0.0012000054,0.00458692,lstm
2020-09-27 19:45:00,0.0,-0.0032880902,lstm
2020-09-27 19:45:00,0.0,-0.004906401,lstm
2020-09-27 19:45:00,0.0,-0.0016354173,lstm
2020-09-27 20:00:00,0.0,0.0015463531,lstm
2020-09-27 20:00:00,0.0,-0.0037654787,lstm
2020-09-27 20:00:00,0.0,-0.004100412,lstm
2020-09-27 20:00:00,0.0,-0.0009164065,lstm
2020-09-27 20:15:00,0.0,-0.00012210011,lstm
2020-09-27 20:15:00,0.0,-0.0038519502,lstm
2020-09-27 20:15:00,0.0,-0.0031828284,lstm
2020-09-27 20:15:00,0.0,-0.0003401041,lstm
2020-09-27 20:30:00,0.0,-0.0012385994,lstm
2020-09-27 20:30:00,0.0,-0.0040306896,lstm
2020-09-27 20:30:00,0.0,-0.0027721524,lstm
2020-09-27 20:30:00,0.0,-0.00019305944,lstm
2020-09-27 20:45:00,0.0,-0.0018361509,lstm
2020-09-27 20:45:00,0.0,-0.004184529,lstm
2020-09-27 20:45:00,0.0,-0.0026678294,lstm
2020-09-27 20:45:00,0.0,-0.00015410781,lstm
2020-09-27 21:00:00,0.0,-0.0020456165,lstm
2020-09-27 21:00:00,0.0,-0.0041968375,lstm
2020-09-27 21:00:00,0.0,-0.002621159,lstm
2020-09-27 21:00:00,0.0,-0.00011995435,lstm
2020-09-27 21:15:00,0.0,-0.0023449957,lstm
2020-09-27 21:15:00,0.0,-0.0042426437,lstm
2020-09-27 21:15:00,0.0,-0.0025099665,lstm
2020-09-27 21:15:00,0.0,4.515052e-06,lstm
2020-09-27 21:30:00,0.0,-0.002414465,lstm
2020-09-27 21:30:00,0.0,-0.0042390674,lstm
2020-09-27 21:30:00,0.0,-0.002472818,lstm
2020-09-27 21:30:00,0.0,3.6001205e-05,lstm
2020-09-27 21:45:00,0.0,-0.0024593025,lstm
2020-09-27 21:45:00,0.0,-0.0042728484,lstm
2020-09-27 21:45:00,0.0,-0.0025723875,lstm
2020-09-27 21:45:00,0.0,1.5616417e-05,lstm
2020-09-27 22:00:00,0.0,-0.0025049448,lstm
2020-09-27 22:00:00,0.0,-0.00425525,lstm
2020-09-27 22:00:00,0.0,-0.0025606006,lstm
2020-09-27 22:00:00,0.0,7.259846e-05,lstm
2020-09-27 22:15:00,0.0,-0.0025502145,lstm
2020-09-27 22:15:00,0.0,-0.0042335093,lstm
2020-09-27 22:15:00,0.0,-0.002521351,lstm
2020-09-27 22:15:00,0.0,0.00013114512,lstm
2020-09-27 22:30:00,0.0,-0.002580583,lstm
2020-09-27 22:30:00,0.0,-0.004210949,lstm
2020-09-27 22:30:00,0.0,-0.0024767965,lstm
2020-09-27 22:30:00,0.0,0.00018200278,lstm
2020-09-27 22:45:00,0.0,-0.0026205927,lstm
2020-09-27 22:45:00,0.0,-0.004228294,lstm
2020-09-27 22:45:00,0.0,-0.0025627315,lstm
2020-09-27 22:45:00,0.0,0.00017221272,lstm
2020-09-27 23:00:00,0.0,-0.0026340634,lstm
2020-09-27 23:00:00,0.0,-0.004185945,lstm
2020-09-27 23:00:00,0.0,-0.0025264472,lstm
2020-09-27 23:00:00,0.0,0.00023508072,lstm
2020-09-27 23:15:00,0.0,-0.0026394725,lstm
2020-09-27 23:15:00,0.0,-0.0041540563,lstm
2020-09-27 23:15:00,0.0,-0.0024894625,lstm
2020-09-27 23:15:00,0.0,0.00027935207,lstm
2020-09-27 23:30:00,0.0,-0.0026371926,lstm
2020-09-27 23:30:00,0.0,-0.004132062,lstm
2020-09-27 23:30:00,0.0,-0.00246948,lstm
2020-09-27 23:30:00,0.0,0.0003028065,lstm
2020-09-27 23:45:00,0.0,-0.00266549,lstm
2020-09-27 23:45:00,0.0,-0.0041353256,lstm
2020-09-27 23:45:00,0.0,-0.0025598854,lstm
2020-09-27 23:45:00,0.0,0.00027763844,lstm
2020-09-28 00:00:00,0.0,-0.002650842,lstm
2020-09-28 00:00:00,0.0,-0.0040807724,lstm
2020-09-28 00:00:00,0.0,-0.0025155246,lstm
2020-09-28 00:00:00,0.0,0.00033155084,lstm
2020-09-28 00:15:00,0.0,-0.0026389956,lstm
2020-09-28 00:15:00,0.0,-0.004046023,lstm
2020-09-28 00:15:00,0.0,-0.0024846494,lstm
2020-09-28 00:15:00,0.0,0.00036099553,lstm
2020-09-28 00:30:00,0.0,-0.002629131,lstm
2020-09-28 00:30:00,0.0,-0.004025474,lstm
2020-09-28 00:30:00,0.0,-0.0024674982,lstm
2020-09-28 00:30:00,0.0,0.00038023293,lstm
2020-09-28 00:45:00,0.0,-0.0026409626,lstm
2020-09-28 00:45:00,0.0,-0.004024431,lstm
2020-09-28 00:45:00,0.0,-0.002555132,lstm
2020-09-28 00:45:00,0.0,0.00034180284,lstm
2020-09-28 01:00:00,0.0,-0.0026137084,lstm
2020-09-28 01:00:00,0.0,-0.003969237,lstm
2020-09-28 01:00:00,0.0,-0.0025156438,lstm
2020-09-28 01:00:00,0.0,0.00037941337,lstm
2020-09-28 01:15:00,0.0,-0.0025930107,lstm
2020-09-28 01:15:00,0.0,-0.003937915,lstm
2020-09-28 01:15:00,0.0,-0.0024943203,lstm
2020-09-28 01:15:00,0.0,0.00039863586,lstm
2020-09-28 01:30:00,0.0,-0.0025791824,lstm
2020-09-28 01:30:00,0.0,-0.003909096,lstm
2020-09-28 01:30:00,0.0,-0.0024692714,lstm
2020-09-28 01:30:00,0.0,0.00041656196,lstm
2020-09-28 01:45:00,0.0,-0.002590105,lstm
2020-09-28 01:45:00,0.0,-0.0038925111,lstm
2020-09-28 01:45:00,0.0,-0.0025296658,lstm
2020-09-28 01:45:00,0.0,0.00037251413,lstm
2020-09-28 02:00:00,0.0,-0.0025544465,lstm
2020-09-28 02:00:00,0.0,-0.0038279444,lstm
2020-09-28 02:00:00,0.0,-0.0024722666,lstm
2020-09-28 02:00:00,0.0,0.00040200353,lstm
2020-09-28 02:15:00,0.0,-0.002524361,lstm
2020-09-28 02:15:00,0.0,-0.0038039088,lstm
2020-09-28 02:15:00,0.0,-0.002453357,lstm
2020-09-28 02:15:00,0.0,0.00040614605,lstm
2020-09-28 02:30:00,0.0,-0.0025066435,lstm
2020-09-28 02:30:00,0.0,-0.0037860423,lstm
2020-09-28 02:30:00,0.0,-0.002439469,lstm
2020-09-28 02:30:00,0.0,0.00040607154,lstm
2020-09-28 02:45:00,0.0,-0.00250867,lstm
2020-09-28 02:45:00,0.0,-0.0037739873,lstm
2020-09-28 02:45:00,0.0,-0.0025001615,lstm
2020-09-28 02:45:00,0.0,0.00034372509,lstm
2020-09-28 03:00:00,0.0,-0.002467662,lstm
2020-09-28 03:00:00,0.0,-0.0037270933,lstm
2020-09-28 03:00:00,0.0,-0.0024602562,lstm
2020-09-28 03:00:00,0.0,0.00035238266,lstm
2020-09-28 03:15:00,0.0,-0.002431348,lstm
2020-09-28 03:15:00,0.0,-0.0037086308,lstm
2020-09-28 03:15:00,0.0,-0.00245516,lstm
2020-09-28 03:15:00,0.0,0.0003401339,lstm
2020-09-28 03:30:00,0.0,-0.002407223,lstm
2020-09-28 03:30:00,0.0,-0.0037012845,lstm
2020-09-28 03:30:00,0.0,-0.0024543405,lstm
2020-09-28 03:30:00,0.0,0.00033017993,lstm
2020-09-28 03:45:00,0.0,-0.0024135709,lstm
2020-09-28 03:45:00,0.0,-0.0036892295,lstm
2020-09-28 03:45:00,0.0,-0.0024872273,lstm
2020-09-28 03:45:00,0.0,0.000273332,lstm
2020-09-28 04:00:00,0.0,-0.0023826212,lstm
2020-09-28 04:00:00,0.0,-0.0036589205,lstm
2020-09-28 04:00:00,0.0,-0.0024558902,lstm
2020-09-28 04:00:00,0.0,0.00026622415,lstm
2020-09-28 04:15:00,0.0,-0.0023551732,lstm
2020-09-28 04:15:00,0.0,-0.003649056,lstm
2020-09-28 04:15:00,0.0,-0.0024511665,lstm
2020-09-28 04:15:00,0.0,0.0002462864,lstm
2020-09-28 04:30:00,0.0,-0.0023362488,lstm
2020-09-28 04:30:00,0.0,-0.0036518127,lstm
2020-09-28 04:30:00,0.0,-0.0024561733,lstm
2020-09-28 04:30:00,0.0,0.00022394955,lstm
2020-09-28 04:45:00,0.0,-0.0023642927,lstm
2020-09-28 04:45:00,0.0,-0.0036513805,lstm
2020-09-28 04:45:00,0.0,-0.0024646819,lstm
2020-09-28 04:45:00,0.0,0.00017596781,lstm
2020-09-28 05:00:00,0.0,-0.002361402,lstm
2020-09-28 05:00:00,0.0,-0.0036591142,lstm
2020-09-28 05:00:00,0.0,-0.0024452507,lstm
2020-09-28 05:00:00,0.0,0.00015740097,lstm
2020-09-28 05:15:00,0.0,-0.0023465306,lstm
2020-09-28 05:15:00,0.0,-0.0036833584,lstm
2020-09-28 05:15:00,0.0,-0.0024692416,lstm
2020-09-28 05:15:00,0.0,0.0001193434,lstm
2020-09-28 05:30:00,0.0,-0.0023372024,lstm
2020-09-28 05:30:00,0.0,-0.0037160665,lstm
2020-09-28 05:30:00,0.0,-0.0025016516,lstm
2020-09-28 05:30:00,0.0,8.562207e-05,lstm
2020-09-28 05:45:00,0.0,-0.0023903549,lstm
2020-09-28 05:45:00,0.0,-0.0037491322,lstm
2020-09-28 05:45:00,0.0,-0.0025091171,lstm
2020-09-28 05:45:00,0.0,6.119907e-05,lstm
2020-09-28 06:00:00,0.0,-0.0024182051,lstm
2020-09-28 06:00:00,0.0,-0.0038086772,lstm
2020-09-28 06:00:00,0.0,-0.002512455,lstm
2020-09-28 06:00:00,0.0,5.5789948e-05,lstm
2020-09-28 06:15:00,0.0,-0.0024209023,lstm
2020-09-28 06:15:00,0.0,-0.0038751215,lstm
2020-09-28 06:15:00,0.0,-0.00255844,lstm
2020-09-28 06:15:00,0.0,3.5881996e-05,lstm
2020-09-28 06:30:00,0.0,-0.0024257898,lstm
2020-09-28 06:30:00,0.0,-0.0039488077,lstm
2020-09-28 06:30:00,0.0,-0.0026034266,lstm
2020-09-28 06:30:00,0.0,2.8893352e-05,lstm
2020-09-28 06:45:00,0.0,-0.0024957657,lstm
2020-09-28 06:45:00,0.0,-0.0040243864,lstm
2020-09-28 06:45:00,0.0,-0.0025779456,lstm
2020-09-28 06:45:00,0.0,0.00011816621,lstm
2020-09-28 07:00:00,0.0,-0.0025425851,lstm
2020-09-28 07:00:00,0.0,-0.0041465163,lstm
2020-09-28 07:00:00,0.0,-0.002543196,lstm
2020-09-28 07:00:00,0.0,0.00029313564,lstm
2020-09-28 07:15:00,0.0,-0.002541095,lstm
2020-09-28 07:15:00,0.0,-0.004281983,lstm
2020-09-28 07:15:00,0.0,-0.0024804324,lstm
2020-09-28 07:15:00,0.0,0.0006567389,lstm
2020-09-28 07:30:00,0.0,-0.0024767816,lstm
2020-09-28 07:30:00,0.0,-0.004436001,lstm
2020-09-28 07:30:00,0.0,-0.002172336,lstm
2020-09-28 07:30:00,0.010000005,0.0017324835,lstm
2020-09-28 07:45:00,0.0,-0.0023407936,lstm
2020-09-28 07:45:00,0.0,-0.0044030696,lstm
2020-09-28 07:45:00,0.010000005,-0.0007866919,lstm
2020-09-28 07:45:00,0.037399992,0.005228609,lstm
2020-09-28 08:00:00,0.0,-0.0024983138,lstm
2020-09-28 08:00:00,0.010000005,-0.0028714836,lstm
2020-09-28 08:00:00,0.037400007,0.005305469,lstm
2020-09-28 08:00:00,0.058799997,0.019370273,lstm
2020-09-28 08:15:00,0.010000005,-0.0033605397,lstm
2020-09-28 08:15:00,0.037400007,0.008448109,lstm
2020-09-28 08:15:00,0.058799997,0.029066637,lstm
2020-09-28 08:15:00,0.077,0.064822435,lstm
2020-09-28 08:30:00,0.037400007,0.009098709,lstm
2020-09-28 08:30:00,0.058799997,0.03709966,lstm
2020-09-28 08:30:00,0.077,0.07637825,lstm
2020-09-28 08:30:00,0.101,0.13117579,lstm
2020-09-28 08:45:00,0.058799997,0.057644144,lstm
2020-09-28 08:45:00,0.077,0.10354335,lstm
2020-09-28 08:45:00,0.100999996,0.16456826,lstm
2020-09-28 08:45:00,0.1606,0.2281845,lstm
2020-09-28 09:00:00,0.077,0.08200764,lstm
2020-09-28 09:00:00,0.101,0.13826293,lstm
2020-09-28 09:00:00,0.1606,0.20495695,lstm
2020-09-28 09:00:00,0.2026,0.26852,lstm
2020-09-28 09:15:00,0.101,0.10184967,lstm
2020-09-28 09:15:00,0.1606,0.1615358,lstm
2020-09-28 09:15:00,0.2026,0.22520792,lstm
2020-09-28 09:15:00,0.276,0.2855712,lstm
2020-09-28 09:30:00,0.1606,0.13210958,lstm
2020-09-28 09:30:00,0.2026,0.1934898,lstm
2020-09-28 09:30:00,0.276,0.2528591,lstm
2020-09-28 09:30:00,0.4188,0.312112,lstm
2020-09-28 09:45:00,0.2026,0.20463853,lstm
2020-09-28 09:45:00,0.276,0.26743186,lstm
2020-09-28 09:45:00,0.4188,0.32286286,lstm
2020-09-28 09:45:00,0.353,0.38727823,lstm
2020-09-28 10:00:00,0.276,0.2440365,lstm
2020-09-28 10:00:00,0.4188,0.30703944,lstm
2020-09-28 10:00:00,0.353,0.35579783,lstm
2020-09-28 10:00:00,0.3508,0.4210719,lstm
2020-09-28 10:15:00,0.4188,0.3232563,lstm
2020-09-28 10:15:00,0.353,0.37835592,lstm
2020-09-28 10:15:00,0.3508,0.4245966,lstm
2020-09-28 10:15:00,0.3242,0.4846967,lstm
2020-09-28 10:30:00,0.353,0.43877488,lstm
2020-09-28 10:30:00,0.3508,0.47736827,lstm
2020-09-28 10:30:00,0.3242,0.5191732,lstm
2020-09-28 10:30:00,0.5018,0.56674,lstm
2020-09-28 10:45:00,0.3508,0.39925814,lstm
2020-09-28 10:45:00,0.3242,0.45250502,lstm
2020-09-28 10:45:00,0.5018,0.49019444,lstm
2020-09-28 10:45:00,0.487,0.52671665,lstm
2020-09-28 11:00:00,0.3242,0.42831826,lstm
2020-09-28 11:00:00,0.5018,0.47316766,lstm
2020-09-28 11:00:00,0.487,0.50966036,lstm
2020-09-28 11:00:00,0.556,0.5438358,lstm
2020-09-28 11:15:00,0.5018,0.41049635,lstm
2020-09-28 11:15:00,0.487,0.45480976,lstm
2020-09-28 11:15:00,0.556,0.49239218,lstm
2020-09-28 11:15:00,0.5072,0.5246584,lstm
2020-09-28 11:30:00,0.487,0.5674531,lstm
2020-09-28 11:30:00,0.556,0.5945699,lstm
2020-09-28 11:30:00,0.5072,0.62032026,lstm
2020-09-28 11:30:00,0.5942,0.65938306,lstm
2020-09-28 11:45:00,0.556,0.55956113,lstm
2020-09-28 11:45:00,0.5072,0.59396136,lstm
2020-09-28 11:45:00,0.5942,0.61379325,lstm
2020-09-28 11:45:00,0.7454001,0.64207083,lstm
2020-09-28 12:00:00,0.5072,0.6317692,lstm
2020-09-28 12:00:00,0.5942,0.65443254,lstm
2020-09-28 12:00:00,0.7454,0.66859764,lstm
2020-09-28 12:00:00,0.8334,0.70034,lstm
2020-09-28 12:15:00,0.5942,0.5890472,lstm
2020-09-28 12:15:00,0.74539995,0.61657083,lstm
2020-09-28 12:15:00,0.8334,0.62986934,lstm
2020-09-28 12:15:00,0.8524,0.6459097,lstm
2020-09-28 12:30:00,0.7454,0.66546595,lstm
2020-09-28 12:30:00,0.8334,0.67583495,lstm
2020-09-28 12:30:00,0.8524,0.6837185,lstm
2020-09-28 12:30:00,0.7798,0.70736873,lstm
2020-09-28 12:45:00,0.8334,0.73801947,lstm
2020-09-28 12:45:00,0.85239995,0.7367375,lstm
2020-09-28 12:45:00,0.7798,0.74191654,lstm
2020-09-28 12:45:00,0.7928,0.76268625,lstm
2020-09-28 13:00:00,0.8524,0.7897406,lstm
2020-09-28 13:00:00,0.77979994,0.7855551,lstm
2020-09-28 13:00:00,0.7928,0.7909416,lstm
2020-09-28 13:00:00,0.7892,0.80576867,lstm
2020-09-28 13:15:00,0.77979994,0.7946057,lstm
2020-09-28 13:15:00,0.79279995,0.7940676,lstm
2020-09-28 13:15:00,0.7892,0.79761773,lstm
2020-09-28 13:15:00,0.858,0.8033364,lstm
2020-09-28 13:30:00,0.7928,0.71253794,lstm
2020-09-28 13:30:00,0.78919995,0.7196859,lstm
2020-09-28 13:30:00,0.858,0.7136792,lstm
2020-09-28 13:30:00,0.8486,0.7018283,lstm
2020-09-28 13:45:00,0.7892,0.7403603,lstm
2020-09-28 13:45:00,0.8579999,0.72882044,lstm
2020-09-28 13:45:00,0.8486,0.71896535,lstm
2020-09-28 13:45:00,0.8374,0.7124409,lstm
2020-09-28 14:00:00,0.858,0.7288399,lstm
2020-09-28 14:00:00,0.8485999,0.71678996,lstm
2020-09-28 14:00:00,0.8374,0.70024616,lstm
2020-09-28 14:00:00,0.8276,0.68695134,lstm
2020-09-28 14:15:00,0.8486,0.7680509,lstm
2020-09-28 14:15:00,0.83739996,0.7359164,lstm
2020-09-28 14:15:00,0.8276,0.71843755,lstm
2020-09-28 14:15:00,0.8088,0.70451134,lstm
2020-09-28 14:30:00,0.8374,0.72786194,lstm
2020-09-28 14:30:00,0.8276,0.71227455,lstm
2020-09-28 14:30:00,0.8088,0.6968362,lstm
2020-09-28 14:30:00,0.7904,0.6807449,lstm
2020-09-28 14:45:00,0.82760006,0.7263072,lstm
2020-09-28 14:45:00,0.8088,0.6936704,lstm
2020-09-28 14:45:00,0.7904,0.668293,lstm
2020-09-28 14:45:00,0.7706,0.64197135,lstm
2020-09-28 15:00:00,0.8088,0.7155252,lstm
2020-09-28 15:00:00,0.7904,0.67234963,lstm
2020-09-28 15:00:00,0.7706,0.6405067,lstm
2020-09-28 15:00:00,0.7432,0.6101951,lstm
2020-09-28 15:15:00,0.7904,0.6954394,lstm
2020-09-28 15:15:00,0.77059996,0.6473372,lstm
2020-09-28 15:15:00,0.7432,0.60904586,lstm
2020-09-28 15:15:00,0.7138,0.5756337,lstm
2020-09-28 15:30:00,0.7706,0.6796535,lstm
2020-09-28 15:30:00,0.74319994,0.6304549,lstm
2020-09-28 15:30:00,0.7138,0.58928734,lstm
2020-09-28 15:30:00,0.6788,0.55522275,lstm
2020-09-28 15:45:00,0.7432,0.6671111,lstm
2020-09-28 15:45:00,0.71379995,0.61204827,lstm
2020-09-28 15:45:00,0.6788,0.565064,lstm
2020-09-28 15:45:00,0.64,0.5269281,lstm
2020-09-28 16:00:00,0.7138,0.64397204,lstm
2020-09-28 16:00:00,0.6788,0.5847812,lstm
2020-09-28 16:00:00,0.64,0.53416884,lstm
2020-09-28 16:00:00,0.6008,0.49120367,lstm
2020-09-28 16:15:00,0.6788,0.62299746,lstm
2020-09-28 16:15:00,0.64,0.5573356,lstm
2020-09-28 16:15:00,0.6008,0.5049099,lstm
2020-09-28 16:15:00,0.5554,0.45869082,lstm
2020-09-28 16:30:00,0.64,0.5960324,lstm
2020-09-28 16:30:00,0.6008,0.52696586,lstm
2020-09-28 16:30:00,0.5554,0.47536796,lstm
2020-09-28 16:30:00,0.5066,0.4282599,lstm
2020-09-28 16:45:00,0.6008,0.5630913,lstm
2020-09-28 16:45:00,0.5554,0.49091423,lstm
2020-09-28 16:45:00,0.5066,0.43954134,lstm
2020-09-28 16:45:00,0.45,0.391542,lstm
2020-09-28 17:00:00,0.5554,0.51927996,lstm
2020-09-28 17:00:00,0.5066,0.44554052,lstm
2020-09-28 17:00:00,0.45,0.3872643,lstm
2020-09-28 17:00:00,0.3956,0.3408417,lstm
2020-09-28 17:15:00,0.5066,0.47898978,lstm
2020-09-28 17:15:00,0.45,0.4077091,lstm
2020-09-28 17:15:00,0.3956,0.35480717,lstm
2020-09-28 17:15:00,0.337,0.30832568,lstm
2020-09-28 17:30:00,0.45,0.45264193,lstm
2020-09-28 17:30:00,0.3956,0.37576234,lstm
2020-09-28 17:30:00,0.337,0.3114252,lstm
2020-09-28 17:30:00,0.2776,0.2579952,lstm
2020-09-28 17:45:00,0.3956,0.40526807,lstm
2020-09-28 17:45:00,0.337,0.32878038,lstm
2020-09-28 17:45:00,0.2776,0.26137304,lstm
2020-09-28 17:45:00,0.2152,0.2066445,lstm
2020-09-28 18:00:00,0.337,0.35667312,lstm
2020-09-28 18:00:00,0.2776,0.27897218,lstm
2020-09-28 18:00:00,0.2152,0.20791091,lstm
2020-09-28 18:00:00,0.155,0.15315613,lstm
2020-09-28 18:15:00,0.2776,0.2948675,lstm
2020-09-28 18:15:00,0.2152,0.22019982,lstm
2020-09-28 18:15:00,0.155,0.15666753,lstm
2020-09-28 18:15:00,0.0998,0.108594984,lstm
2020-09-28 18:30:00,0.2152,0.21650168,lstm
2020-09-28 18:30:00,0.155,0.14493087,lstm
2020-09-28 18:30:00,0.0998,0.092987925,lstm
2020-09-28 18:30:00,0.0536,0.052004263,lstm
2020-09-28 18:45:00,0.155,0.13989508,lstm
2020-09-28 18:45:00,0.0998,0.079821244,lstm
2020-09-28 18:45:00,0.0536,0.04861635,lstm
2020-09-28 18:45:00,0.019199997,0.020189062,lstm
2020-09-28 19:00:00,0.0998,0.07173166,lstm
2020-09-28 19:00:00,0.0536,0.033680364,lstm
2020-09-28 19:00:00,0.019199997,0.016575858,lstm
2020-09-28 19:00:00,0.0015999973,0.006524116,lstm
2020-09-28 19:15:00,0.0536,0.030185178,lstm
2020-09-28 19:15:00,0.019200012,0.0094745755,lstm
2020-09-28 19:15:00,0.0015999973,0.0009800494,lstm
2020-09-28 19:15:00,0.0,0.0011320561,lstm
2020-09-28 19:30:00,0.019199997,0.011856914,lstm
2020-09-28 19:30:00,0.0015999824,0.00020547211,lstm
2020-09-28 19:30:00,0.0,-0.003380537,lstm
2020-09-28 19:30:00,0.0,-0.0006532222,lstm
2020-09-28 19:45:00,0.0015999973,0.0043644756,lstm
2020-09-28 19:45:00,0.0,-0.0028918236,lstm
2020-09-28 19:45:00,0.0,-0.004012555,lstm
2020-09-28 19:45:00,0.0,-0.00081144273,lstm
2020-09-28 20:00:00,0.0,0.00088116527,lstm
2020-09-28 20:00:00,0.0,-0.0036859065,lstm
2020-09-28 20:00:00,0.0,-0.0036647022,lstm
2020-09-28 20:00:00,0.0,-0.00047057867,lstm
2020-09-28 20:15:00,0.0,-0.0007985532,lstm
2020-09-28 20:15:00,0.0,-0.0038769245,lstm
2020-09-28 20:15:00,0.0,-0.0029137582,lstm
2020-09-28 20:15:00,0.0,-2.5331974e-05,lstm
2020-09-28 20:30:00,0.0,-0.0016358346,lstm
2020-09-28 20:30:00,0.0,-0.004006967,lstm
2020-09-28 20:30:00,0.0,-0.0025791228,lstm
2020-09-28 20:30:00,0.0,3.4466386e-05,lstm
2020-09-28 20:45:00,0.0,-0.0020438284,lstm
2020-09-28 20:45:00,0.0,-0.0041259974,lstm
2020-09-28 20:45:00,0.0,-0.0025308132,lstm
2020-09-28 20:45:00,0.0,8.448958e-06,lstm
2020-09-28 21:00:00,0.0,-0.002281651,lstm
2020-09-28 21:00:00,0.0,-0.004178539,lstm
2020-09-28 21:00:00,0.0,-0.0024883747,lstm
2020-09-28 21:00:00,0.0,3.6016107e-05,lstm
2020-09-28 21:15:00,0.0,-0.0024067461,lstm
2020-09-28 21:15:00,0.0,-0.0041986704,lstm
2020-09-28 21:15:00,0.0,-0.0024463534,lstm
2020-09-28 21:15:00,0.0,7.241964e-05,lstm
2020-09-28 21:30:00,0.0,-0.002475217,lstm
2020-09-28 21:30:00,0.0,-0.0042057782,lstm
2020-09-28 21:30:00,0.0,-0.0024115145,lstm
2020-09-28 21:30:00,0.0,0.000102326274,lstm
2020-09-28 21:45:00,0.0,-0.0025293082,lstm
2020-09-28 21:45:00,0.0,-0.004253581,lstm
2020-09-28 21:45:00,0.0,-0.002509728,lstm
2020-09-28 21:45:00,0.0,8.21352e-05,lstm
2020-09-28 22:00:00,0.0,-0.0025690943,lstm
2020-09-28 22:00:00,0.0,-0.0042367578,lstm
2020-09-28 22:00:00,0.0,-0.0024973154,lstm
2020-09-28 22:00:00,0.0,0.0001334995,lstm
2020-09-28 22:15:00,0.0,-0.002592817,lstm
2020-09-28 22:15:00,0.0,-0.004214436,lstm
2020-09-28 22:15:00,0.0,-0.002462089,lstm
2020-09-28 22:15:00,0.0,0.00018021464,lstm
2020-09-28 22:30:00,0.0,-0.0026085228,lstm
2020-09-28 22:30:00,0.0,-0.004192725,lstm
2020-09-28 22:30:00,0.0,-0.0024291873,lstm
2020-09-28 22:30:00,0.0,0.00021521747,lstm
2020-09-28 22:45:00,0.0,-0.0026431233,lstm
2020-09-28 22:45:00,0.0,-0.0042131543,lstm
2020-09-28 22:45:00,0.0,-0.0025234073,lstm
2020-09-28 22:45:00,0.0,0.00019593537,lstm
2020-09-28 23:00:00,0.0,-0.0026485324,lstm
2020-09-28 23:00:00,0.0,-0.0041763037,lstm
2020-09-28 23:00:00,0.0,-0.0025071949,lstm
2020-09-28 23:00:00,0.0,0.00024303794,lstm
2020-09-28 23:15:00,0.0,-0.0026506037,lstm
2020-09-28 23:15:00,0.0,-0.004150912,lstm
2020-09-28 23:15:00,0.0,-0.002483502,lstm
2020-09-28 23:15:00,0.0,0.00028203428,lstm
2020-09-28 23:30:00,0.0,-0.0026517957,lstm
2020-09-28 23:30:00,0.0,-0.004129857,lstm
2020-09-28 23:30:00,0.0,-0.0024617016,lstm
2020-09-28 23:30:00,0.0,0.00030776858,lstm
2020-09-28 23:45:00,0.0,-0.002680108,lstm
2020-09-28 23:45:00,0.0,-0.004142508,lstm
2020-09-28 23:45:00,0.0,-0.002560094,lstm
2020-09-28 23:45:00,0.0,0.00027646124,lstm
2020-09-29 00:00:00,0.0,-0.0026660413,lstm
2020-09-29 00:00:00,0.0,-0.0040924847,lstm
2020-09-29 00:00:00,0.0,-0.002529204,lstm
2020-09-29 00:00:00,0.0,0.00032164156,lstm
2020-09-29 00:15:00,0.0,-0.0026551038,lstm
2020-09-29 00:15:00,0.0,-0.0040612966,lstm
2020-09-29 00:15:00,0.0,-0.0025057644,lstm
2020-09-29 00:15:00,0.0,0.00035241246,lstm
2020-09-29 00:30:00,0.0,-0.002646327,lstm
2020-09-29 00:30:00,0.0,-0.0040367693,lstm
2020-09-29 00:30:00,0.0,-0.0024826974,lstm
2020-09-29 00:30:00,0.0,0.00037634373,lstm
2020-09-29 00:45:00,0.0,-0.0026572943,lstm
2020-09-29 00:45:00,0.0,-0.0040300786,lstm
2020-09-29 00:45:00,0.0,-0.0025684237,lstm
2020-09-29 00:45:00,0.0,0.00033915043,lstm
2020-09-29 01:00:00,0.0,-0.0026297867,lstm
2020-09-29 01:00:00,0.0,-0.0039675385,lstm
2020-09-29 01:00:00,0.0,-0.0025191605,lstm
2020-09-29 01:00:00,0.0,0.00038535893,lstm
2020-09-29 01:15:00,0.0,-0.002606675,lstm
2020-09-29 01:15:00,0.0,-0.003929645,lstm
2020-09-29 01:15:00,0.0,-0.002484545,lstm
2020-09-29 01:15:00,0.0,0.00041002035,lstm
2020-09-29 01:30:00,0.0,-0.0025903583,lstm
2020-09-29 01:30:00,0.0,-0.0039031804,lstm
2020-09-29 01:30:00,0.0,-0.0024544299,lstm
2020-09-29 01:30:00,0.0,0.00042673945,lstm
2020-09-29 01:45:00,0.0,-0.0026010126,lstm
2020-09-29 01:45:00,0.0,-0.0038916469,lstm
2020-09-29 01:45:00,0.0,-0.0025174022,lstm
2020-09-29 01:45:00,0.0,0.00037647784,lstm
2020-09-29 02:00:00,0.0,-0.0025660247,lstm
2020-09-29 02:00:00,0.0,-0.0038273036,lstm
2020-09-29 02:00:00,0.0,-0.002459824,lstm
2020-09-29 02:00:00,0.0,0.00040397048,lstm
2020-09-29 02:15:00,0.0,-0.0025383085,lstm
2020-09-29 02:15:00,0.0,-0.0037959963,lstm
2020-09-29 02:15:00,0.0,-0.00243105,lstm
2020-09-29 02:15:00,0.0,0.0004120469,lstm
2020-09-29 02:30:00,0.0,-0.0025192052,lstm
2020-09-29 02:30:00,0.0,-0.0037784874,lstm
2020-09-29 02:30:00,0.0,-0.0024138242,lstm
2020-09-29 02:30:00,0.0,0.00041270256,lstm
2020-09-29 02:45:00,0.0,-0.0025282204,lstm
2020-09-29 02:45:00,0.0,-0.0037659258,lstm
2020-09-29 02:45:00,0.0,-0.0024633557,lstm
2020-09-29 02:45:00,0.0,0.0003528446,lstm
2020-09-29 03:00:00,0.0,-0.0024940073,lstm
2020-09-29 03:00:00,0.0,-0.0037171394,lstm
2020-09-29 03:00:00,0.0,-0.0024139285,lstm
2020-09-29 03:00:00,0.0,0.00035959482,lstm
2020-09-29 03:15:00,0.0,-0.0024644583,lstm
2020-09-29 03:15:00,0.0,-0.0037033856,lstm
2020-09-29 03:15:00,0.0,-0.00240089,lstm
2020-09-29 03:15:00,0.0,0.00034551322,lstm
2020-09-29 03:30:00,0.0,-0.0024514645,lstm
2020-09-29 03:30:00,0.0,-0.003698945,lstm
2020-09-29 03:30:00,0.0,-0.0023901016,lstm
2020-09-29 03:30:00,0.0,0.00033202767,lstm
2020-09-29 03:45:00,0.0,-0.002467692,lstm
2020-09-29 03:45:00,0.0,-0.003697902,lstm
2020-09-29 03:45:00,0.0,-0.002428621,lstm
2020-09-29 03:45:00,0.0,0.0002605021,lstm
2020-09-29 04:00:00,0.0,-0.0024452358,lstm
2020-09-29 04:00:00,0.0,-0.0036765337,lstm
2020-09-29 04:00:00,0.0,-0.0024015456,lstm
2020-09-29 04:00:00,0.0,0.00024157763,lstm
2020-09-29 04:15:00,0.0,-0.0024154335,lstm
2020-09-29 04:15:00,0.0,-0.003678754,lstm
2020-09-29 04:15:00,0.0,-0.002412647,lstm
2020-09-29 04:15:00,0.0,0.0002091378,lstm
2020-09-29 04:30:00,0.0,-0.0023978353,lstm
2020-09-29 04:30:00,0.0,-0.0036912262,lstm
2020-09-29 04:30:00,0.0,-0.0024287999,lstm
2020-09-29 04:30:00,0.0,0.0001847148,lstm
2020-09-29 04:45:00,0.0,-0.0024225712,lstm
2020-09-29 04:45:00,0.0,-0.0036960244,lstm
2020-09-29 04:45:00,0.0,-0.002455905,lstm
2020-09-29 04:45:00,0.0,0.00012347102,lstm
2020-09-29 05:00:00,0.0,-0.0024071485,lstm
2020-09-29 05:00:00,0.0,-0.003702134,lstm
2020-09-29 05:00:00,0.0,-0.0024508834,lstm
2020-09-29 05:00:00,0.0,9.761751e-05,lstm
2020-09-29 05:15:00,0.0,-0.0023885667,lstm
2020-09-29 05:15:00,0.0,-0.0037255287,lstm
2020-09-29 05:15:00,0.0,-0.0024704486,lstm
2020-09-29 05:15:00,0.0,6.972253e-05,lstm
2020-09-29 05:30:00,0.0,-0.0023784637,lstm
2020-09-29 05:30:00,0.0,-0.0037555844,lstm
2020-09-29 05:30:00,0.0,-0.002500251,lstm
2020-09-29 05:30:00,0.0,3.695488e-05,lstm
2020-09-29 05:45:00,0.0,-0.002430588,lstm
2020-09-29 05:45:00,0.0,-0.0037946403,lstm
2020-09-29 05:45:00,0.0,-0.002511084,lstm
2020-09-29 05:45:00,0.0,1.5720725e-05,lstm
2020-09-29 06:00:00,0.0,-0.0024499744,lstm
2020-09-29 06:00:00,0.0,-0.0038520545,lstm
2020-09-29 06:00:00,0.0,-0.002526641,lstm
2020-09-29 06:00:00,0.0,4.991889e-06,lstm
2020-09-29 06:15:00,0.0,-0.002447784,lstm
2020-09-29 06:15:00,0.0,-0.0039149225,lstm
2020-09-29 06:15:00,0.0,-0.0025733113,lstm
2020-09-29 06:15:00,0.0,-2.875924e-06,lstm
2020-09-29 06:30:00,0.0,-0.0024420172,lstm
2020-09-29 06:30:00,0.0,-0.0039794,lstm
2020-09-29 06:30:00,0.0,-0.0026237667,lstm
2020-09-29 06:30:00,0.0,1.1175871e-06,lstm
2020-09-29 06:45:00,0.0,-0.0025086254,lstm
2020-09-29 06:45:00,0.0,-0.0040468276,lstm
2020-09-29 06:45:00,0.0,-0.0025930107,lstm
2020-09-29 06:45:00,0.0,0.0001064688,lstm
2020-09-29 07:00:00,0.0,-0.0025442988,lstm
2020-09-29 07:00:00,0.0,-0.004155606,lstm
2020-09-29 07:00:00,0.0,-0.002568081,lstm
2020-09-29 07:00:00,0.0,0.0002758205,lstm
2020-09-29 07:15:00,0.0,-0.002521783,lstm
2020-09-29 07:15:00,0.0,-0.0042734295,lstm
2020-09-29 07:15:00,0.0,-0.0025181323,lstm
2020-09-29 07:15:00,0.0,0.0006171018,lstm
2020-09-29 07:30:00,0.0,-0.0024303496,lstm
2020-09-29 07:30:00,0.0,-0.0043977797,lstm
2020-09-29 07:30:00,0.0,-0.002237752,lstm
2020-09-29 07:30:00,0.001000002,0.0016196966,lstm
2020-09-29 07:45:00,0.0,-0.0022736937,lstm
2020-09-29 07:45:00,0.0,-0.0043579787,lstm
2020-09-29 07:45:00,0.001000002,-0.0010022074,lstm
2020-09-29 07:45:00,0.005799994,0.004772231,lstm
2020-09-29 08:00:00,0.0,-0.0023412555,lstm
2020-09-29 08:00:00,0.001000002,-0.0031143278,lstm
2020-09-29 08:00:00,0.005799994,0.0042954385,lstm
2020-09-29 08:00:00,0.026600003,0.01722154,lstm
2020-09-29 08:15:00,0.001000002,-0.0034826994,lstm
2020-09-29 08:15:00,0.005799994,0.0066567063,lstm
2020-09-29 08:15:00,0.026600003,0.025449112,lstm
2020-09-29 08:15:00,0.1178,0.05859162,lstm
2020-09-29 08:30:00,0.005799994,0.0022007823,lstm
2020-09-29 08:30:00,0.026600003,0.026641965,lstm
2020-09-29 08:30:00,0.1178,0.060835555,lstm
2020-09-29 08:30:00,0.2194,0.11188773,lstm
2020-09-29 08:45:00,0.026600003,0.009927109,lstm
2020-09-29 08:45:00,0.1178,0.03980899,lstm
2020-09-29 08:45:00,0.2194,0.08104426,lstm
2020-09-29 08:45:00,0.256,0.13535523,lstm
2020-09-29 09:00:00,0.1178,0.049527466,lstm
2020-09-29 09:00:00,0.2194,0.0917766,lstm
2020-09-29 09:00:00,0.256,0.14537074,lstm
2020-09-29 09:00:00,0.297,0.20198666,lstm
2020-09-29 09:15:00,0.2194,0.16617513,lstm
2020-09-29 09:15:00,0.256,0.22110797,lstm
2020-09-29 09:15:00,0.297,0.28946996,lstm
2020-09-29 09:15:00,0.3618,0.34895915,lstm
2020-09-29 09:30:00,0.256,0.23729643,lstm
2020-09-29 09:30:00,0.297,0.2885059,lstm
2020-09-29 09:30:00,0.3618,0.34507307,lstm
2020-09-29 09:30:00,0.4226,0.41547644,lstm
2020-09-29 09:45:00,0.297,0.2683516,lstm
2020-09-29 09:45:00,0.3618,0.32589263,lstm
2020-09-29 09:45:00,0.42260003,0.3711139,lstm
2020-09-29 09:45:00,0.4828,0.44123185,lstm
2020-09-29 10:00:00,0.36180001,0.33282632,lstm
2020-09-29 10:00:00,0.4226,0.39158076,lstm
2020-09-29 10:00:00,0.4828,0.43659577,lstm
2020-09-29 10:00:00,0.5356,0.49891287,lstm
2020-09-29 10:15:00,0.42260003,0.41455698,lstm
2020-09-29 10:15:00,0.4828,0.46660358,lstm
2020-09-29 10:15:00,0.5356,0.51077086,lstm
2020-09-29 10:15:00,0.5848,0.5626375,lstm
2020-09-29 10:30:00,0.4828,0.4822714,lstm
2020-09-29 10:30:00,0.5356,0.5268265,lstm
2020-09-29 10:30:00,0.58479995,0.5671812,lstm
2020-09-29 10:30:00,0.634,0.60776234,lstm
2020-09-29 10:45:00,0.5356,0.5499701,lstm
2020-09-29 10:45:00,0.5848,0.5871868,lstm
2020-09-29 10:45:00,0.634,0.62266976,lstm
2020-09-29 10:45:00,0.6944,0.6569831,lstm
2020-09-29 11:00:00,0.5848,0.60458016,lstm
2020-09-29 11:00:00,0.634,0.63829565,lstm
2020-09-29 11:00:00,0.6944,0.668135,lstm
2020-09-29 11:00:00,0.712,0.7012989,lstm
2020-09-29 11:15:00,0.634,0.65184796,lstm
2020-09-29 11:15:00,0.69439995,0.6833704,lstm
2020-09-29 11:15:00,0.712,0.70824414,lstm
2020-09-29 11:15:00,0.7372,0.7422473,lstm
2020-09-29 11:30:00,0.6944,0.69394004,lstm
2020-09-29 11:30:00,0.712,0.72347283,lstm
2020-09-29 11:30:00,0.7372,0.74480134,lstm
2020-09-29 11:30:00,0.7586,0.77930206,lstm
2020-09-29 11:45:00,0.712,0.7350485,lstm
2020-09-29 11:45:00,0.7372,0.760481,lstm
2020-09-29 11:45:00,0.7586,0.77914023,lstm
2020-09-29 11:45:00,0.7676,0.8133055,lstm
2020-09-29 12:00:00,0.7372,0.74120516,lstm
2020-09-29 12:00:00,0.7586,0.7664403,lstm
2020-09-29 12:00:00,0.7676,0.78191966,lstm
2020-09-29 12:00:00,0.633,0.8076762,lstm
2020-09-29 12:15:00,0.7586,0.7639037,lstm
2020-09-29 12:15:00,0.76759994,0.78190255,lstm
2020-09-29 12:15:00,0.633,0.7954551,lstm
2020-09-29 12:15:00,0.5172,0.81871194,lstm
2020-09-29 12:30:00,0.7676,0.7808948,lstm
2020-09-29 12:30:00,0.633,0.7930852,lstm
2020-09-29 12:30:00,0.5172,0.80448097,lstm
2020-09-29 12:30:00,0.5668,0.82312787,lstm
2020-09-29 12:45:00,0.633,0.788217,lstm
2020-09-29 12:45:00,0.5172,0.79413974,lstm
2020-09-29 12:45:00,0.5668,0.8016477,lstm
2020-09-29 12:45:00,0.6314,0.8143351,lstm
2020-09-29 13:00:00,0.5172,0.5823604,lstm
2020-09-29 13:00:00,0.5668,0.60971135,lstm
2020-09-29 13:00:00,0.6314,0.6059825,lstm
2020-09-29 13:00:00,0.7632,0.6037341,lstm
2020-09-29 13:15:00,0.5668,0.4449664,lstm
2020-09-29 13:15:00,0.6314,0.4970413,lstm
2020-09-29 13:15:00,0.7632,0.4998483,lstm
2020-09-29 13:15:00,0.7688,0.5158332,lstm
2020-09-29 13:30:00,0.6314,0.5273335,lstm
2020-09-29 13:30:00,0.7631999,0.5681747,lstm
2020-09-29 13:30:00,0.7688,0.5902518,lstm
2020-09-29 13:30:00,0.7342,0.6137258,lstm
2020-09-29 13:45:00,0.7632,0.5649779,lstm
2020-09-29 13:45:00,0.7688,0.583672,lstm
2020-09-29 13:45:00,0.7342,0.59443897,lstm
2020-09-29 13:45:00,0.7424,0.61416644,lstm
2020-09-29 14:00:00,0.7688,0.67341304,lstm
2020-09-29 14:00:00,0.7342,0.6585304,lstm
2020-09-29 14:00:00,0.7424,0.65273374,lstm
2020-09-29 14:00:00,0.821,0.6598729,lstm
2020-09-29 14:15:00,0.7342,0.6691365,lstm
2020-09-29 14:15:00,0.74239993,0.65120137,lstm
2020-09-29 14:15:00,0.821,0.6367806,lstm
2020-09-29 14:15:00,0.7432,0.6314917,lstm
2020-09-29 14:30:00,0.7424,0.6332488,lstm
2020-09-29 14:30:00,0.821,0.6147121,lstm
2020-09-29 14:30:00,0.7432,0.5979336,lstm
2020-09-29 14:30:00,0.6864,0.5866758,lstm
2020-09-29 14:45:00,0.821,0.6407039,lstm
2020-09-29 14:45:00,0.74319994,0.6072892,lstm
2020-09-29 14:45:00,0.6864,0.5846303,lstm
2020-09-29 14:45:00,0.66779995,0.56994617,lstm
2020-09-29 15:00:00,0.7432,0.6854696,lstm
2020-09-29 15:00:00,0.6864,0.63713276,lstm
2020-09-29 15:00:00,0.6678,0.60806787,lstm
2020-09-29 15:00:00,0.6648,0.5881406,lstm
2020-09-29 15:15:00,0.68640006,0.6249876,lstm
2020-09-29 15:15:00,0.6678,0.59815854,lstm
2020-09-29 15:15:00,0.6648,0.5701839,lstm
2020-09-29 15:15:00,0.68799996,0.5406598,lstm
2020-09-29 15:30:00,0.6678,0.5798666,lstm
2020-09-29 15:30:00,0.66480005,0.54906654,lstm
2020-09-29 15:30:00,0.688,0.5218704,lstm
2020-09-29 15:30:00,0.656,0.49290538,lstm
2020-09-29 15:45:00,0.6648,0.5695619,lstm
2020-09-29 15:45:00,0.688,0.5245312,lstm
2020-09-29 15:45:00,0.656,0.497023,lstm
2020-09-29 15:45:00,0.6168,0.46745116,lstm
2020-09-29 16:00:00,0.688,0.56559956,lstm
2020-09-29 16:00:00,0.656,0.51096976,lstm
2020-09-29 16:00:00,0.6168,0.48079896,lstm
2020-09-29 16:00:00,0.5344,0.44898492,lstm
2020-09-29 16:15:00,0.656,0.5734274,lstm
2020-09-29 16:15:00,0.6168,0.51917315,lstm
2020-09-29 16:15:00,0.5344,0.48595518,lstm
2020-09-29 16:15:00,0.48800004,0.45669562,lstm
2020-09-29 16:30:00,0.6168,0.540712,lstm
2020-09-29 16:30:00,0.5344,0.49355394,lstm
2020-09-29 16:30:00,0.48800004,0.4574402,lstm
2020-09-29 16:30:00,0.3738,0.42566144,lstm
2020-09-29 16:45:00,0.5344,0.52799,lstm
2020-09-29 16:45:00,0.488,0.47123748,lstm
2020-09-29 16:45:00,0.3738,0.42586505,lstm
2020-09-29 16:45:00,0.34400004,0.3850695,lstm
2020-09-29 17:00:00,0.488,0.48552978,lstm
2020-09-29 17:00:00,0.3738,0.42314857,lstm
2020-09-29 17:00:00,0.344,0.36747736,lstm
2020-09-29 17:00:00,0.3052,0.3139289,lstm
2020-09-29 17:15:00,0.3738,0.44379345,lstm
2020-09-29 17:15:00,0.344,0.37122875,lstm
2020-09-29 17:15:00,0.3052,0.30581224,lstm
2020-09-29 17:15:00,0.2082,0.24259341,lstm
2020-09-29 17:30:00,0.34399998,0.33942387,lstm
2020-09-29 17:30:00,0.3052,0.28321236,lstm
2020-09-29 17:30:00,0.2082,0.22553942,lstm
2020-09-29 17:30:00,0.1506,0.17095098,lstm
2020-09-29 17:45:00,0.3052,0.3050263,lstm
2020-09-29 17:45:00,0.2082,0.23887895,lstm
2020-09-29 17:45:00,0.1506,0.17814744,lstm
2020-09-29 17:45:00,0.1074,0.12713055,lstm
2020-09-29 18:00:00,0.2082,0.24733934,lstm
2020-09-29 18:00:00,0.1506,0.18422991,lstm
2020-09-29 18:00:00,0.1074,0.13064176,lstm
2020-09-29 18:00:00,0.06480001,0.086726695,lstm
2020-09-29 18:15:00,0.1506,0.16931751,lstm
2020-09-29 18:15:00,0.1074,0.11175615,lstm
2020-09-29 18:15:00,0.06480001,0.076372124,lstm
2020-09-29 18:15:00,0.026799992,0.04189363,lstm
2020-09-29 18:30:00,0.1074,0.1091076,lstm
2020-09-29 18:30:00,0.064799994,0.06058702,lstm
2020-09-29 18:30:00,0.026800007,0.03929092,lstm
2020-09-29 18:30:00,0.024000004,0.016001806,lstm
2020-09-29 18:45:00,0.064799994,0.061882243,lstm
2020-09-29 18:45:00,0.026800007,0.029717356,lstm
2020-09-29 18:45:00,0.024000004,0.016683266,lstm
2020-09-29 18:45:00,0.0119999945,0.007810995,lstm
2020-09-29 19:00:00,0.026800007,0.02652143,lstm
2020-09-29 19:00:00,0.024000019,0.010989726,lstm
2020-09-29 19:00:00,0.0119999945,0.0045386553,lstm
2020-09-29 19:00:00,0.00040002167,0.0045384765,lstm
2020-09-29 19:15:00,0.024000004,0.012793407,lstm
2020-09-29 19:15:00,0.0119999945,0.0016445816,lstm
2020-09-29 19:15:00,0.00040000677,-0.0017920285,lstm
2020-09-29 19:15:00,0.0,0.0006772578,lstm
2020-09-29 19:30:00,0.01199998,0.00552468,lstm
2020-09-29 19:30:00,0.00040000677,-0.001584664,lstm
2020-09-29 19:30:00,0.0,-0.0023453683,lstm
2020-09-29 19:30:00,0.0,0.00015299022,lstm
2020-09-29 19:45:00,0.00040000677,0.0018476993,lstm
2020-09-29 19:45:00,0.0,-0.0032652318,lstm
2020-09-29 19:45:00,0.0,-0.0030905157,lstm
2020-09-29 19:45:00,0.0,-0.00040067732,lstm
2020-09-29 20:00:00,0.0,-0.00016467273,lstm
2020-09-29 20:00:00,0.0,-0.00383465,lstm
2020-09-29 20:00:00,0.0,-0.003296271,lstm
2020-09-29 20:00:00,0.0,-0.00032280385,lstm
2020-09-29 20:15:00,0.0,-0.0012657791,lstm
2020-09-29 20:15:00,0.0,-0.0039674193,lstm
2020-09-29 20:15:00,0.0,-0.0028397888,lstm
2020-09-29 20:15:00,0.0,2.4795532e-05,lstm
2020-09-29 20:30:00,0.0,-0.0018113554,lstm
2020-09-29 20:30:00,0.0,-0.004060805,lstm
2020-09-29 20:30:00,0.0,-0.002609089,lstm
2020-09-29 20:30:00,0.0,6.7576766e-05,lstm
2020-09-29 20:45:00,0.0,-0.002092272,lstm
2020-09-29 20:45:00,0.0,-0.0041507185,lstm
2020-09-29 20:45:00,0.0,-0.0025839806,lstm
2020-09-29 20:45:00,0.0,4.5329332e-05,lstm
2020-09-29 21:00:00,0.0,-0.002275914,lstm
2020-09-29 21:00:00,0.0,-0.0041970164,lstm
2020-09-29 21:00:00,0.0,-0.0025554746,lstm
2020-09-29 21:00:00,0.0,5.3226948e-05,lstm
2020-09-29 21:15:00,0.0,-0.002391681,lstm
2020-09-29 21:15:00,0.0,-0.004201174,lstm
2020-09-29 21:15:00,0.0,-0.0025015324,lstm
2020-09-29 21:15:00,0.0,9.691715e-05,lstm
2020-09-29 21:30:00,0.0,-0.0024532974,lstm
2020-09-29 21:30:00,0.0,-0.004192233,lstm
2020-09-29 21:30:00,0.0,-0.0024537742,lstm
2020-09-29 21:30:00,0.0,0.00012843311,lstm
2020-09-29 21:45:00,0.0,-0.0025185943,lstm
2020-09-29 21:45:00,0.0,-0.004219234,lstm
2020-09-29 21:45:00,0.0,-0.002530694,lstm
2020-09-29 21:45:00,0.0,0.00012585521,lstm
2020-09-29 22:00:00,0.0,-0.0025566816,lstm
2020-09-29 22:00:00,0.0,-0.004184842,lstm
2020-09-29 22:00:00,0.0,-0.0024925917,lstm
2020-09-29 22:00:00,0.0,0.00019988418,lstm
2020-09-29 22:15:00,0.0,-0.0025735497,lstm
2020-09-29 22:15:00,0.0,-0.004150346,lstm
2020-09-29 22:15:00,0.0,-0.0024398863,lstm
2020-09-29 22:15:00,0.0,0.00025366247,lstm
2020-09-29 22:30:00,0.0,-0.0025865734,lstm
2020-09-29 22:30:00,0.0,-0.004112512,lstm
2020-09-29 22:30:00,0.0,-0.002383858,lstm
2020-09-29 22:30:00,0.0,0.00030097365,lstm
2020-09-29 22:45:00,0.0,-0.0026336014,lstm
2020-09-29 22:45:00,0.0,-0.004135832,lstm
2020-09-29 22:45:00,0.0,-0.0024708807,lstm
2020-09-29 22:45:00,0.0,0.00028508902,lstm
2020-09-29 23:00:00,0.0,-0.0026385784,lstm
2020-09-29 23:00:00,0.0,-0.004093468,lstm
2020-09-29 23:00:00,0.0,-0.0024358183,lstm
2020-09-29 23:00:00,0.0,0.000336349,lstm
2020-09-29 23:15:00,0.0,-0.0026300102,lstm
2020-09-29 23:15:00,0.0,-0.0040477365,lstm
2020-09-29 23:15:00,0.0,-0.0024066716,lstm
2020-09-29 23:15:00,0.0,0.00037395954,lstm
2020-09-29 23:30:00,0.0,-0.0026340932,lstm
2020-09-29 23:30:00,0.0,-0.0040147454,lstm
2020-09-29 23:30:00,0.0,-0.0023656636,lstm
2020-09-29 23:30:00,0.0,0.00041897595,lstm
2020-09-29 23:45:00,0.0,-0.0026717037,lstm
2020-09-29 23:45:00,0.0,-0.004020512,lstm
2020-09-29 23:45:00,0.0,-0.0024483055,lstm
2020-09-29 23:45:00,0.0,0.0003938228,lstm
2020-09-30 00:00:00,0.0,-0.0026480108,lstm
2020-09-30 00:00:00,0.0,-0.0039602816,lstm
2020-09-30 00:00:00,0.0,-0.0023903996,lstm
2020-09-30 00:00:00,0.0,0.00044935942,lstm
2020-09-30 00:15:00,0.0,-0.0026299506,lstm
2020-09-30 00:15:00,0.0,-0.003919229,lstm
2020-09-30 00:15:00,0.0,-0.0023480952,lstm
2020-09-30 00:15:00,0.0,0.00047957897,lstm
2020-09-30 00:30:00,0.0,-0.0026044548,lstm
2020-09-30 00:30:00,0.0,-0.0038780123,lstm
2020-09-30 00:30:00,0.0,-0.0023236573,lstm
2020-09-30 00:30:00,0.0,0.0004969239,lstm
2020-09-30 00:45:00,0.0,-0.0026277006,lstm
2020-09-30 00:45:00,0.0,-0.0038600713,lstm
2020-09-30 00:45:00,0.0,-0.0024019927,lstm
2020-09-30 00:45:00,0.0,0.00046801567,lstm
2020-09-30 01:00:00,0.0,-0.0025800914,lstm
2020-09-30 01:00:00,0.0,-0.0037859231,lstm
2020-09-30 01:00:00,0.0,-0.0023394227,lstm
2020-09-30 01:00:00,0.0,0.00051523745,lstm
2020-09-30 01:15:00,0.0,-0.00254485,lstm
2020-09-30 01:15:00,0.0,-0.0037339479,lstm
2020-09-30 01:15:00,0.0,-0.0022905618,lstm
2020-09-30 01:15:00,0.0,0.0005417615,lstm
2020-09-30 01:30:00,0.0,-0.0025146902,lstm
2020-09-30 01:30:00,0.0,-0.0036977977,lstm
2020-09-30 01:30:00,0.0,-0.0022613853,lstm
2020-09-30 01:30:00,0.0,0.00055363774,lstm
2020-09-30 01:45:00,0.0,-0.0025403798,lstm
2020-09-30 01:45:00,0.0,-0.0036866218,lstm
2020-09-30 01:45:00,0.0,-0.0023359805,lstm
2020-09-30 01:45:00,0.0,0.00049871206,lstm
2020-09-30 02:00:00,0.0,-0.0024749637,lstm
2020-09-30 02:00:00,0.0,-0.0036025643,lstm
2020-09-30 02:00:00,0.0,-0.0022674948,lstm
2020-09-30 02:00:00,0.0,0.00052154064,lstm
2020-09-30 02:15:00,0.0,-0.0024341345,lstm
2020-09-30 02:15:00,0.0,-0.003568858,lstm
2020-09-30 02:15:00,0.0,-0.0022352636,lstm
2020-09-30 02:15:00,0.0,0.00052554905,lstm
2020-09-30 02:30:00,0.0,-0.0024016947,lstm
2020-09-30 02:30:00,0.0,-0.0035398453,lstm
2020-09-30 02:30:00,0.0,-0.002212435,lstm
2020-09-30 02:30:00,0.0,0.00051787496,lstm
2020-09-30 02:45:00,0.0,-0.002427265,lstm
2020-09-30 02:45:00,0.0,-0.0035367608,lstm
2020-09-30 02:45:00,0.0,-0.0022725016,lstm
2020-09-30 02:45:00,0.0,0.00045394897,lstm
2020-09-30 03:00:00,0.0,-0.0023646802,lstm
2020-09-30 03:00:00,0.0,-0.0034760833,lstm
2020-09-30 03:00:00,0.0,-0.0022204071,lstm
2020-09-30 03:00:00,0.0,0.00044554472,lstm
2020-09-30 03:15:00,0.0,-0.0023313612,lstm
2020-09-30 03:15:00,0.0,-0.0034564435,lstm
2020-09-30 03:15:00,0.0,-0.0022018254,lstm
2020-09-30 03:15:00,0.0,0.0004324615,lstm
2020-09-30 03:30:00,0.0,-0.0023088455,lstm
2020-09-30 03:30:00,0.0,-0.0034433007,lstm
2020-09-30 03:30:00,0.0,-0.0021926314,lstm
2020-09-30 03:30:00,0.0,0.00041122735,lstm
2020-09-30 03:45:00,0.0,-0.0023391843,lstm
2020-09-30 03:45:00,0.0,-0.0034398139,lstm
2020-09-30 03:45:00,0.0,-0.0022257268,lstm
2020-09-30 03:45:00,0.0,0.0003440231,lstm
2020-09-30 04:00:00,0.0,-0.0023079813,lstm
2020-09-30 04:00:00,0.0,-0.0034192204,lstm
2020-09-30 04:00:00,0.0,-0.0021957904,lstm
2020-09-30 04:00:00,0.0,0.00031343102,lstm
2020-09-30 04:15:00,0.0,-0.002284512,lstm
2020-09-30 04:15:00,0.0,-0.0034232289,lstm
2020-09-30 04:15:00,0.0,-0.0022024661,lstm
2020-09-30 04:15:00,0.0,0.00027114153,lstm
2020-09-30 04:30:00,0.0,-0.0022806823,lstm
2020-09-30 04:30:00,0.0,-0.0034374446,lstm
2020-09-30 04:30:00,0.0,-0.0022152364,lstm
2020-09-30 04:30:00,0.0,0.0002398789,lstm
2020-09-30 04:45:00,0.0,-0.0023463517,lstm
2020-09-30 04:45:00,0.0,-0.0034712106,lstm
2020-09-30 04:45:00,0.0,-0.0022354275,lstm
2020-09-30 04:45:00,0.0,0.00018793344,lstm
2020-09-30 05:00:00,0.0,-0.0023394972,lstm
2020-09-30 05:00:00,0.0,-0.003494069,lstm
2020-09-30 05:00:00,0.0,-0.0022526085,lstm
2020-09-30 05:00:00,0.0,0.00011403859,lstm
2020-09-30 05:15:00,0.0,-0.0022664666,lstm
2020-09-30 05:15:00,0.0,-0.0034967214,lstm
2020-09-30 05:15:00,0.0,-0.0023027211,lstm
2020-09-30 05:15:00,0.0,2.6151538e-05,lstm
2020-09-30 05:30:00,0.0,-0.002204299,lstm
2020-09-30 05:30:00,0.0,-0.0034984648,lstm
2020-09-30 05:30:00,0.0,-0.0023306608,lstm
2020-09-30 05:30:00,0.0,-6.1243773e-06,lstm
2020-09-30 05:45:00,0.0,-0.00224486,lstm
2020-09-30 05:45:00,0.0,-0.0035147965,lstm
2020-09-30 05:45:00,0.0,-0.002318874,lstm
2020-09-30 05:45:00,0.0,-5.632639e-06,lstm
2020-09-30 06:00:00,0.0,-0.0022793412,lstm
2020-09-30 06:00:00,0.0,-0.0035743117,lstm
2020-09-30 06:00:00,0.0,-0.0023359656,lstm
2020-09-30 06:00:00,0.0,-2.4735928e-05,lstm
2020-09-30 06:15:00,0.0,-0.0022634715,lstm
2020-09-30 06:15:00,0.0,-0.003624618,lstm
2020-09-30 06:15:00,0.0,-0.0023967028,lstm
2020-09-30 06:15:00,0.0,-7.800758e-05,lstm
2020-09-30 06:30:00,0.0,-0.002237603,lstm
2020-09-30 06:30:00,0.0,-0.0036783665,lstm
2020-09-30 06:30:00,0.0,-0.0024631321,lstm
2020-09-30 06:30:00,0.0,-0.00012274086,lstm
2020-09-30 06:45:00,0.0,-0.0023115426,lstm
2020-09-30 06:45:00,0.0,-0.0037496835,lstm
2020-09-30 06:45:00,0.0,-0.0024505854,lstm
2020-09-30 06:45:00,0.0,-6.5267086e-05,lstm
2020-09-30 07:00:00,0.0,-0.002390489,lstm
2020-09-30 07:00:00,0.0,-0.003916621,lstm
2020-09-30 07:00:00,0.0,-0.002513349,lstm
2020-09-30 07:00:00,0.0,-7.227063e-06,lstm
2020-09-30 07:15:00,0.0,-0.0023976266,lstm
2020-09-30 07:15:00,0.0,-0.0041335225,lstm
2020-09-30 07:15:00,0.0,-0.0025852472,lstm
2020-09-30 07:15:00,0.0,0.00023666024,lstm
2020-09-30 07:30:00,0.0,-0.0023185462,lstm
2020-09-30 07:30:00,0.0,-0.0045069307,lstm
2020-09-30 07:30:00,0.0,-0.0024106652,lstm
2020-09-30 07:30:00,0.0044,0.001536116,lstm
2020-09-30 07:45:00,0.0,-0.0022292286,lstm
2020-09-30 07:45:00,0.0,-0.00474678,lstm
2020-09-30 07:45:00,0.004399985,-0.000937745,lstm
2020-09-30 07:45:00,0.0326,0.0062951297,lstm
2020-09-30 08:00:00,0.0,-0.003114894,lstm
2020-09-30 08:00:00,0.0044,-0.0029608756,lstm
2020-09-30 08:00:00,0.0326,0.0062463433,lstm
2020-09-30 08:00:00,0.08320001,0.025079802,lstm
2020-09-30 08:15:00,0.0044,-0.0039271414,lstm
2020-09-30 08:15:00,0.032599986,0.008674011,lstm
2020-09-30 08:15:00,0.0832,0.030086547,lstm
2020-09-30 08:15:00,0.144,0.07250272,lstm
2020-09-30 08:30:00,0.0326,0.003552243,lstm
2020-09-30 08:30:00,0.0832,0.027829587,lstm
2020-09-30 08:30:00,0.144,0.06595375,lstm
2020-09-30 08:30:00,0.2146,0.12417514,lstm
2020-09-30 08:45:00,0.0832,0.06480627,lstm
2020-09-30 08:45:00,0.144,0.11009567,lstm
2020-09-30 08:45:00,0.2146,0.17447135,lstm
2020-09-30 08:45:00,0.2858,0.24151853,lstm
2020-09-30 09:00:00,0.144,0.14896582,lstm
2020-09-30 09:00:00,0.2146,0.21405753,lstm
2020-09-30 09:00:00,0.2858,0.29670206,lstm
2020-09-30 09:00:00,0.3538,0.3620271,lstm
2020-09-30 09:15:00,0.2146,0.22244042,lstm
2020-09-30 09:15:00,0.2858,0.2932189,lstm
2020-09-30 09:15:00,0.3538,0.36700544,lstm
2020-09-30 09:15:00,0.419,0.4306615,lstm
2020-09-30 09:30:00,0.2858,0.29635307,lstm
2020-09-30 09:30:00,0.3538,0.3610462,lstm
2020-09-30 09:30:00,0.419,0.41586214,lstm
2020-09-30 09:30:00,0.47900003,0.48440552,lstm
2020-09-30 09:45:00,0.3538,0.3653899,lstm
2020-09-30 09:45:00,0.419,0.42732972,lstm
2020-09-30 09:45:00,0.47900003,0.47500765,lstm
2020-09-30 09:45:00,0.5336,0.544699,lstm
2020-09-30 10:00:00,0.419,0.43234903,lstm
2020-09-30 10:00:00,0.479,0.48873177,lstm
2020-09-30 10:00:00,0.5336,0.53627497,lstm
2020-09-30 10:00:00,0.5856,0.5965968,lstm
2020-09-30 10:15:00,0.47900003,0.5030334,lstm
2020-09-30 10:15:00,0.5336,0.5485568,lstm
2020-09-30 10:15:00,0.5856,0.59418714,lstm
2020-09-30 10:15:00,0.6384,0.6382748,lstm
2020-09-30 10:30:00,0.5336,0.56924975,lstm
2020-09-30 10:30:00,0.5856,0.60371107,lstm
2020-09-30 10:30:00,0.6384,0.64346826,lstm
2020-09-30 10:30:00,0.6838,0.6751628,lstm
2020-09-30 10:45:00,0.5856,0.62689406,lstm
2020-09-30 10:45:00,0.6384,0.65354264,lstm
2020-09-30 10:45:00,0.6838,0.686233,lstm
2020-09-30 10:45:00,0.7288,0.71368617,lstm
2020-09-30 11:00:00,0.6384,0.67341495,lstm
2020-09-30 11:00:00,0.6838,0.6962768,lstm
2020-09-30 11:00:00,0.7288,0.7228848,lstm
2020-09-30 11:00:00,0.7686,0.7508616,lstm
2020-09-30 11:15:00,0.6838,0.71313477,lstm
2020-09-30 11:15:00,0.72879994,0.73436046,lstm
2020-09-30 11:15:00,0.7686,0.7562393,lstm
2020-09-30 11:15:00,0.8006,0.7857525,lstm
2020-09-30 11:30:00,0.7288,0.74199414,lstm
2020-09-30 11:30:00,0.7686,0.76261437,lstm
2020-09-30 11:30:00,0.8006,0.78074884,lstm
2020-09-30 11:30:00,0.8274,0.8095639,lstm
2020-09-30 11:45:00,0.7686,0.7693814,lstm
2020-09-30 11:45:00,0.80059993,0.7871274,lstm
2020-09-30 11:45:00,0.82739997,0.80261314,lstm
2020-09-30 11:45:00,0.8484,0.830155,lstm
2020-09-30 12:00:00,0.8006,0.79014254,lstm
2020-09-30 12:00:00,0.82739997,0.8047199,lstm
2020-09-30 12:00:00,0.8484,0.81825626,lstm
2020-09-30 12:00:00,0.8614,0.8425737,lstm
2020-09-30 12:15:00,0.8274,0.80714196,lstm
2020-09-30 12:15:00,0.8484,0.8173739,lstm
2020-09-30 12:15:00,0.8614,0.82911706,lstm
2020-09-30 12:15:00,0.8636001,0.8492231,lstm
2020-09-30 12:30:00,0.8484,0.82139087,lstm
2020-09-30 12:30:00,0.8614,0.8267218,lstm
2020-09-30 12:30:00,0.8636,0.83689874,lstm
2020-09-30 12:30:00,0.8654,0.8531585,lstm
2020-09-30 12:45:00,0.8614,0.8299566,lstm
2020-09-30 12:45:00,0.8636,0.83142173,lstm
2020-09-30 12:45:00,0.8654,0.83996814,lstm
2020-09-30 12:45:00,0.8728,0.85325223,lstm
2020-09-30 13:00:00,0.8636,0.8310173,lstm
2020-09-30 13:00:00,0.86539996,0.83009875,lstm
2020-09-30 13:00:00,0.8728,0.83709204,lstm
2020-09-30 13:00:00,0.87920004,0.8472961,lstm
2020-09-30 13:15:00,0.8654,0.8244964,lstm
2020-09-30 13:15:00,0.8728,0.8211727,lstm
2020-09-30 13:15:00,0.8792,0.8258523,lstm
2020-09-30 13:15:00,0.8744,0.83244014,lstm
2020-09-30 13:30:00,0.8728,0.82238907,lstm
2020-09-30 13:30:00,0.8792,0.81610715,lstm
2020-09-30 13:30:00,0.8744,0.82027036,lstm
2020-09-30 13:30:00,0.8732,0.8255643,lstm
2020-09-30 13:45:00,0.8792,0.8290244,lstm
2020-09-30 13:45:00,0.8744,0.8206687,lstm
2020-09-30 13:45:00,0.8732,0.82482445,lstm
2020-09-30 13:45:00,0.86739993,0.8303715,lstm
2020-09-30 14:00:00,0.8744,0.83276033,lstm
2020-09-30 14:00:00,0.87319994,0.82361984,lstm
2020-09-30 14:00:00,0.86739993,0.8272222,lstm
2020-09-30 14:00:00,0.8522,0.83171415,lstm
2020-09-30 14:15:00,0.8732,0.82891864,lstm
2020-09-30 14:15:00,0.86739993,0.8183695,lstm
2020-09-30 14:15:00,0.8522,0.81966364,lstm
2020-09-30 14:15:00,0.8452,0.82082456,lstm
2020-09-30 14:30:00,0.8674,0.83092993,lstm
2020-09-30 14:30:00,0.8521999,0.81706774,lstm
2020-09-30 14:30:00,0.8452,0.81709707,lstm
2020-09-30 14:30:00,0.833,0.8171481,lstm
2020-09-30 14:45:00,0.8522,0.8286847,lstm
2020-09-30 14:45:00,0.84519994,0.8122778,lstm
2020-09-30 14:45:00,0.833,0.80911696,lstm
2020-09-30 14:45:00,0.8144,0.80577236,lstm
2020-09-30 15:00:00,0.8452,0.8152731,lstm
2020-09-30 15:00:00,0.83299994,0.7952918,lstm
2020-09-30 15:00:00,0.8144,0.7873716,lstm
2020-09-30 15:00:00,0.7948,0.7778829,lstm
2020-09-30 15:15:00,0.83299994,0.80958575,lstm
2020-09-30 15:15:00,0.81439996,0.7832098,lstm
2020-09-30 15:15:00,0.7948,0.77235407,lstm
2020-09-30 15:15:00,0.7688,0.7598002,lstm
2020-09-30 15:30:00,0.8144,0.795521,lstm
2020-09-30 15:30:00,0.79480004,0.7628479,lstm
2020-09-30 15:30:00,0.7688,0.74790597,lstm
2020-09-30 15:30:00,0.7364,0.72915775,lstm
2020-09-30 15:45:00,0.7948,0.77360827,lstm
2020-09-30 15:45:00,0.7688,0.73322284,lstm
2020-09-30 15:45:00,0.7364,0.7124554,lstm
2020-09-30 15:45:00,0.6988,0.6867828,lstm
2020-09-30 16:00:00,0.7688,0.751779,lstm
2020-09-30 16:00:00,0.7364,0.7034321,lstm
2020-09-30 16:00:00,0.6988,0.678085,lstm
2020-09-30 16:00:00,0.6596,0.64808184,lstm
2020-09-30 16:15:00,0.7364,0.7231293,lstm
2020-09-30 16:15:00,0.69879997,0.67105335,lstm
2020-09-30 16:15:00,0.6596,0.6400696,lstm
2020-09-30 16:15:00,0.6182,0.60704386,lstm
2020-09-30 16:30:00,0.6988,0.69379514,lstm
2020-09-30 16:30:00,0.6596,0.64032483,lstm
2020-09-30 16:30:00,0.6182,0.6006642,lstm
2020-09-30 16:30:00,0.5744,0.56427026,lstm
2020-09-30 16:45:00,0.6596,0.66442096,lstm
2020-09-30 16:45:00,0.6182,0.60769415,lstm
2020-09-30 16:45:00,0.5744,0.5586284,lstm
2020-09-30 16:45:00,0.5192,0.5161112,lstm
2020-09-30 17:00:00,0.6182,0.6278058,lstm
2020-09-30 17:00:00,0.5744,0.56574804,lstm
2020-09-30 17:00:00,0.5192,0.5141507,lstm
2020-09-30 17:00:00,0.458,0.4691304,lstm
2020-09-30 17:15:00,0.5744,0.5907773,lstm
2020-09-30 17:15:00,0.5192,0.5209584,lstm
2020-09-30 17:15:00,0.458,0.4666022,lstm
2020-09-30 17:15:00,0.3982,0.41767156,lstm
2020-09-30 17:30:00,0.5192,0.5514444,lstm
2020-09-30 17:30:00,0.458,0.47315803,lstm
2020-09-30 17:30:00,0.3982,0.40872127,lstm
2020-09-30 17:30:00,0.332,0.35172904,lstm
2020-09-30 17:45:00,0.458,0.49798784,lstm
2020-09-30 17:45:00,0.3982,0.41289932,lstm
2020-09-30 17:45:00,0.332,0.3316258,lstm
2020-09-30 17:45:00,0.2648,0.2629364,lstm
2020-09-30 18:00:00,0.3982,0.42956835,lstm
2020-09-30 18:00:00,0.332,0.34245974,lstm
2020-09-30 18:00:00,0.2648,0.25553972,lstm
2020-09-30 18:00:00,0.1966,0.18462071,lstm
2020-09-30 18:15:00,0.332,0.35886556,lstm
2020-09-30 18:15:00,0.2648,0.2662998,lstm
2020-09-30 18:15:00,0.1966,0.18123008,lstm
2020-09-30 18:15:00,0.1298,0.115272075,lstm
2020-09-30 18:30:00,0.2648,0.25843948,lstm
2020-09-30 18:30:00,0.1966,0.17448245,lstm
2020-09-30 18:30:00,0.1298,0.10714162,lstm
2020-09-30 18:30:00,0.0688,0.05719556,lstm
2020-09-30 18:45:00,0.1966,0.17154886,lstm
2020-09-30 18:45:00,0.1298,0.10084603,lstm
2020-09-30 18:45:00,0.0688,0.058382735,lstm
2020-09-30 18:45:00,0.022599995,0.024110734,lstm
2020-09-30 19:00:00,0.1298,0.09683855,lstm
2020-09-30 19:00:00,0.068799995,0.047606677,lstm
2020-09-30 19:00:00,0.022599995,0.023408353,lstm
2020-09-30 19:00:00,0.001000002,0.008888185,lstm
2020-09-30 19:15:00,0.0688,0.04124099,lstm
2020-09-30 19:15:00,0.022599995,0.014204785,lstm
2020-09-30 19:15:00,0.001000002,0.0022252947,lstm
2020-09-30 19:15:00,0.0,0.00087331235,lstm
2020-09-30 19:30:00,0.022599995,0.016528636,lstm
2020-09-30 19:30:00,0.001000002,0.0011190921,lstm
2020-09-30 19:30:00,0.0,-0.004145995,lstm
2020-09-30 19:30:00,0.0,-0.0016709715,lstm
2020-09-30 19:45:00,0.001000002,0.0066541284,lstm
2020-09-30 19:45:00,0.0,-0.0028155,lstm
2020-09-30 19:45:00,0.0,-0.004860282,lstm
2020-09-30 19:45:00,0.0,-0.0016887635,lstm
2020-09-30 20:00:00,0.0,0.0021373332,lstm
2020-09-30 20:00:00,0.0,-0.003908485,lstm
2020-09-30 20:00:00,0.0,-0.0039813668,lstm
2020-09-30 20:00:00,0.0,-0.0009455681,lstm
2020-09-30 20:15:00,0.0,-0.00024454296,lstm
2020-09-30 20:15:00,0.0,-0.003953919,lstm
2020-09-30 20:15:00,0.0,-0.0030498803,lstm
2020-09-30 20:15:00,0.0,-0.00023669004,lstm
2020-09-30 20:30:00,0.0,-0.001398921,lstm
2020-09-30 20:30:00,0.0,-0.0040198565,lstm
2020-09-30 20:30:00,0.0,-0.0025629997,lstm
2020-09-30 20:30:00,0.0,-1.2993813e-05,lstm
2020-09-30 20:45:00,0.0,-0.0019241124,lstm
2020-09-30 20:45:00,0.0,-0.004091382,lstm
2020-09-30 20:45:00,0.0,-0.0023997128,lstm
2020-09-30 20:45:00,0.0,1.5258789e-05,lstm
2020-09-30 21:00:00,0.0,-0.0022103488,lstm
2020-09-30 21:00:00,0.0,-0.0041235834,lstm
2020-09-30 21:00:00,0.0,-0.0022959113,lstm
2020-09-30 21:00:00,0.0,5.6296587e-05,lstm
2020-09-30 21:15:00,0.0,-0.002357319,lstm
2020-09-30 21:15:00,0.0,-0.004136294,lstm
2020-09-30 21:15:00,0.0,-0.0022301376,lstm
2020-09-30 21:15:00,0.0,9.176135e-05,lstm
2020-09-30 21:30:00,0.0,-0.0024354905,lstm
2020-09-30 21:30:00,0.0,-0.0041360855,lstm
2020-09-30 21:30:00,0.0,-0.0021769106,lstm
2020-09-30 21:30:00,0.0,0.00012388825,lstm
2020-09-30 21:45:00,0.0,-0.002494067,lstm
2020-09-30 21:45:00,0.0,-0.00418669,lstm
2020-09-30 21:45:00,0.0,-0.0022785962,lstm
2020-09-30 21:45:00,0.0,9.5039606e-05,lstm
2020-09-30 22:00:00,0.0,-0.002527833,lstm
2020-09-30 22:00:00,0.0,-0.004171476,lstm
2020-09-30 22:00:00,0.0,-0.0022751987,lstm
2020-09-30 22:00:00,0.0,0.00013919175,lstm
2020-09-30 22:15:00,0.0,-0.0025461465,lstm
2020-09-30 22:15:00,0.0,-0.004151851,lstm
2020-09-30 22:15:00,0.0,-0.0022542626,lstm
2020-09-30 22:15:00,0.0,0.00017946959,lstm
2020-09-30 22:30:00,0.0,-0.0025586188,lstm
2020-09-30 22:30:00,0.0,-0.0041261613,lstm
2020-09-30 22:30:00,0.0,-0.0022283345,lstm
2020-09-30 22:30:00,0.0,0.00021751225,lstm
2020-09-30 22:45:00,0.0,-0.002598226,lstm
2020-09-30 22:45:00,0.0,-0.0041505992,lstm
2020-09-30 22:45:00,0.0,-0.0023301244,lstm
2020-09-30 22:45:00,0.0,0.00019998848,lstm
2020-09-30 23:00:00,0.0,-0.002598092,lstm
2020-09-30 23:00:00,0.0,-0.004112661,lstm
2020-09-30 23:00:00,0.0,-0.0023152977,lstm
2020-09-30 23:00:00,0.0,0.0002501011,lstm
2020-09-30 23:15:00,0.0,-0.0025957227,lstm
2020-09-30 23:15:00,0.0,-0.004080057,lstm
2020-09-30 23:15:00,0.0,-0.0022905916,lstm
2020-09-30 23:15:00,0.0,0.0002925992,lstm
2020-09-30 23:30:00,0.0,-0.0025948435,lstm
2020-09-30 23:30:00,0.0,-0.0040539503,lstm
2020-09-30 23:30:00,0.0,-0.002260223,lstm
2020-09-30 23:30:00,0.0,0.00032532215,lstm
2020-09-30 23:45:00,0.0,-0.0026303232,lstm
2020-09-30 23:45:00,0.0,-0.004070714,lstm
2020-09-30 23:45:00,0.0,-0.0023621768,lstm
2020-09-30 23:45:00,0.0,0.00028821826,lstm
2020-10-01 00:00:00,0.0,-0.0026219338,lstm
2020-10-01 00:00:00,0.0,-0.004019335,lstm
2020-10-01 00:00:00,0.0,-0.002319172,lstm
2020-10-01 00:00:00,0.0,0.00033913553,lstm
2020-10-01 00:15:00,0.0,-0.0026129335,lstm
2020-10-01 00:15:00,0.0,-0.0039871633,lstm
2020-10-01 00:15:00,0.0,-0.0022929907,lstm
2020-10-01 00:15:00,0.0,0.0003658086,lstm
2020-10-01 00:30:00,0.0,-0.0026047379,lstm
2020-10-01 00:30:00,0.0,-0.003965661,lstm
2020-10-01 00:30:00,0.0,-0.002277121,lstm
2020-10-01 00:30:00,0.0,0.00038421154,lstm
2020-10-01 00:45:00,0.0,-0.002620101,lstm
2020-10-01 00:45:00,0.0,-0.0039634258,lstm
2020-10-01 00:45:00,0.0,-0.0023711622,lstm
2020-10-01 00:45:00,0.0,0.00033940375,lstm
2020-10-01 01:00:00,0.0,-0.002590984,lstm
2020-10-01 01:00:00,0.0,-0.0039057136,lstm
2020-10-01 01:00:00,0.0,-0.0023240596,lstm
2020-10-01 01:00:00,0.0,0.00038200617,lstm
2020-10-01 01:15:00,0.0,-0.0025684536,lstm
2020-10-01 01:15:00,0.0,-0.0038751364,lstm
2020-10-01 01:15:00,0.0,-0.0022923648,lstm
2020-10-01 01:15:00,0.0,0.0004017353,lstm
2020-10-01 01:30:00,0.0,-0.0025529712,lstm
2020-10-01 01:30:00,0.0,-0.003853187,lstm
2020-10-01 01:30:00,0.0,-0.002269581,lstm
2020-10-01 01:30:00,0.0,0.000411883,lstm
2020-10-01 01:45:00,0.0,-0.0025711805,lstm
2020-10-01 01:45:00,0.0,-0.0038514137,lstm
2020-10-01 01:45:00,0.0,-0.0023463964,lstm
2020-10-01 01:45:00,0.0,0.00035078824,lstm
2020-10-01 02:00:00,0.0,-0.0025399327,lstm
2020-10-01 02:00:00,0.0,-0.0037951171,lstm
2020-10-01 02:00:00,0.0,-0.0022942722,lstm
2020-10-01 02:00:00,0.0,0.00037319958,lstm
2020-10-01 02:15:00,0.0,-0.002514124,lstm
2020-10-01 02:15:00,0.0,-0.003771603,lstm
2020-10-01 02:15:00,0.0,-0.002271384,lstm
2020-10-01 02:15:00,0.0,0.00037156045,lstm
2020-10-01 02:30:00,0.0,-0.002495557,lstm
2020-10-01 02:30:00,0.0,-0.0037559718,lstm
2020-10-01 02:30:00,0.0,-0.0022610426,lstm
2020-10-01 02:30:00,0.0,0.00036387146,lstm
2020-10-01 02:45:00,0.0,-0.0025098175,lstm
2020-10-01 02:45:00,0.0,-0.0037534535,lstm
2020-10-01 02:45:00,0.0,-0.0023221523,lstm
2020-10-01 02:45:00,0.0,0.00029538572,lstm
2020-10-01 03:00:00,0.0,-0.0024787933,lstm
2020-10-01 03:00:00,0.0,-0.0037106574,lstm
2020-10-01 03:00:00,0.0,-0.002277717,lstm
2020-10-01 03:00:00,0.0,0.00029602647,lstm
2020-10-01 03:15:00,0.0,-0.0024523288,lstm
2020-10-01 03:15:00,0.0,-0.0036987215,lstm
2020-10-01 03:15:00,0.0,-0.0022694468,lstm
2020-10-01 03:15:00,0.0,0.00027503073,lstm
2020-10-01 03:30:00,0.0,-0.0024306327,lstm
2020-10-01 03:30:00,0.0,-0.0036955029,lstm
2020-10-01 03:30:00,0.0,-0.002272606,lstm
2020-10-01 03:30:00,0.0,0.0002526641,lstm
2020-10-01 03:45:00,0.0,-0.0024481863,lstm
2020-10-01 03:45:00,0.0,-0.0036978722,lstm
2020-10-01 03:45:00,0.0,-0.002309829,lstm
2020-10-01 03:45:00,0.0,0.00018294156,lstm
2020-10-01 04:00:00,0.0,-0.0024272352,lstm
2020-10-01 04:00:00,0.0,-0.0036835372,lstm
2020-10-01 04:00:00,0.0,-0.0022876859,lstm
2020-10-01 04:00:00,0.0,0.00015293062,lstm
2020-10-01 04:15:00,0.0,-0.002401799,lstm
2020-10-01 04:15:00,0.0,-0.0036896914,lstm
2020-10-01 04:15:00,0.0,-0.002297327,lstm
2020-10-01 04:15:00,0.0,0.00011137128,lstm
2020-10-01 04:30:00,0.0,-0.002380237,lstm
2020-10-01 04:30:00,0.0,-0.003702432,lstm
2020-10-01 04:30:00,0.0,-0.0023157,lstm
2020-10-01 04:30:00,0.0,7.344782e-05,lstm
2020-10-01 04:45:00,0.0,-0.0024134666,lstm
2020-10-01 04:45:00,0.0,-0.0037197024,lstm
2020-10-01 04:45:00,0.0,-0.0023374856,lstm
2020-10-01 04:45:00,0.0,9.506941e-06,lstm
2020-10-01 05:00:00,0.0,-0.002412662,lstm
2020-10-01 05:00:00,0.0,-0.003744766,lstm
2020-10-01 05:00:00,0.0,-0.002342254,lstm
2020-10-01 05:00:00,0.0,-3.992021e-05,lstm
2020-10-01 05:15:00,0.0,-0.002407074,lstm
2020-10-01 05:15:00,0.0,-0.0037852526,lstm
2020-10-01 05:15:00,0.0,-0.0023723543,lstm
2020-10-01 05:15:00,0.0,-9.033084e-05,lstm
2020-10-01 05:30:00,0.0,-0.0023957044,lstm
2020-10-01 05:30:00,0.0,-0.0038260669,lstm
2020-10-01 05:30:00,0.0,-0.0024189204,lstm
2020-10-01 05:30:00,0.0,-0.00014773011,lstm
2020-10-01 05:45:00,0.0,-0.0024355948,lstm
2020-10-01 05:45:00,0.0,-0.0038716197,lstm
2020-10-01 05:45:00,0.0,-0.0024421662,lstm
2020-10-01 05:45:00,0.0,-0.0001989007,lstm
2020-10-01 06:00:00,0.0,-0.0024643242,lstm
2020-10-01 06:00:00,0.0,-0.003955096,lstm
2020-10-01 06:00:00,0.0,-0.0024663508,lstm
2020-10-01 06:00:00,0.0,-0.00023572147,lstm
2020-10-01 06:15:00,0.0,-0.0024702698,lstm
2020-10-01 06:15:00,0.0,-0.0040390342,lstm
2020-10-01 06:15:00,0.0,-0.002531737,lstm
2020-10-01 06:15:00,0.0,-0.0002850145,lstm
2020-10-01 06:30:00,0.0,-0.002475381,lstm
2020-10-01 06:30:00,0.0,-0.0041283816,lstm
2020-10-01 06:30:00,0.0,-0.0025963336,lstm
2020-10-01 06:30:00,0.0,-0.00031347573,lstm
2020-10-01 06:45:00,0.0,-0.0025619715,lstm
2020-10-01 06:45:00,0.0,-0.0042344183,lstm
2020-10-01 06:45:00,0.0,-0.0025827587,lstm
2020-10-01 06:45:00,0.0,-0.00024017692,lstm
2020-10-01 07:00:00,0.0,-0.0026337653,lstm
2020-10-01 07:00:00,0.0,-0.0044064075,lstm
2020-10-01 07:00:00,0.0,-0.0026102513,lstm
2020-10-01 07:00:00,0.0,-0.0001308173,lstm
2020-10-01 07:15:00,0.0,-0.0026474,lstm
2020-10-01 07:15:00,0.0,-0.0045856535,lstm
2020-10-01 07:15:00,0.0,-0.0026265085,lstm
2020-10-01 07:15:00,0.0,0.00015465915,lstm
2020-10-01 07:30:00,0.0,-0.002586633,lstm
2020-10-01 07:30:00,0.0,-0.004791245,lstm
2020-10-01 07:30:00,0.0,-0.0024592876,lstm
2020-10-01 07:30:00,0.0056000054,0.0010229945,lstm
2020-10-01 07:45:00,0.0,-0.0024350584,lstm
2020-10-01 07:45:00,0.0,-0.0048852563,lstm
2020-10-01 07:45:00,0.0056000203,-0.0015500635,lstm
2020-10-01 07:45:00,0.033199996,0.0037439317,lstm
2020-10-01 08:00:00,0.0,-0.0023324937,lstm
2020-10-01 08:00:00,0.0056000054,-0.0039724857,lstm
2020-10-01 08:00:00,0.033199996,0.0030899644,lstm
2020-10-01 08:00:00,0.0808,0.015396506,lstm
2020-10-01 08:15:00,0.0056000054,-0.00341098,lstm
2020-10-01 08:15:00,0.033199996,0.006353542,lstm
2020-10-01 08:15:00,0.08079999,0.02632171,lstm
2020-10-01 08:15:00,0.1402,0.062575296,lstm
2020-10-01 08:30:00,0.033199996,0.006243095,lstm
2020-10-01 08:30:00,0.0808,0.035928622,lstm
2020-10-01 08:30:00,0.1402,0.07907194,lstm
2020-10-01 08:30:00,0.21,0.14141014,lstm
2020-10-01 08:45:00,0.0808,0.06477508,lstm
2020-10-01 08:45:00,0.1402,0.11552679,lstm
2020-10-01 08:45:00,0.21,0.18472317,lstm
2020-10-01 08:45:00,0.2784,0.25541624,lstm
2020-10-01 09:00:00,0.1402,0.13850512,lstm
2020-10-01 09:00:00,0.21,0.2039498,lstm
2020-10-01 09:00:00,0.2784,0.28723618,lstm
2020-10-01 09:00:00,0.3482,0.35482618,lstm
2020-10-01 09:15:00,0.21,0.21026826,lstm
2020-10-01 09:15:00,0.2784,0.27897274,lstm
2020-10-01 09:15:00,0.3482,0.3522719,lstm
2020-10-01 09:15:00,0.4142,0.41807923,lstm
2020-10-01 09:30:00,0.2784,0.2821342,lstm
2020-10-01 09:30:00,0.3482,0.34588924,lstm
2020-10-01 09:30:00,0.4142,0.4018983,lstm
2020-10-01 09:30:00,0.4806,0.4711445,lstm
2020-10-01 09:45:00,0.34819996,0.34975392,lstm
2020-10-01 09:45:00,0.4142,0.41222554,lstm
2020-10-01 09:45:00,0.4806,0.46087378,lstm
2020-10-01 09:45:00,0.5324,0.5300269,lstm
2020-10-01 10:00:00,0.4142,0.41981906,lstm
2020-10-01 10:00:00,0.4806,0.47738087,lstm
2020-10-01 10:00:00,0.5324,0.5252351,lstm
2020-10-01 10:00:00,0.59,0.5851634,lstm
2020-10-01 10:15:00,0.4806,0.48978102,lstm
2020-10-01 10:15:00,0.5324,0.53760314,lstm
2020-10-01 10:15:00,0.59,0.58347756,lstm
2020-10-01 10:15:00,0.6366,0.6279241,lstm
2020-10-01 10:30:00,0.5324,0.5579264,lstm
2020-10-01 10:30:00,0.59000003,0.5947662,lstm
2020-10-01 10:30:00,0.6366,0.6361439,lstm
2020-10-01 10:30:00,0.6824,0.6689905,lstm
2020-10-01 10:45:00,0.59,0.61275256,lstm
2020-10-01 10:45:00,0.6366,0.643082,lstm
2020-10-01 10:45:00,0.6824,0.6781107,lstm
2020-10-01 10:45:00,0.7306,0.70653623,lstm
2020-10-01 11:00:00,0.6366,0.6661226,lstm
2020-10-01 11:00:00,0.6824,0.6919468,lstm
2020-10-01 11:00:00,0.7306,0.72107613,lstm
2020-10-01 11:00:00,0.7668,0.75124174,lstm
2020-10-01 11:15:00,0.6824,0.7026095,lstm
2020-10-01 11:15:00,0.7306,0.72733426,lstm
2020-10-01 11:15:00,0.7668,0.7507876,lstm
2020-10-01 11:15:00,0.7708,0.7812593,lstm
2020-10-01 11:30:00,0.7306,0.7356205,lstm
2020-10-01 11:30:00,0.7667999,0.7581948,lstm
2020-10-01 11:30:00,0.7708,0.7775682,lstm
2020-10-01 11:30:00,0.8016,0.80815554,lstm
2020-10-01 11:45:00,0.7668,0.7654164,lstm
2020-10-01 11:45:00,0.7708,0.7846663,lstm
2020-10-01 11:45:00,0.8016,0.8011416,lstm
2020-10-01 11:45:00,0.8254,0.83052844,lstm
2020-10-01 12:00:00,0.7708,0.78294325,lstm
2020-10-01 12:00:00,0.8016,0.7992612,lstm
2020-10-01 12:00:00,0.8254,0.8132437,lstm
2020-10-01 12:00:00,0.8474,0.8381288,lstm
2020-10-01 12:15:00,0.8016,0.7719284,lstm
2020-10-01 12:15:00,0.8254,0.7842275,lstm
2020-10-01 12:15:00,0.84739995,0.79224163,lstm
2020-10-01 12:15:00,0.8422,0.8077153,lstm
2020-10-01 12:30:00,0.8254,0.8033908,lstm
2020-10-01 12:30:00,0.84739995,0.80646205,lstm
2020-10-01 12:30:00,0.8422,0.8165487,lstm
2020-10-01 12:30:00,0.8406001,0.8337659,lstm
2020-10-01 12:45:00,0.8474,0.81544876,lstm
2020-10-01 12:45:00,0.8421999,0.8173605,lstm
2020-10-01 12:45:00,0.8406,0.8266108,lstm
2020-10-01 12:45:00,0.8136,0.84136665,lstm
2020-10-01 13:00:00,0.8422,0.8238955,lstm
2020-10-01 13:00:00,0.8406,0.82400143,lstm
2020-10-01 13:00:00,0.8136,0.83282447,lstm
2020-10-01 13:00:00,0.82320005,0.8459814,lstm
2020-10-01 13:15:00,0.8406,0.80910975,lstm
2020-10-01 13:15:00,0.81359994,0.80820084,lstm
2020-10-01 13:15:00,0.8231999,0.81298625,lstm
2020-10-01 13:15:00,0.8446,0.8197588,lstm
2020-10-01 13:30:00,0.8136,0.80721855,lstm
2020-10-01 13:30:00,0.8232,0.8014977,lstm
2020-10-01 13:30:00,0.8446,0.80528605,lstm
2020-10-01 13:30:00,0.8366,0.81108177,lstm
2020-10-01 13:45:00,0.8232,0.7740416,lstm
2020-10-01 13:45:00,0.84459996,0.76408124,lstm
2020-10-01 13:45:00,0.8366,0.76168936,lstm
2020-10-01 13:45:00,0.8258,0.7598469,lstm
2020-10-01 14:00:00,0.8446,0.80527633,lstm
2020-10-01 14:00:00,0.83659995,0.78889644,lstm
2020-10-01 14:00:00,0.8258,0.7898942,lstm
2020-10-01 14:00:00,0.8276,0.79370517,lstm
2020-10-01 14:15:00,0.83659995,0.8233176,lstm
2020-10-01 14:15:00,0.82579994,0.8088449,lstm
2020-10-01 14:15:00,0.8276,0.811733,lstm
2020-10-01 14:15:00,0.824,0.8163968,lstm
2020-10-01 14:30:00,0.82580006,0.8150299,lstm
2020-10-01 14:30:00,0.8276,0.8021672,lstm
2020-10-01 14:30:00,0.824,0.80142957,lstm
2020-10-01 14:30:00,0.7868,0.79935527,lstm
2020-10-01 14:45:00,0.82760006,0.80676717,lstm
2020-10-01 14:45:00,0.824,0.7883054,lstm
2020-10-01 14:45:00,0.7868,0.78138644,lstm
2020-10-01 14:45:00,0.769,0.7738535,lstm
2020-10-01 15:00:00,0.82400006,0.80463535,lstm
2020-10-01 15:00:00,0.7868,0.7798296,lstm
2020-10-01 15:00:00,0.769,0.7694211,lstm
2020-10-01 15:00:00,0.7306,0.75888264,lstm
2020-10-01 15:15:00,0.7868,0.7948288,lstm
2020-10-01 15:15:00,0.76899993,0.7636205,lstm
2020-10-01 15:15:00,0.7306,0.74882823,lstm
2020-10-01 15:15:00,0.7236,0.73181885,lstm
2020-10-01 15:30:00,0.769,0.7498159,lstm
2020-10-01 15:30:00,0.7306,0.7157531,lstm
2020-10-01 15:30:00,0.7236,0.6936403,lstm
2020-10-01 15:30:00,0.6886,0.6658001,lstm
2020-10-01 15:45:00,0.7306,0.73331785,lstm
2020-10-01 15:45:00,0.7235999,0.6864307,lstm
2020-10-01 15:45:00,0.6886,0.6585149,lstm
2020-10-01 15:45:00,0.6722,0.6288606,lstm
2020-10-01 16:00:00,0.7236,0.6829285,lstm
2020-10-01 16:00:00,0.6886,0.63611776,lstm
2020-10-01 16:00:00,0.6722,0.6017019,lstm
2020-10-01 16:00:00,0.6276,0.5664371,lstm
2020-10-01 16:15:00,0.6886,0.68174255,lstm
2020-10-01 16:15:00,0.6722,0.62331027,lstm
2020-10-01 16:15:00,0.6276,0.58159053,lstm
2020-10-01 16:15:00,0.5492,0.54543847,lstm
2020-10-01 16:30:00,0.6722,0.6549908,lstm
2020-10-01 16:30:00,0.6276,0.59755313,lstm
2020-10-01 16:30:00,0.5492,0.54943466,lstm
2020-10-01 16:30:00,0.505,0.50819755,lstm
2020-10-01 16:45:00,0.6276,0.6258365,lstm
2020-10-01 16:45:00,0.5492,0.5618893,lstm
2020-10-01 16:45:00,0.505,0.5143487,lstm
2020-10-01 16:45:00,0.4428,0.47330195,lstm
2020-10-01 17:00:00,0.5492,0.5190848,lstm
2020-10-01 17:00:00,0.505,0.4743036,lstm
2020-10-01 17:00:00,0.4428,0.42716664,lstm
2020-10-01 17:00:00,0.4414,0.39580455,lstm
2020-10-01 17:15:00,0.505,0.51254296,lstm
2020-10-01 17:15:00,0.4428,0.44962558,lstm
2020-10-01 17:15:00,0.4414,0.38709515,lstm
2020-10-01 17:15:00,0.3746,0.34105524,lstm
2020-10-01 17:30:00,0.4428,0.4736015,lstm
2020-10-01 17:30:00,0.4414,0.39826858,lstm
2020-10-01 17:30:00,0.3746,0.3257547,lstm
2020-10-01 17:30:00,0.2836,0.26680335,lstm
2020-10-01 17:45:00,0.4414,0.417751,lstm
2020-10-01 17:45:00,0.3746,0.3339065,lstm
2020-10-01 17:45:00,0.2836,0.2610727,lstm
2020-10-01 17:45:00,0.2436,0.1922688,lstm
2020-10-01 18:00:00,0.3746,0.38540834,lstm
2020-10-01 18:00:00,0.2836,0.29105198,lstm
2020-10-01 18:00:00,0.2436,0.20612513,lstm
2020-10-01 18:00:00,0.1514,0.13552047,lstm
2020-10-01 18:15:00,0.2836,0.307523,lstm
2020-10-01 18:15:00,0.2436,0.21607843,lstm
2020-10-01 18:15:00,0.1514,0.13747112,lstm
2020-10-01 18:15:00,0.08320001,0.079534926,lstm
2020-10-01 18:30:00,0.2436,0.2062403,lstm
2020-10-01 18:30:00,0.1514,0.124699056,lstm
2020-10-01 18:30:00,0.0832,0.06883669,lstm
2020-10-01 18:30:00,0.026799992,0.02880375,lstm
2020-10-01 18:45:00,0.1514,0.13923955,lstm
2020-10-01 18:45:00,0.0832,0.07390343,lstm
2020-10-01 18:45:00,0.026800007,0.037955135,lstm
2020-10-01 18:45:00,0.014200002,0.012586862,lstm
2020-10-01 19:00:00,0.0832,0.0671494,lstm
2020-10-01 19:00:00,0.026800007,0.028416097,lstm
2020-10-01 19:00:00,0.014200002,0.008919388,lstm
2020-10-01 19:00:00,0.0,0.0043548197,lstm
2020-10-01 19:15:00,0.026800007,0.026063249,lstm
2020-10-01 19:15:00,0.014200002,0.0059401393,lstm
2020-10-01 19:15:00,0.0,-0.0027057976,lstm
2020-10-01 19:15:00,0.0,-0.00059214234,lstm
2020-10-01 19:30:00,0.014200002,0.01095733,lstm
2020-10-01 19:30:00,0.0,-0.0012404025,lstm
2020-10-01 19:30:00,0.0,-0.005027041,lstm
2020-10-01 19:30:00,0.0,-0.001609087,lstm
2020-10-01 19:45:00,0.0,0.004656583,lstm
2020-10-01 19:45:00,0.0,-0.0028743297,lstm
2020-10-01 19:45:00,0.0,-0.0035077184,lstm
2020-10-01 19:45:00,0.0,-0.00069367886,lstm
2020-10-01 20:00:00,0.0,0.0010406822,lstm
2020-10-01 20:00:00,0.0,-0.0037523508,lstm
2020-10-01 20:00:00,0.0,-0.0034917444,lstm
2020-10-01 20:00:00,0.0,-0.00060769916,lstm
2020-10-01 20:15:00,0.0,-0.0007342547,lstm
2020-10-01 20:15:00,0.0,-0.0038743466,lstm
2020-10-01 20:15:00,0.0,-0.0027062446,lstm
2020-10-01 20:15:00,0.0,-0.0001193881,lstm
2020-10-01 20:30:00,0.0,-0.0015754402,lstm
2020-10-01 20:30:00,0.0,-0.003990665,lstm
2020-10-01 20:30:00,0.0,-0.002386555,lstm
2020-10-01 20:30:00,0.0,-5.541742e-05,lstm
2020-10-01 20:45:00,0.0,-0.002019465,lstm
2020-10-01 20:45:00,0.0,-0.0041063875,lstm
2020-10-01 20:45:00,0.0,-0.0023263544,lstm
2020-10-01 20:45:00,0.0,-4.8831105e-05,lstm
2020-10-01 21:00:00,0.0,-0.0022448152,lstm
2020-10-01 21:00:00,0.0,-0.0041519105,lstm
2020-10-01 21:00:00,0.0,-0.002277851,lstm
2020-10-01 21:00:00,0.0,-1.3694167e-05,lstm
2020-10-01 21:15:00,0.0,-0.0023491383,lstm
2020-10-01 21:15:00,0.0,-0.00416258,lstm
2020-10-01 21:15:00,0.0,-0.0022404045,lstm
2020-10-01 21:15:00,0.0,1.0192394e-05,lstm
2020-10-01 21:30:00,0.0,-0.0024195462,lstm
2020-10-01 21:30:00,0.0,-0.0041624755,lstm
2020-10-01 21:30:00,0.0,-0.0022027045,lstm
2020-10-01 21:30:00,0.0,4.3436885e-05,lstm
2020-10-01 21:45:00,0.0,-0.0024725795,lstm
2020-10-01 21:45:00,0.0,-0.004208982,lstm
2020-10-01 21:45:00,0.0,-0.0023045242,lstm
2020-10-01 21:45:00,0.0,2.0176172e-05,lstm
2020-10-01 22:00:00,0.0,-0.00253129,lstm
2020-10-01 22:00:00,0.0,-0.0041906536,lstm
2020-10-01 22:00:00,0.0,-0.0022771358,lstm
2020-10-01 22:00:00,0.0,8.9898705e-05,lstm
2020-10-01 22:15:00,0.0,-0.0025504977,lstm
2020-10-01 22:15:00,0.0,-0.004175186,lstm
2020-10-01 22:15:00,0.0,-0.0022555888,lstm
2020-10-01 22:15:00,0.0,0.00012204051,lstm
2020-10-01 22:30:00,0.0,-0.0025633276,lstm
2020-10-01 22:30:00,0.0,-0.004153937,lstm
2020-10-01 22:30:00,0.0,-0.00222978,lstm
2020-10-01 22:30:00,0.0,0.00015506148,lstm
2020-10-01 22:45:00,0.0,-0.0025954098,lstm
2020-10-01 22:45:00,0.0,-0.0041785687,lstm
2020-10-01 22:45:00,0.0,-0.0023288578,lstm
2020-10-01 22:45:00,0.0,0.00013697147,lstm
2020-10-01 23:00:00,0.0,-0.002600789,lstm
2020-10-01 23:00:00,0.0,-0.0041446835,lstm
2020-10-01 23:00:00,0.0,-0.0023055524,lstm
2020-10-01 23:00:00,0.0,0.0001873821,lstm
2020-10-01 23:15:00,0.0,-0.0026013106,lstm
2020-10-01 23:15:00,0.0,-0.004119396,lstm
2020-10-01 23:15:00,0.0,-0.002287373,lstm
2020-10-01 23:15:00,0.0,0.00021977723,lstm
2020-10-01 23:30:00,0.0,-0.0025974065,lstm
2020-10-01 23:30:00,0.0,-0.004089251,lstm
2020-10-01 23:30:00,0.0,-0.0022576153,lstm
2020-10-01 23:30:00,0.0,0.00024989247,lstm
2020-10-01 23:45:00,0.0,-0.002626866,lstm
2020-10-01 23:45:00,0.0,-0.0041044503,lstm
2020-10-01 23:45:00,0.0,-0.0023498088,lstm
2020-10-01 23:45:00,0.0,0.00021716952,lstm
2020-10-02 00:00:00,0.0,-0.002616927,lstm
2020-10-02 00:00:00,0.0,-0.004056856,lstm
2020-10-02 00:00:00,0.0,-0.0023116618,lstm
2020-10-02 00:00:00,0.0,0.0002642721,lstm
2020-10-02 00:15:00,0.0,-0.0026086718,lstm
2020-10-02 00:15:00,0.0,-0.004030466,lstm
2020-10-02 00:15:00,0.0,-0.0022879392,lstm
2020-10-02 00:15:00,0.0,0.00029025972,lstm
2020-10-02 00:30:00,0.0,-0.0025996417,lstm
2020-10-02 00:30:00,0.0,-0.004004553,lstm
2020-10-02 00:30:00,0.0,-0.0022727847,lstm
2020-10-02 00:30:00,0.0,0.00030948222,lstm
2020-10-02 00:45:00,0.0,-0.0026147962,lstm
2020-10-02 00:45:00,0.0,-0.0040038824,lstm
2020-10-02 00:45:00,0.0,-0.0023554564,lstm
2020-10-02 00:45:00,0.0,0.0002734065,lstm
2020-10-02 01:00:00,0.0,-0.0025970489,lstm
2020-10-02 01:00:00,0.0,-0.003953457,lstm
2020-10-02 01:00:00,0.0,-0.002306044,lstm
2020-10-02 01:00:00,0.0,0.00031366944,lstm
2020-10-02 01:15:00,0.0,-0.0025775582,lstm
2020-10-02 01:15:00,0.0,-0.003922686,lstm
2020-10-02 01:15:00,0.0,-0.0022838265,lstm
2020-10-02 01:15:00,0.0,0.00032559037,lstm
2020-10-02 01:30:00,0.0,-0.002566591,lstm
2020-10-02 01:30:00,0.0,-0.0039100796,lstm
2020-10-02 01:30:00,0.0,-0.002268657,lstm
2020-10-02 01:30:00,0.0,0.00033552945,lstm
2020-10-02 01:45:00,0.0,-0.0025788248,lstm
2020-10-02 01:45:00,0.0,-0.0039061755,lstm
2020-10-02 01:45:00,0.0,-0.002340123,lstm
2020-10-02 01:45:00,0.0,0.0002706945,lstm
2020-10-02 02:00:00,0.0,-0.0025546849,lstm
2020-10-02 02:00:00,0.0,-0.003864795,lstm
2020-10-02 02:00:00,0.0,-0.0022947341,lstm
2020-10-02 02:00:00,0.0,0.00028714538,lstm
2020-10-02 02:15:00,0.0,-0.0025322437,lstm
2020-10-02 02:15:00,0.0,-0.0038444698,lstm
2020-10-02 02:15:00,0.0,-0.0022768974,lstm
2020-10-02 02:15:00,0.0,0.00028075278,lstm
2020-10-02 02:30:00,0.0,-0.0025116652,lstm
2020-10-02 02:30:00,0.0,-0.003830567,lstm
2020-10-02 02:30:00,0.0,-0.0022684336,lstm
2020-10-02 02:30:00,0.0,0.00027307868,lstm
2020-10-02 02:45:00,0.0,-0.002528876,lstm
2020-10-02 02:45:00,0.0,-0.003832668,lstm
2020-10-02 02:45:00,0.0,-0.0023188442,lstm
2020-10-02 02:45:00,0.0,0.00020445883,lstm
2020-10-02 03:00:00,0.0,-0.0025102198,lstm
2020-10-02 03:00:00,0.0,-0.0038012713,lstm
2020-10-02 03:00:00,0.0,-0.0022832751,lstm
2020-10-02 03:00:00,0.0,0.00019267201,lstm
2020-10-02 03:15:00,0.0,-0.0024894327,lstm
2020-10-02 03:15:00,0.0,-0.0037954748,lstm
2020-10-02 03:15:00,0.0,-0.002278462,lstm
2020-10-02 03:15:00,0.0,0.00016720593,lstm
2020-10-02 03:30:00,0.0,-0.0024728775,lstm
2020-10-02 03:30:00,0.0,-0.0037942976,lstm
2020-10-02 03:30:00,0.0,-0.002282977,lstm
2020-10-02 03:30:00,0.0,0.00014097989,lstm
2020-10-02 03:45:00,0.0,-0.0025033206,lstm
2020-10-02 03:45:00,0.0,-0.0038092583,lstm
2020-10-02 03:45:00,0.0,-0.002325967,lstm
2020-10-02 03:45:00,0.0,6.6146255e-05,lstm
2020-10-02 04:00:00,0.0,-0.0025013387,lstm
2020-10-02 04:00:00,0.0,-0.0038080066,lstm
2020-10-02 04:00:00,0.0,-0.0023052692,lstm
2020-10-02 04:00:00,0.0,3.3840537e-05,lstm
2020-10-02 04:15:00,0.0,-0.002495706,lstm
2020-10-02 04:15:00,0.0,-0.003829673,lstm
2020-10-02 04:15:00,0.0,-0.0023171902,lstm
2020-10-02 04:15:00,0.0,-1.35451555e-05,lstm
2020-10-02 04:30:00,0.0,-0.002490282,lstm
2020-10-02 04:30:00,0.0,-0.0038538724,lstm
2020-10-02 04:30:00,0.0,-0.0023527294,lstm
2020-10-02 04:30:00,0.0,-6.842613e-05,lstm
2020-10-02 04:45:00,0.0,-0.0025413185,lstm
2020-10-02 04:45:00,0.0,-0.003892675,lstm
2020-10-02 04:45:00,0.0,-0.0023807883,lstm
2020-10-02 04:45:00,0.0,-0.00014300644,lstm
2020-10-02 05:00:00,0.0,-0.0025595725,lstm
2020-10-02 05:00:00,0.0,-0.0039370656,lstm
2020-10-02 05:00:00,0.0,-0.0024022162,lstm
2020-10-02 05:00:00,0.0,-0.00021655858,lstm
2020-10-02 05:15:00,0.0,-0.0025508106,lstm
2020-10-02 05:15:00,0.0,-0.0039869547,lstm
2020-10-02 05:15:00,0.0,-0.0024546236,lstm
2020-10-02 05:15:00,0.0,-0.0002900362,lstm
2020-10-02 05:30:00,0.0,-0.002540782,lstm
2020-10-02 05:30:00,0.0,-0.0040356666,lstm
2020-10-02 05:30:00,0.0,-0.002499491,lstm
2020-10-02 05:30:00,0.0,-0.00034955144,lstm
2020-10-02 05:45:00,0.0,-0.002597928,lstm
2020-10-02 05:45:00,0.0,-0.0041031837,lstm
2020-10-02 05:45:00,0.0,-0.0025251657,lstm
2020-10-02 05:45:00,0.0,-0.00040905178,lstm
2020-10-02 06:00:00,0.0,-0.0026171803,lstm
2020-10-02 06:00:00,0.0,-0.004192665,lstm
2020-10-02 06:00:00,0.0,-0.0025835782,lstm
2020-10-02 06:00:00,0.0,-0.00047782063,lstm
2020-10-02 06:15:00,0.0,-0.0026044548,lstm
2020-10-02 06:15:00,0.0,-0.0042709857,lstm
2020-10-02 06:15:00,0.0,-0.002652198,lstm
2020-10-02 06:15:00,0.0,-0.00051379204,lstm
2020-10-02 06:30:00,0.0,-0.0025923848,lstm
2020-10-02 06:30:00,0.0,-0.00434418,lstm
2020-10-02 06:30:00,0.0,-0.0027078986,lstm
2020-10-02 06:30:00,0.0,-0.0005185902,lstm
2020-10-02 06:45:00,0.0,-0.002653852,lstm
2020-10-02 06:45:00,0.0,-0.004428804,lstm
2020-10-02 06:45:00,0.0,-0.0026872605,lstm
2020-10-02 06:45:00,0.0,-0.00042515993,lstm
2020-10-02 07:00:00,0.0,-0.0026945025,lstm
2020-10-02 07:00:00,0.0,-0.004568413,lstm
2020-10-02 07:00:00,0.0,-0.0027320683,lstm
2020-10-02 07:00:00,0.0,-0.00031635165,lstm
2020-10-02 07:15:00,0.0,-0.0026730746,lstm
2020-10-02 07:15:00,0.0,-0.004708916,lstm
2020-10-02 07:15:00,0.0,-0.002750948,lstm
2020-10-02 07:15:00,0.0,-6.213784e-05,lstm
2020-10-02 07:30:00,0.0,-0.0026047379,lstm
2020-10-02 07:30:00,0.0,-0.004882917,lstm
2020-10-02 07:30:00,0.0,-0.002651289,lstm
2020-10-02 07:30:00,0.001000002,0.00059375167,lstm
2020-10-02 07:45:00,0.0,-0.002490729,lstm
2020-10-02 07:45:00,0.0,-0.0050094426,lstm
2020-10-02 07:45:00,0.001000002,-0.0020042062,lstm
2020-10-02 07:45:00,0.01440002,0.0025805384,lstm
2020-10-02 08:00:00,0.0,-0.0023017973,lstm
2020-10-02 08:00:00,0.001000002,-0.0047219694,lstm
2020-10-02 08:00:00,0.014400005,0.0009700656,lstm
2020-10-02 08:00:00,0.034800008,0.010639355,lstm
2020-10-02 08:15:00,0.001000002,-0.0034398288,lstm
2020-10-02 08:15:00,0.01439999,0.0021249652,lstm
2020-10-02 08:15:00,0.034800008,0.01841858,lstm
2020-10-02 08:15:00,0.0598,0.048713997,lstm
2020-10-02 08:30:00,0.014400005,0.0011423081,lstm
2020-10-02 08:30:00,0.034799993,0.026696965,lstm
2020-10-02 08:30:00,0.0598,0.065475196,lstm
2020-10-02 08:30:00,0.108399995,0.12515384,lstm
2020-10-02 08:45:00,0.034799993,0.019644856,lstm
2020-10-02 08:45:00,0.0598,0.05497606,lstm
2020-10-02 08:45:00,0.1084,0.10796018,lstm
2020-10-02 08:45:00,0.1796,0.17396806,lstm
2020-10-02 09:00:00,0.0598,0.061839134,lstm
2020-10-02 09:00:00,0.1084,0.11050513,lstm
2020-10-02 09:00:00,0.1796,0.17766434,lstm
2020-10-02 09:00:00,0.2616,0.2425362,lstm
2020-10-02 09:15:00,0.1084,0.093076475,lstm
2020-10-02 09:15:00,0.1796,0.15023029,lstm
2020-10-02 09:15:00,0.2616,0.21888974,lstm
2020-10-02 09:15:00,0.2416,0.27750176,lstm
2020-10-02 09:30:00,0.1796,0.15322985,lstm
2020-10-02 09:30:00,0.2616,0.21367554,lstm
2020-10-02 09:30:00,0.2416,0.2794241,lstm
2020-10-02 09:30:00,0.2338,0.33808792,lstm
2020-10-02 09:45:00,0.2616,0.23029172,lstm
2020-10-02 09:45:00,0.2416,0.2925131,lstm
2020-10-02 09:45:00,0.2338,0.3497374,lstm
2020-10-02 09:45:00,0.2982,0.41670397,lstm
2020-10-02 10:00:00,0.2416,0.29923466,lstm
2020-10-02 10:00:00,0.2338,0.35764146,lstm
2020-10-02 10:00:00,0.2982,0.4060547,lstm
2020-10-02 10:00:00,0.3504,0.4757893,lstm
2020-10-02 10:15:00,0.2338,0.2788284,lstm
2020-10-02 10:15:00,0.2982,0.3475169,lstm
2020-10-02 10:15:00,0.35040003,0.39305663,lstm
2020-10-02 10:15:00,0.37,0.45105898,lstm
2020-10-02 10:30:00,0.2982,0.29077914,lstm
2020-10-02 10:30:00,0.3504,0.35816908,lstm
2020-10-02 10:30:00,0.37,0.40616417,lstm
2020-10-02 10:30:00,0.47620004,0.45347756,lstm
2020-10-02 10:45:00,0.3504,0.38624185,lstm
2020-10-02 10:45:00,0.37,0.44113976,lstm
2020-10-02 10:45:00,0.47620004,0.48944175,lstm
2020-10-02 10:45:00,0.6436,0.532723,lstm
2020-10-02 11:00:00,0.37,0.44193888,lstm
2020-10-02 11:00:00,0.4762,0.49000713,lstm
2020-10-02 11:00:00,0.6436,0.53140515,lstm
2020-10-02 11:00:00,0.6798,0.56918216,lstm
2020-10-02 11:15:00,0.4762,0.46579432,lstm
2020-10-02 11:15:00,0.6436,0.50817436,lstm
2020-10-02 11:15:00,0.6798,0.5433188,lstm
2020-10-02 11:15:00,0.7534,0.5755692,lstm
2020-10-02 11:30:00,0.6436,0.57056934,lstm
2020-10-02 11:30:00,0.6798,0.60457885,lstm
2020-10-02 11:30:00,0.7534,0.6335232,lstm
2020-10-02 11:30:00,0.8026,0.67039853,lstm
2020-10-02 11:45:00,0.6798,0.6859776,lstm
2020-10-02 11:45:00,0.75339997,0.7105607,lstm
2020-10-02 11:45:00,0.80259997,0.73067206,lstm
2020-10-02 11:45:00,0.8214,0.770141,lstm
2020-10-02 12:00:00,0.7534,0.7128078,lstm
2020-10-02 12:00:00,0.8026,0.7414733,lstm
2020-10-02 12:00:00,0.8213999,0.7570037,lstm
2020-10-02 12:00:00,0.8346,0.7860099,lstm
2020-10-02 12:15:00,0.8026,0.7671048,lstm
2020-10-02 12:15:00,0.8213999,0.7859148,lstm
2020-10-02 12:15:00,0.8346,0.799262,lstm
2020-10-02 12:15:00,0.8472,0.82685834,lstm
2020-10-02 12:30:00,0.8214,0.79904443,lstm
2020-10-02 12:30:00,0.8346,0.81473005,lstm
2020-10-02 12:30:00,0.8472,0.8269599,lstm
2020-10-02 12:30:00,0.8552,0.84814364,lstm
2020-10-02 12:45:00,0.8346,0.8111456,lstm
2020-10-02 12:45:00,0.8471999,0.82413924,lstm
2020-10-02 12:45:00,0.8552,0.83373743,lstm
2020-10-02 12:45:00,0.8752,0.8482631,lstm
2020-10-02 13:00:00,0.8472,0.8186079,lstm
2020-10-02 13:00:00,0.85519993,0.82596016,lstm
2020-10-02 13:00:00,0.8752,0.8322015,lstm
2020-10-02 13:00:00,0.8586,0.8425324,lstm
2020-10-02 13:15:00,0.8552,0.8261023,lstm
2020-10-02 13:15:00,0.8751999,0.82721496,lstm
2020-10-02 13:15:00,0.8586,0.8313722,lstm
2020-10-02 13:15:00,0.873,0.83799905,lstm
2020-10-02 13:30:00,0.8752,0.82726955,lstm
2020-10-02 13:30:00,0.8586,0.8242533,lstm
2020-10-02 13:30:00,0.873,0.8270087,lstm
2020-10-02 13:30:00,0.8688,0.8302999,lstm
2020-10-02 13:45:00,0.8586,0.83513147,lstm
2020-10-02 13:45:00,0.873,0.82863164,lstm
2020-10-02 13:45:00,0.8688,0.8318472,lstm
2020-10-02 13:45:00,0.86800003,0.83583355,lstm
2020-10-02 14:00:00,0.8730001,0.797779,lstm
2020-10-02 14:00:00,0.8687999,0.7948611,lstm
2020-10-02 14:00:00,0.86800003,0.7941557,lstm
2020-10-02 14:00:00,0.8606,0.7910608,lstm
2020-10-02 14:15:00,0.8688,0.8247271,lstm
2020-10-02 14:15:00,0.8679999,0.80927837,lstm
2020-10-02 14:15:00,0.8606,0.80862623,lstm
2020-10-02 14:15:00,0.8504,0.8061019,lstm
2020-10-02 14:30:00,0.868,0.822983,lstm
2020-10-02 14:30:00,0.8606,0.80407965,lstm
2020-10-02 14:30:00,0.8504,0.80023783,lstm
2020-10-02 14:30:00,0.8366,0.79086876,lstm
2020-10-02 14:45:00,0.8606,0.82371396,lstm
2020-10-02 14:45:00,0.8504,0.7998047,lstm
2020-10-02 14:45:00,0.8366,0.7934744,lstm
2020-10-02 14:45:00,0.8169999,0.782123,lstm
2020-10-02 15:00:00,0.8504,0.8156992,lstm
2020-10-02 15:00:00,0.83659995,0.7877649,lstm
2020-10-02 15:00:00,0.817,0.7779428,lstm
2020-10-02 15:00:00,0.7942,0.76178116,lstm
2020-10-02 15:15:00,0.83659995,0.80702686,lstm
2020-10-02 15:15:00,0.8169999,0.7722138,lstm
2020-10-02 15:15:00,0.7942,0.7585174,lstm
2020-10-02 15:15:00,0.7678,0.737519,lstm
2020-10-02 15:30:00,0.817,0.79291147,lstm
2020-10-02 15:30:00,0.79420006,0.7515179,lstm
2020-10-02 15:30:00,0.7678,0.73350513,lstm
2020-10-02 15:30:00,0.7294,0.7081705,lstm
2020-10-02 15:45:00,0.7942,0.7709859,lstm
2020-10-02 15:45:00,0.7678,0.72561324,lstm
2020-10-02 15:45:00,0.7294,0.70251894,lstm
2020-10-02 15:45:00,0.6526,0.6728187,lstm
2020-10-02 16:00:00,0.7678,0.7466723,lstm
2020-10-02 16:00:00,0.7293999,0.69405794,lstm
2020-10-02 16:00:00,0.6526,0.66551936,lstm
2020-10-02 16:00:00,0.621,0.63205904,lstm
2020-10-02 16:15:00,0.7294,0.7211976,lstm
2020-10-02 16:15:00,0.6526,0.6665267,lstm
2020-10-02 16:15:00,0.621,0.6329576,lstm
2020-10-02 16:15:00,0.591,0.59864897,lstm
2020-10-02 16:30:00,0.6526,0.6912023,lstm
2020-10-02 16:30:00,0.621,0.63678336,lstm
2020-10-02 16:30:00,0.591,0.5946204,lstm
2020-10-02 16:30:00,0.5398,0.5567022,lstm
2020-10-02 16:45:00,0.621,0.638538,lstm
2020-10-02 16:45:00,0.591,0.58609164,lstm
2020-10-02 16:45:00,0.5398,0.53873104,lstm
2020-10-02 16:45:00,0.5008,0.49321526,lstm
2020-10-02 17:00:00,0.591,0.6184237,lstm
2020-10-02 17:00:00,0.5398,0.54971987,lstm
2020-10-02 17:00:00,0.5008,0.50132805,lstm
2020-10-02 17:00:00,0.4512,0.45203668,lstm
2020-10-02 17:15:00,0.5398,0.5851218,lstm
2020-10-02 17:15:00,0.5008,0.50769234,lstm
2020-10-02 17:15:00,0.4512,0.455985,lstm
2020-10-02 17:15:00,0.3884,0.4022851,lstm
2020-10-02 17:30:00,0.5008,0.5161632,lstm
2020-10-02 17:30:00,0.4512,0.4378522,lstm
2020-10-02 17:30:00,0.38840002,0.37449968,lstm
2020-10-02 17:30:00,0.313,0.31057772,lstm
2020-10-02 17:45:00,0.4512,0.4541907,lstm
2020-10-02 17:45:00,0.3884,0.37389654,lstm
2020-10-02 17:45:00,0.313,0.2917893,lstm
2020-10-02 17:45:00,0.2328,0.22144274,lstm
2020-10-02 18:00:00,0.38839996,0.39846736,lstm
2020-10-02 18:00:00,0.313,0.30750877,lstm
2020-10-02 18:00:00,0.2328,0.22559974,lstm
2020-10-02 18:00:00,0.178,0.15187389,lstm
2020-10-02 18:15:00,0.313,0.31891423,lstm
2020-10-02 18:15:00,0.2328,0.22723615,lstm
2020-10-02 18:15:00,0.178,0.14956684,lstm
2020-10-02 18:15:00,0.1192,0.08850467,lstm
2020-10-02 18:30:00,0.2328,0.22232829,lstm
2020-10-02 18:30:00,0.178,0.1403782,lstm
2020-10-02 18:30:00,0.1192,0.08283702,lstm
2020-10-02 18:30:00,0.06199999,0.03926377,lstm
2020-10-02 18:45:00,0.178,0.13618067,lstm
2020-10-02 18:45:00,0.1192,0.07358741,lstm
2020-10-02 18:45:00,0.06199999,0.040167168,lstm
2020-10-02 18:45:00,0.017200023,0.015107751,lstm
2020-10-02 19:00:00,0.1192,0.071155,lstm
2020-10-02 19:00:00,0.062000006,0.03139028,lstm
2020-10-02 19:00:00,0.017200008,0.012904584,lstm
2020-10-02 19:00:00,0.00020000339,0.005878821,lstm
2020-10-02 19:15:00,0.062000006,0.029808462,lstm
2020-10-02 19:15:00,0.017199993,0.0076661557,lstm
2020-10-02 19:15:00,0.00020000339,-0.0011206567,lstm
2020-10-02 19:15:00,0.0,-4.2140484e-05,lstm
2020-10-02 19:30:00,0.017199993,0.012113452,lstm
2020-10-02 19:30:00,0.00020000339,-0.0010727346,lstm
2020-10-02 19:30:00,0.0,-0.0048322827,lstm
2020-10-02 19:30:00,0.0,-0.0018272251,lstm
2020-10-02 19:45:00,0.00020000339,0.004809022,lstm
2020-10-02 19:45:00,0.0,-0.003617838,lstm
2020-10-02 19:45:00,0.0,-0.004914537,lstm
2020-10-02 19:45:00,0.0,-0.0017099082,lstm
2020-10-02 20:00:00,0.0,0.001298055,lstm
2020-10-02 20:00:00,0.0,-0.0041747987,lstm
2020-10-02 20:00:00,0.0,-0.0037394166,lstm
2020-10-02 20:00:00,0.0,-0.00089614093,lstm
2020-10-02 20:15:00,0.0,-0.000660643,lstm
2020-10-02 20:15:00,0.0,-0.0040680915,lstm
2020-10-02 20:15:00,0.0,-0.0028871447,lstm
2020-10-02 20:15:00,0.0,-0.0002386719,lstm
2020-10-02 20:30:00,0.0,-0.0015772134,lstm
2020-10-02 20:30:00,0.0,-0.0040512234,lstm
2020-10-02 20:30:00,0.0,-0.0024264008,lstm
2020-10-02 20:30:00,0.0,-2.4974346e-05,lstm
2020-10-02 20:45:00,0.0,-0.001947388,lstm
2020-10-02 20:45:00,0.0,-0.004079953,lstm
2020-10-02 20:45:00,0.0,-0.0022972971,lstm
2020-10-02 20:45:00,0.0,-3.094971e-05,lstm
2020-10-02 21:00:00,0.0,-0.0022145659,lstm
2020-10-02 21:00:00,0.0,-0.004103765,lstm
2020-10-02 21:00:00,0.0,-0.0021933913,lstm
2020-10-02 21:00:00,0.0,2.0593405e-05,lstm
2020-10-02 21:15:00,0.0,-0.002362743,lstm
2020-10-02 21:15:00,0.0,-0.0041085333,lstm
2020-10-02 21:15:00,0.0,-0.0021161884,lstm
2020-10-02 21:15:00,0.0,6.41197e-05,lstm
2020-10-02 21:30:00,0.0,-0.002435431,lstm
2020-10-02 21:30:00,0.0,-0.004108414,lstm
2020-10-02 21:30:00,0.0,-0.0020710677,lstm
2020-10-02 21:30:00,0.0,8.486211e-05,lstm
2020-10-02 21:45:00,0.0,-0.0024962574,lstm
2020-10-02 21:45:00,0.0,-0.004158154,lstm
2020-10-02 21:45:00,0.0,-0.0021788478,lstm
2020-10-02 21:45:00,0.0,5.6430697e-05,lstm
2020-10-02 22:00:00,0.0,-0.0025391132,lstm
2020-10-02 22:00:00,0.0,-0.0041490197,lstm
2020-10-02 22:00:00,0.0,-0.0021740794,lstm
2020-10-02 22:00:00,0.0,0.00010493398,lstm
2020-10-02 22:15:00,0.0,-0.0025600046,lstm
2020-10-02 22:15:00,0.0,-0.004131973,lstm
2020-10-02 22:15:00,0.0,-0.0021564215,lstm
2020-10-02 22:15:00,0.0,0.00014020503,lstm
2020-10-02 22:30:00,0.0,-0.0025734007,lstm
2020-10-02 22:30:00,0.0,-0.0041106343,lstm
2020-10-02 22:30:00,0.0,-0.0021293163,lstm
2020-10-02 22:30:00,0.0,0.00017336011,lstm
2020-10-02 22:45:00,0.0,-0.002599597,lstm
2020-10-02 22:45:00,0.0,-0.0041311085,lstm
2020-10-02 22:45:00,0.0,-0.0022692978,lstm
2020-10-02 22:45:00,0.0,0.00014562905,lstm
2020-10-02 23:00:00,0.0,-0.0025946796,lstm
2020-10-02 23:00:00,0.0,-0.0040762275,lstm
2020-10-02 23:00:00,0.0,-0.002245903,lstm
2020-10-02 23:00:00,0.0,0.00023289025,lstm
2020-10-02 23:15:00,0.0,-0.0025888681,lstm
2020-10-02 23:15:00,0.0,-0.0040296465,lstm
2020-10-02 23:15:00,0.0,-0.00220114,lstm
2020-10-02 23:15:00,0.0,0.00029940903,lstm
2020-10-02 23:30:00,0.0,-0.0025844127,lstm
2020-10-02 23:30:00,0.0,-0.0039946735,lstm
2020-10-02 23:30:00,0.0,-0.0021683425,lstm
2020-10-02 23:30:00,0.0,0.00034190714,lstm
2020-10-02 23:45:00,0.0,-0.002629429,lstm
2020-10-02 23:45:00,0.0,-0.004012421,lstm
2020-10-02 23:45:00,0.0,-0.0022802502,lstm
2020-10-02 23:45:00,0.0,0.0003119856,lstm
2020-10-03 00:00:00,0.0,-0.002616018,lstm
2020-10-03 00:00:00,0.0,-0.0039527416,lstm
2020-10-03 00:00:00,0.0,-0.002237305,lstm
2020-10-03 00:00:00,0.0,0.00037409365,lstm
2020-10-03 00:15:00,0.0,-0.002601251,lstm
2020-10-03 00:15:00,0.0,-0.0039090514,lstm
2020-10-03 00:15:00,0.0,-0.002203539,lstm
2020-10-03 00:15:00,0.0,0.00041368604,lstm
2020-10-03 00:30:00,0.0,-0.0025953501,lstm
2020-10-03 00:30:00,0.0,-0.0038838983,lstm
2020-10-03 00:30:00,0.0,-0.0021732897,lstm
2020-10-03 00:30:00,0.0,0.00044488907,lstm
2020-10-03 00:45:00,0.0,-0.0026319027,lstm
2020-10-03 00:45:00,0.0,-0.0038939863,lstm
2020-10-03 00:45:00,0.0,-0.0022730678,lstm
2020-10-03 00:45:00,0.0,0.00039632618,lstm
2020-10-03 01:00:00,0.0,-0.0026064068,lstm
2020-10-03 01:00:00,0.0,-0.0038331002,lstm
2020-10-03 01:00:00,0.0,-0.0022276938,lstm
2020-10-03 01:00:00,0.0,0.0004364848,lstm
2020-10-03 01:15:00,0.0,-0.002589181,lstm
2020-10-03 01:15:00,0.0,-0.0038065612,lstm
2020-10-03 01:15:00,0.0,-0.0022038072,lstm
2020-10-03 01:15:00,0.0,0.00045393407,lstm
2020-10-03 01:30:00,0.0,-0.0025714785,lstm
2020-10-03 01:30:00,0.0,-0.0037811548,lstm
2020-10-03 01:30:00,0.0,-0.002193123,lstm
2020-10-03 01:30:00,0.0,0.00045835972,lstm
2020-10-03 01:45:00,0.0,-0.0026038885,lstm
2020-10-03 01:45:00,0.0,-0.003789246,lstm
2020-10-03 01:45:00,0.0,-0.002276495,lstm
2020-10-03 01:45:00,0.0,0.00039988756,lstm
2020-10-03 02:00:00,0.0,-0.0025710315,lstm
2020-10-03 02:00:00,0.0,-0.0037346184,lstm
2020-10-03 02:00:00,0.0,-0.0022286326,lstm
2020-10-03 02:00:00,0.0,0.0004170537,lstm
2020-10-03 02:15:00,0.0,-0.0025468022,lstm
2020-10-03 02:15:00,0.0,-0.0037129372,lstm
2020-10-03 02:15:00,0.0,-0.002210334,lstm
2020-10-03 02:15:00,0.0,0.00041487813,lstm
2020-10-03 02:30:00,0.0,-0.0025269836,lstm
2020-10-03 02:30:00,0.0,-0.0036978722,lstm
2020-10-03 02:30:00,0.0,-0.0022049248,lstm
2020-10-03 02:30:00,0.0,0.00040502846,lstm
2020-10-03 02:45:00,0.0,-0.0025524348,lstm
2020-10-03 02:45:00,0.0,-0.003704071,lstm
2020-10-03 02:45:00,0.0,-0.0022697449,lstm
2020-10-03 02:45:00,0.0,0.0003335476,lstm
2020-10-03 03:00:00,0.0,-0.0025217086,lstm
2020-10-03 03:00:00,0.0,-0.0036658794,lstm
2020-10-03 03:00:00,0.0,-0.0022349507,lstm
2020-10-03 03:00:00,0.0,0.0003232658,lstm
2020-10-03 03:15:00,0.0,-0.0024977326,lstm
2020-10-03 03:15:00,0.0,-0.0036572367,lstm
2020-10-03 03:15:00,0.0,-0.0022280365,lstm
2020-10-03 03:15:00,0.0,0.00030313432,lstm
2020-10-03 03:30:00,0.0,-0.0024740696,lstm
2020-10-03 03:30:00,0.0,-0.003650397,lstm
2020-10-03 03:30:00,0.0,-0.0022369027,lstm
2020-10-03 03:30:00,0.0,0.00027358532,lstm
2020-10-03 03:45:00,0.0,-0.0025053322,lstm
2020-10-03 03:45:00,0.0,-0.0036662817,lstm
2020-10-03 03:45:00,0.0,-0.0022809058,lstm
2020-10-03 03:45:00,0.0,0.00020439923,lstm
2020-10-03 04:00:00,0.0,-0.0024935752,lstm
2020-10-03 04:00:00,0.0,-0.00365825,lstm
2020-10-03 04:00:00,0.0,-0.0022588372,lstm
2020-10-03 04:00:00,0.0,0.00017148256,lstm
2020-10-03 04:15:00,0.0,-0.0024639517,lstm
2020-10-03 04:15:00,0.0,-0.0036631823,lstm
2020-10-03 04:15:00,0.0,-0.0022871196,lstm
2020-10-03 04:15:00,0.0,0.00011022389,lstm
2020-10-03 04:30:00,0.0,-0.0024354607,lstm
2020-10-03 04:30:00,0.0,-0.0036741197,lstm
2020-10-03 04:30:00,0.0,-0.002308324,lstm
2020-10-03 04:30:00,0.0,7.274747e-05,lstm
2020-10-03 04:45:00,0.0,-0.002466023,lstm
2020-10-03 04:45:00,0.0,-0.0036975443,lstm
2020-10-03 04:45:00,0.0,-0.0023332983,lstm
2020-10-03 04:45:00,0.0,2.0861626e-06,lstm
2020-10-03 05:00:00,0.0,-0.0024677664,lstm
2020-10-03 05:00:00,0.0,-0.0037277192,lstm
2020-10-03 05:00:00,0.0,-0.0023399442,lstm
2020-10-03 05:00:00,0.0,-5.3793192e-05,lstm
2020-10-03 05:15:00,0.0,-0.002449751,lstm
2020-10-03 05:15:00,0.0,-0.003764987,lstm
2020-10-03 05:15:00,0.0,-0.0023818314,lstm
2020-10-03 05:15:00,0.0,-0.00011976063,lstm
2020-10-03 05:30:00,0.0,-0.0024343133,lstm
2020-10-03 05:30:00,0.0,-0.0038047135,lstm
2020-10-03 05:30:00,0.0,-0.0024267882,lstm
2020-10-03 05:30:00,0.0,-0.00017677248,lstm
2020-10-03 05:45:00,0.0,-0.0025140643,lstm
2020-10-03 05:45:00,0.0,-0.0038730055,lstm
2020-10-03 05:45:00,0.0,-0.0024277717,lstm
2020-10-03 05:45:00,0.0,-0.00020857155,lstm
2020-10-03 06:00:00,0.0,-0.002566874,lstm
2020-10-03 06:00:00,0.0,-0.003972411,lstm
2020-10-03 06:00:00,0.0,-0.002485007,lstm
2020-10-03 06:00:00,0.0,-0.0002836734,lstm
2020-10-03 06:15:00,0.0,-0.0025801063,lstm
2020-10-03 06:15:00,0.0,-0.00406906,lstm
2020-10-03 06:15:00,0.0,-0.0025656968,lstm
2020-10-03 06:15:00,0.0,-0.00033852458,lstm
2020-10-03 06:30:00,0.0,-0.002580151,lstm
2020-10-03 06:30:00,0.0,-0.004165143,lstm
2020-10-03 06:30:00,0.0,-0.0026453882,lstm
2020-10-03 06:30:00,0.0,-0.00038170815,lstm
2020-10-03 06:45:00,0.0,-0.0026569515,lstm
2020-10-03 06:45:00,0.0,-0.004276693,lstm
2020-10-03 06:45:00,0.0,-0.0026453286,lstm
2020-10-03 06:45:00,0.0,-0.00033016503,lstm
2020-10-03 07:00:00,0.0,-0.002716288,lstm
2020-10-03 07:00:00,0.0,-0.004451588,lstm
2020-10-03 07:00:00,0.0,-0.0026824325,lstm
2020-10-03 07:00:00,0.0,-0.00024604797,lstm
2020-10-03 07:15:00,0.0,-0.0027302802,lstm
2020-10-03 07:15:00,0.0,-0.004641935,lstm
2020-10-03 07:15:00,0.0,-0.002696678,lstm
2020-10-03 07:15:00,0.0,1.296401e-05,lstm
2020-10-03 07:30:00,0.0,-0.0026727766,lstm
2020-10-03 07:30:00,0.0,-0.0048745424,lstm
2020-10-03 07:30:00,0.0,-0.0025527328,lstm
2020-10-03 07:30:00,0.0051999986,0.0008239448,lstm
2020-10-03 07:45:00,0.0,-0.0025374442,lstm
2020-10-03 07:45:00,0.0,-0.0050055534,lstm
2020-10-03 07:45:00,0.0051999986,-0.0016169995,lstm
2020-10-03 07:45:00,0.035799995,0.00352256,lstm
2020-10-03 08:00:00,0.0,-0.0024369806,lstm
2020-10-03 08:00:00,0.0051999986,-0.0042210817,lstm
2020-10-03 08:00:00,0.035799995,0.0029185265,lstm
2020-10-03 08:00:00,0.0862,0.01510112,lstm
2020-10-03 08:15:00,0.0051999986,-0.003617391,lstm
2020-10-03 08:15:00,0.03580001,0.005889848,lstm
2020-10-03 08:15:00,0.0862,0.026158333,lstm
2020-10-03 08:15:00,0.1478,0.06285268,lstm
2020-10-03 08:30:00,0.035799995,0.005679652,lstm
2020-10-03 08:30:00,0.0862,0.035416514,lstm
2020-10-03 08:30:00,0.1478,0.079223625,lstm
2020-10-03 08:30:00,0.218,0.14297351,lstm
2020-10-03 08:45:00,0.0862,0.07275001,lstm
2020-10-03 08:45:00,0.1478,0.12426951,lstm
2020-10-03 08:45:00,0.218,0.19580175,lstm
2020-10-03 08:45:00,0.2878,0.2674781,lstm
2020-10-03 09:00:00,0.1478,0.15254521,lstm
2020-10-03 09:00:00,0.218,0.2180675,lstm
2020-10-03 09:00:00,0.2878,0.30279776,lstm
2020-10-03 09:00:00,0.357,0.36924374,lstm
2020-10-03 09:15:00,0.218,0.22633141,lstm
2020-10-03 09:15:00,0.2878,0.2922238,lstm
2020-10-03 09:15:00,0.357,0.36373824,lstm
2020-10-03 09:15:00,0.4242,0.42692566,lstm
2020-10-03 09:30:00,0.2878,0.29641688,lstm
2020-10-03 09:30:00,0.357,0.35586676,lstm
2020-10-03 09:30:00,0.4242,0.41018414,lstm
2020-10-03 09:30:00,0.48760003,0.47633737,lstm
2020-10-03 09:45:00,0.357,0.36103135,lstm
2020-10-03 09:45:00,0.4242,0.4197846,lstm
2020-10-03 09:45:00,0.48759997,0.46757275,lstm
2020-10-03 09:45:00,0.5456,0.5348532,lstm
2020-10-03 10:00:00,0.4242,0.42691272,lstm
2020-10-03 10:00:00,0.4876,0.48205435,lstm
2020-10-03 10:00:00,0.5456,0.5295029,lstm
2020-10-03 10:00:00,0.6024,0.58903354,lstm
2020-10-03 10:15:00,0.4876,0.49630928,lstm
2020-10-03 10:15:00,0.5456,0.5422346,lstm
2020-10-03 10:15:00,0.6024,0.5883527,lstm
2020-10-03 10:15:00,0.6554,0.63309485,lstm
2020-10-03 10:30:00,0.5456,0.562533,lstm
2020-10-03 10:30:00,0.6024,0.59798443,lstm
2020-10-03 10:30:00,0.6554,0.6397697,lstm
2020-10-03 10:30:00,0.7016,0.6723802,lstm
2020-10-03 10:45:00,0.6024,0.62257075,lstm
2020-10-03 10:45:00,0.6554,0.6504128,lstm
2020-10-03 10:45:00,0.7016,0.68632025,lstm
2020-10-03 10:45:00,0.741,0.7147685,lstm
2020-10-03 11:00:00,0.6554,0.6728854,lstm
2020-10-03 11:00:00,0.70159996,0.6969433,lstm
2020-10-03 11:00:00,0.741,0.72669053,lstm
2020-10-03 11:00:00,0.7768,0.7563837,lstm
2020-10-03 11:15:00,0.7016,0.7138393,lstm
2020-10-03 11:15:00,0.74099994,0.7365155,lstm
2020-10-03 11:15:00,0.7768,0.7607568,lstm
2020-10-03 11:15:00,0.8094,0.79209745,lstm
2020-10-03 11:30:00,0.741,0.74493724,lstm
2020-10-03 11:30:00,0.7767999,0.7668302,lstm
2020-10-03 11:30:00,0.8094,0.78674495,lstm
2020-10-03 11:30:00,0.8346,0.81772655,lstm
2020-10-03 11:45:00,0.7768,0.7683531,lstm
2020-10-03 11:45:00,0.80939996,0.78772223,lstm
2020-10-03 11:45:00,0.8346,0.8041691,lstm
2020-10-03 11:45:00,0.8566,0.83263505,lstm
2020-10-03 12:00:00,0.8094,0.7878328,lstm
2020-10-03 12:00:00,0.8346,0.8033799,lstm
2020-10-03 12:00:00,0.8566,0.8175346,lstm
2020-10-03 12:00:00,0.8712,0.8423482,lstm
2020-10-03 12:15:00,0.8346,0.8053963,lstm
2020-10-03 12:15:00,0.8565999,0.81613815,lstm
2020-10-03 12:15:00,0.8712,0.8286108,lstm
2020-10-03 12:15:00,0.8886,0.8493624,lstm
2020-10-03 12:30:00,0.8566,0.81754786,lstm
2020-10-03 12:30:00,0.87119997,0.82359505,lstm
2020-10-03 12:30:00,0.88859993,0.8343031,lstm
2020-10-03 12:30:00,0.8982,0.85071224,lstm
2020-10-03 12:45:00,0.8712001,0.8264858,lstm
2020-10-03 12:45:00,0.8886,0.82852554,lstm
2020-10-03 12:45:00,0.8982,0.83772886,lstm
2020-10-03 12:45:00,0.9026,0.851329,lstm
2020-10-03 13:00:00,0.88859993,0.827982,lstm
2020-10-03 13:00:00,0.8981999,0.82770836,lstm
2020-10-03 13:00:00,0.9026,0.8353299,lstm
2020-10-03 13:00:00,0.9042,0.8458163,lstm
2020-10-03 13:15:00,0.8982,0.8339159,lstm
2020-10-03 13:15:00,0.90259993,0.8310144,lstm
2020-10-03 13:15:00,0.9042,0.83848834,lstm
2020-10-03 13:15:00,0.9032,0.8480612,lstm
2020-10-03 13:30:00,0.9026,0.8339027,lstm
2020-10-03 13:30:00,0.90419996,0.8299161,lstm
2020-10-03 13:30:00,0.9032,0.8362905,lstm
2020-10-03 13:30:00,0.8998,0.84364635,lstm
2020-10-03 13:45:00,0.9042,0.8344783,lstm
2020-10-03 13:45:00,0.9031999,0.82781446,lstm
2020-10-03 13:45:00,0.8998,0.83168286,lstm
2020-10-03 13:45:00,0.8926,0.8368221,lstm
2020-10-03 14:00:00,0.9032,0.83381945,lstm
2020-10-03 14:00:00,0.89979994,0.824203,lstm
2020-10-03 14:00:00,0.8926,0.8258242,lstm
2020-10-03 14:00:00,0.8758,0.82867473,lstm
2020-10-03 14:15:00,0.8998,0.8327632,lstm
2020-10-03 14:15:00,0.89260006,0.82019484,lstm
2020-10-03 14:15:00,0.8758,0.81990397,lstm
2020-10-03 14:15:00,0.861,0.82041883,lstm
2020-10-03 14:30:00,0.8926,0.83050925,lstm
2020-10-03 14:30:00,0.8758,0.8152479,lstm
2020-10-03 14:30:00,0.861,0.8130683,lstm
2020-10-03 14:30:00,0.84559995,0.81109923,lstm
2020-10-03 14:45:00,0.8758,0.826166,lstm
2020-10-03 14:45:00,0.86099994,0.80783045,lstm
2020-10-03 14:45:00,0.84559995,0.8020435,lstm
2020-10-03 14:45:00,0.8212,0.7965322,lstm
2020-10-03 15:00:00,0.861,0.80948156,lstm
2020-10-03 15:00:00,0.8456,0.78757966,lstm
2020-10-03 15:00:00,0.8212,0.77662235,lstm
2020-10-03 15:00:00,0.7926,0.7646953,lstm
2020-10-03 15:15:00,0.8456,0.79470986,lstm
2020-10-03 15:15:00,0.8212,0.765929,lstm
2020-10-03 15:15:00,0.7926,0.75041205,lstm
2020-10-03 15:15:00,0.763,0.7334877,lstm
2020-10-03 15:30:00,0.8212,0.77715987,lstm
2020-10-03 15:30:00,0.7925999,0.74102545,lstm
2020-10-03 15:30:00,0.763,0.72106296,lstm
2020-10-03 15:30:00,0.7278,0.6988162,lstm
2020-10-03 15:45:00,0.7926,0.7514898,lstm
2020-10-03 15:45:00,0.763,0.7084429,lstm
2020-10-03 15:45:00,0.7278,0.6828321,lstm
2020-10-03 15:45:00,0.6918,0.6545045,lstm
2020-10-03 16:00:00,0.763,0.7256138,lstm
2020-10-03 16:00:00,0.7278,0.676634,lstm
2020-10-03 16:00:00,0.6918,0.6453989,lstm
2020-10-03 16:00:00,0.6508,0.61408985,lstm
2020-10-03 16:15:00,0.7278,0.7058881,lstm
2020-10-03 16:15:00,0.6918,0.65273666,lstm
2020-10-03 16:15:00,0.65079993,0.6139221,lstm
2020-10-03 16:15:00,0.5966,0.58005255,lstm
2020-10-03 16:30:00,0.6918,0.68589294,lstm
2020-10-03 16:30:00,0.6508,0.6295973,lstm
2020-10-03 16:30:00,0.5966,0.58174855,lstm
2020-10-03 16:30:00,0.5584,0.542046,lstm
2020-10-03 16:45:00,0.6508,0.6632717,lstm
2020-10-03 16:45:00,0.5966,0.59963334,lstm
2020-10-03 16:45:00,0.5584,0.54609805,lstm
2020-10-03 16:45:00,0.4982,0.5003684,lstm
2020-10-03 17:00:00,0.5966,0.6162121,lstm
2020-10-03 17:00:00,0.5584,0.5474544,lstm
2020-10-03 17:00:00,0.4982,0.49447668,lstm
2020-10-03 17:00:00,0.4086,0.44494838,lstm
2020-10-03 17:15:00,0.5584,0.55344105,lstm
2020-10-03 17:15:00,0.4982,0.4844541,lstm
2020-10-03 17:15:00,0.4086,0.42813742,lstm
2020-10-03 17:15:00,0.3784,0.37524307,lstm
2020-10-03 17:30:00,0.4982,0.50563824,lstm
2020-10-03 17:30:00,0.4086,0.43391788,lstm
2020-10-03 17:30:00,0.37840003,0.36122423,lstm
2020-10-03 17:30:00,0.2572,0.3023781,lstm
2020-10-03 17:45:00,0.4086,0.4465177,lstm
2020-10-03 17:45:00,0.3784,0.37401563,lstm
2020-10-03 17:45:00,0.2572,0.29774264,lstm
2020-10-03 17:45:00,0.2572,0.23410346,lstm
2020-10-03 18:00:00,0.3784,0.36082637,lstm
2020-10-03 18:00:00,0.2572,0.2922791,lstm
2020-10-03 18:00:00,0.2572,0.22614606,lstm
2020-10-03 18:00:00,0.118,0.1655808,lstm
2020-10-03 18:15:00,0.2572,0.31586093,lstm
2020-10-03 18:15:00,0.2572,0.23564297,lstm
2020-10-03 18:15:00,0.118,0.16764887,lstm
2020-10-03 18:15:00,0.0344,0.11121245,lstm
2020-10-03 18:30:00,0.2572,0.20732072,lstm
2020-10-03 18:30:00,0.118,0.14071904,lstm
2020-10-03 18:30:00,0.0344,0.093254186,lstm
2020-10-03 18:30:00,0.012400001,0.053159326,lstm
2020-10-03 18:45:00,0.118,0.16589221,lstm
2020-10-03 18:45:00,0.0344,0.1022618,lstm
2020-10-03 18:45:00,0.012400001,0.0638856,lstm
2020-10-03 18:45:00,0.0013999939,0.030266881,lstm
2020-10-03 19:00:00,0.034400016,0.08414833,lstm
2020-10-03 19:00:00,0.012400001,0.043600604,lstm
2020-10-03 19:00:00,0.0013999939,0.021436572,lstm
2020-10-03 19:00:00,0.0,0.011196673,lstm
2020-10-03 19:15:00,0.012400001,0.035399854,lstm
2020-10-03 19:15:00,0.0013999939,0.0130586475,lstm
2020-10-03 19:15:00,0.0,0.002762273,lstm
2020-10-03 19:15:00,0.0,0.0021307617,lstm
2020-10-03 19:30:00,0.0013999939,0.017616317,lstm
2020-10-03 19:30:00,0.0,0.0028419197,lstm
2020-10-03 19:30:00,0.0,-0.000798136,lstm
2020-10-03 19:30:00,0.0,0.0013498217,lstm
2020-10-03 19:45:00,0.0,0.007495895,lstm
2020-10-03 19:45:00,0.0,-0.001369372,lstm
2020-10-03 19:45:00,0.0,-0.0023404807,lstm
2020-10-03 19:45:00,0.0,0.00061257184,lstm
2020-10-03 20:00:00,0.0,0.0023439527,lstm
2020-10-03 20:00:00,0.0,-0.0030731559,lstm
2020-10-03 20:00:00,0.0,-0.002452612,lstm
2020-10-03 20:00:00,0.0,0.0004081726,lstm
2020-10-03 20:15:00,0.0,-0.00025200844,lstm
2020-10-03 20:15:00,0.0,-0.0038079172,lstm
2020-10-03 20:15:00,0.0,-0.0023469627,lstm
2020-10-03 20:15:00,0.0,0.000228405,lstm
2020-10-03 20:30:00,0.0,-0.0015227497,lstm
2020-10-03 20:30:00,0.0,-0.0041210055,lstm
2020-10-03 20:30:00,0.0,-0.0022063255,lstm
2020-10-03 20:30:00,0.0,0.00015302002,lstm
2020-10-03 20:45:00,0.0,-0.0022005737,lstm
2020-10-03 20:45:00,0.0,-0.004322052,lstm
2020-10-03 20:45:00,0.0,-0.0022395551,lstm
2020-10-03 20:45:00,0.0,6.376207e-05,lstm
2020-10-03 21:00:00,0.0,-0.0025670528,lstm
2020-10-03 21:00:00,0.0,-0.0044107586,lstm
2020-10-03 21:00:00,0.0,-0.0022223294,lstm
2020-10-03 21:00:00,0.0,7.238984e-05,lstm
2020-10-03 21:15:00,0.0,-0.0028371513,lstm
2020-10-03 21:15:00,0.0,-0.004191354,lstm
2020-10-03 21:15:00,0.0,-0.0022659004,lstm
2020-10-03 21:15:00,0.0,0.0002206415,lstm
2020-10-03 21:30:00,0.0,-0.0026970357,lstm
2020-10-03 21:30:00,0.0,-0.004175678,lstm
2020-10-03 21:30:00,0.0,-0.0021573007,lstm
2020-10-03 21:30:00,0.0,0.00019878149,lstm
2020-10-03 21:45:00,0.0,-0.0026439428,lstm
2020-10-03 21:45:00,0.0,-0.0041998327,lstm
2020-10-03 21:45:00,0.0,-0.0022038966,lstm
2020-10-03 21:45:00,0.0,9.562075e-05,lstm
2020-10-03 22:00:00,0.0,-0.0026120245,lstm
2020-10-03 22:00:00,0.0,-0.004172787,lstm
2020-10-03 22:00:00,0.0,-0.0021900386,lstm
2020-10-03 22:00:00,0.0,0.000105038285,lstm
2020-10-03 22:15:00,0.0,-0.0025993437,lstm
2020-10-03 22:15:00,0.0,-0.0041501075,lstm
2020-10-03 22:15:00,0.0,-0.0021688938,lstm
2020-10-03 22:15:00,0.0,0.00013244152,lstm
2020-10-03 22:30:00,0.0,-0.0025912076,lstm
2020-10-03 22:30:00,0.0,-0.004133612,lstm
2020-10-03 22:30:00,0.0,-0.0021516234,lstm
2020-10-03 22:30:00,0.0,0.0001514107,lstm
2020-10-03 22:45:00,0.0,-0.002620861,lstm
2020-10-03 22:45:00,0.0,-0.004152328,lstm
2020-10-03 22:45:00,0.0,-0.0022473186,lstm
2020-10-03 22:45:00,0.0,0.00013636053,lstm
2020-10-03 23:00:00,0.0,-0.0026188493,lstm
2020-10-03 23:00:00,0.0,-0.0041250885,lstm
2020-10-03 23:00:00,0.0,-0.0022374243,lstm
2020-10-03 23:00:00,0.0,0.00017769635,lstm
2020-10-03 23:15:00,0.0,-0.0026145428,lstm
2020-10-03 23:15:00,0.0,-0.004099548,lstm
2020-10-03 23:15:00,0.0,-0.0022176951,lstm
2020-10-03 23:15:00,0.0,0.00021110475,lstm
2020-10-03 23:30:00,0.0,-0.0026146173,lstm
2020-10-03 23:30:00,0.0,-0.0040760487,lstm
2020-10-03 23:30:00,0.0,-0.0021975935,lstm
2020-10-03 23:30:00,0.0,0.00024016201,lstm
2020-10-03 23:45:00,0.0,-0.0026409924,lstm
2020-10-03 23:45:00,0.0,-0.004086703,lstm
2020-10-03 23:45:00,0.0,-0.0022937208,lstm
2020-10-03 23:45:00,0.0,0.00020943582,lstm
2020-10-04 00:00:00,0.0,-0.0026342273,lstm
2020-10-04 00:00:00,0.0,-0.004034564,lstm
2020-10-04 00:00:00,0.0,-0.0022549927,lstm
2020-10-04 00:00:00,0.0,0.00026226044,lstm
2020-10-04 00:15:00,0.0,-0.002626747,lstm
2020-10-04 00:15:00,0.0,-0.004006982,lstm
2020-10-04 00:15:00,0.0,-0.0022310764,lstm
2020-10-04 00:15:00,0.0,0.00029224157,lstm
2020-10-04 00:30:00,0.0,-0.0026197284,lstm
2020-10-04 00:30:00,0.0,-0.003988728,lstm
2020-10-04 00:30:00,0.0,-0.0022132993,lstm
2020-10-04 00:30:00,0.0,0.0003104061,lstm
2020-10-04 00:45:00,0.0,-0.0026379675,lstm
2020-10-04 00:45:00,0.0,-0.0040011704,lstm
2020-10-04 00:45:00,0.0,-0.0023174882,lstm
2020-10-04 00:45:00,0.0,0.00025816262,lstm
2020-10-04 01:00:00,0.0,-0.002617687,lstm
2020-10-04 01:00:00,0.0,-0.0039539486,lstm
2020-10-04 01:00:00,0.0,-0.0022837818,lstm
2020-10-04 01:00:00,0.0,0.00029563904,lstm
2020-10-04 01:15:00,0.0,-0.0026021302,lstm
2020-10-04 01:15:00,0.0,-0.003925517,lstm
2020-10-04 01:15:00,0.0,-0.0022613704,lstm
2020-10-04 01:15:00,0.0,0.00031536818,lstm
2020-10-04 01:30:00,0.0,-0.0025896728,lstm
2020-10-04 01:30:00,0.0,-0.0039064437,lstm
2020-10-04 01:30:00,0.0,-0.0022452176,lstm
2020-10-04 01:30:00,0.0,0.00032694638,lstm
2020-10-04 01:45:00,0.0,-0.0026120245,lstm
2020-10-04 01:45:00,0.0,-0.0039067566,lstm
2020-10-04 01:45:00,0.0,-0.002322957,lstm
2020-10-04 01:45:00,0.0,0.00026540458,lstm
2020-10-04 02:00:00,0.0,-0.0025877804,lstm
2020-10-04 02:00:00,0.0,-0.0038587004,lstm
2020-10-04 02:00:00,0.0,-0.0022776127,lstm
2020-10-04 02:00:00,0.0,0.0002861172,lstm
2020-10-04 02:15:00,0.0,-0.002568975,lstm
2020-10-04 02:15:00,0.0,-0.0038365126,lstm
2020-10-04 02:15:00,0.0,-0.0022535324,lstm
2020-10-04 02:15:00,0.0,0.00028772652,lstm
2020-10-04 02:30:00,0.0,-0.0025543123,lstm
2020-10-04 02:30:00,0.0,-0.0038261265,lstm
2020-10-04 02:30:00,0.0,-0.0022400916,lstm
2020-10-04 02:30:00,0.0,0.0002811849,lstm
2020-10-04 02:45:00,0.0,-0.0025841296,lstm
2020-10-04 02:45:00,0.0,-0.003837362,lstm
2020-10-04 02:45:00,0.0,-0.0022992939,lstm
2020-10-04 02:45:00,0.0,0.00020350516,lstm
2020-10-04 03:00:00,0.0,-0.00257124,lstm
2020-10-04 03:00:00,0.0,-0.0038131922,lstm
2020-10-04 03:00:00,0.0,-0.0022662282,lstm
2020-10-04 03:00:00,0.0,0.00018844008,lstm
2020-10-04 03:15:00,0.0,-0.0025593638,lstm
2020-10-04 03:15:00,0.0,-0.0038135052,lstm
2020-10-04 03:15:00,0.0,-0.0022619516,lstm
2020-10-04 03:15:00,0.0,0.00015759468,lstm
2020-10-04 03:30:00,0.0,-0.0025496334,lstm
2020-10-04 03:30:00,0.0,-0.0038237423,lstm
2020-10-04 03:30:00,0.0,-0.002275452,lstm
2020-10-04 03:30:00,0.0,0.00012201071,lstm
2020-10-04 03:45:00,0.0,-0.0025866628,lstm
2020-10-04 03:45:00,0.0,-0.0038486123,lstm
2020-10-04 03:45:00,0.0,-0.002327323,lstm
2020-10-04 03:45:00,0.0,3.2410026e-05,lstm
2020-10-04 04:00:00,0.0,-0.0025873631,lstm
2020-10-04 04:00:00,0.0,-0.0038526952,lstm
2020-10-04 04:00:00,0.0,-0.0023171604,lstm
2020-10-04 04:00:00,0.0,-1.4483929e-05,lstm
2020-10-04 04:15:00,0.0,-0.0025812835,lstm
2020-10-04 04:15:00,0.0,-0.0038774014,lstm
2020-10-04 04:15:00,0.0,-0.002332285,lstm
2020-10-04 04:15:00,0.0,-6.890297e-05,lstm
2020-10-04 04:30:00,0.0,-0.0025707036,lstm
2020-10-04 04:30:00,0.0,-0.003908217,lstm
2020-10-04 04:30:00,0.0,-0.002368033,lstm
2020-10-04 04:30:00,0.0,-0.00012739003,lstm
2020-10-04 04:45:00,0.0,-0.0026170164,lstm
2020-10-04 04:45:00,0.0,-0.0039535165,lstm
2020-10-04 04:45:00,0.0,-0.0024117082,lstm
2020-10-04 04:45:00,0.0,-0.00021873415,lstm
2020-10-04 05:00:00,0.0,-0.0026327968,lstm
2020-10-04 05:00:00,0.0,-0.004002452,lstm
2020-10-04 05:00:00,0.0,-0.0024271458,lstm
2020-10-04 05:00:00,0.0,-0.00028823316,lstm
2020-10-04 05:15:00,0.0,-0.002624765,lstm
2020-10-04 05:15:00,0.0,-0.0040592104,lstm
2020-10-04 05:15:00,0.0,-0.002476856,lstm
2020-10-04 05:15:00,0.0,-0.0003618747,lstm
2020-10-04 05:30:00,0.0,-0.0026153922,lstm
2020-10-04 05:30:00,0.0,-0.0041139126,lstm
2020-10-04 05:30:00,0.0,-0.0025257468,lstm
2020-10-04 05:30:00,0.0,-0.0004197061,lstm
2020-10-04 05:45:00,0.0,-0.0026853532,lstm
2020-10-04 05:45:00,0.0,-0.004192084,lstm
2020-10-04 05:45:00,0.0,-0.0025466532,lstm
2020-10-04 05:45:00,0.0,-0.00047516823,lstm
2020-10-04 06:00:00,0.0,-0.002722159,lstm
2020-10-04 06:00:00,0.0,-0.0042967945,lstm
2020-10-04 06:00:00,0.0,-0.0025999844,lstm
2020-10-04 06:00:00,0.0,-0.0005430132,lstm
2020-10-04 06:15:00,0.0,-0.002728045,lstm
2020-10-04 06:15:00,0.0,-0.0043991506,lstm
2020-10-04 06:15:00,0.0,-0.0026591122,lstm
2020-10-04 06:15:00,0.0,-0.00058302283,lstm
2020-10-04 06:30:00,0.0,-0.002725467,lstm
2020-10-04 06:30:00,0.0,-0.0045012087,lstm
2020-10-04 06:30:00,0.0,-0.0027224422,lstm
2020-10-04 06:30:00,0.0,-0.0006044954,lstm
2020-10-04 06:45:00,0.0,-0.002794966,lstm
2020-10-04 06:45:00,0.0,-0.004616067,lstm
2020-10-04 06:45:00,0.0,-0.002708912,lstm
2020-10-04 06:45:00,0.0,-0.0005246848,lstm
2020-10-04 07:00:00,0.0,-0.0028529316,lstm
2020-10-04 07:00:00,0.0,-0.0047857463,lstm
2020-10-04 07:00:00,0.0,-0.002695337,lstm
2020-10-04 07:00:00,0.0,-0.00038392842,lstm
2020-10-04 07:15:00,0.0,-0.002859205,lstm
2020-10-04 07:15:00,0.0,-0.0049634874,lstm
2020-10-04 07:15:00,0.0,-0.0026603937,lstm
2020-10-04 07:15:00,0.0,-8.98689e-05,lstm
2020-10-04 07:30:00,0.0,-0.0028128475,lstm
2020-10-04 07:30:00,0.0,-0.0051594228,lstm
2020-10-04 07:30:00,0.0,-0.0024882555,lstm
2020-10-04 07:30:00,0.001000002,0.0006313622,lstm
2020-10-04 07:45:00,0.0,-0.0027094334,lstm
2020-10-04 07:45:00,0.0,-0.0052406043,lstm
2020-10-04 07:45:00,0.001000002,-0.001639232,lstm
2020-10-04 07:45:00,0.017000005,0.002834782,lstm
2020-10-04 08:00:00,0.0,-0.0024730712,lstm
2020-10-04 08:00:00,0.001000002,-0.004737854,lstm
2020-10-04 08:00:00,0.017000005,0.001759991,lstm
2020-10-04 08:00:00,0.067,0.011242822,lstm
2020-10-04 08:15:00,0.001000002,-0.0033833236,lstm
2020-10-04 08:15:00,0.017000005,0.0025697947,lstm
2020-10-04 08:15:00,0.067,0.0204065,lstm
2020-10-04 08:15:00,0.1052,0.05097425,lstm
2020-10-04 08:30:00,0.017000005,0.0017947406,lstm
2020-10-04 08:30:00,0.067,0.030036077,lstm
2020-10-04 08:30:00,0.1052,0.07210323,lstm
2020-10-04 08:30:00,0.1514,0.13456489,lstm
2020-10-04 08:45:00,0.067,0.037926078,lstm
2020-10-04 08:45:00,0.1052,0.08527391,lstm
2020-10-04 08:45:00,0.1514,0.14984976,lstm
2020-10-04 08:45:00,0.2556,0.22328354,lstm
2020-10-04 09:00:00,0.1052,0.11012391,lstm
2020-10-04 09:00:00,0.1514,0.17139035,lstm
2020-10-04 09:00:00,0.2556,0.25055397,lstm
2020-10-04 09:00:00,0.3308,0.32205552,lstm
2020-10-04 09:15:00,0.1514,0.15099369,lstm
2020-10-04 09:15:00,0.2556,0.21737553,lstm
2020-10-04 09:15:00,0.3308,0.28977737,lstm
2020-10-04 09:15:00,0.3978,0.35732442,lstm
2020-10-04 09:30:00,0.2556,0.2073138,lstm
2020-10-04 09:30:00,0.3308,0.2718914,lstm
2020-10-04 09:30:00,0.3978,0.33347028,lstm
2020-10-04 09:30:00,0.46500003,0.39964342,lstm
2020-10-04 09:45:00,0.3308,0.31208467,lstm
2020-10-04 09:45:00,0.3978,0.36960572,lstm
2020-10-04 09:45:00,0.46500003,0.42274022,lstm
2020-10-04 09:45:00,0.524,0.49245417,lstm
2020-10-04 10:00:00,0.39780003,0.37846932,lstm
2020-10-04 10:00:00,0.465,0.43625093,lstm
2020-10-04 10:00:00,0.524,0.485546,lstm
2020-10-04 10:00:00,0.5656,0.55025685,lstm
2020-10-04 10:15:00,0.465,0.44944793,lstm
2020-10-04 10:15:00,0.524,0.5019306,lstm
2020-10-04 10:15:00,0.5656,0.55023915,lstm
2020-10-04 10:15:00,0.616,0.60119563,lstm
2020-10-04 10:30:00,0.524,0.52038014,lstm
2020-10-04 10:30:00,0.5656,0.56359446,lstm
2020-10-04 10:30:00,0.616,0.6081881,lstm
2020-10-04 10:30:00,0.6628,0.6458184,lstm
2020-10-04 10:45:00,0.5656,0.5850307,lstm
2020-10-04 10:45:00,0.616,0.6205572,lstm
2020-10-04 10:45:00,0.6628,0.6595809,lstm
2020-10-04 10:45:00,0.6954,0.6911552,lstm
2020-10-04 11:00:00,0.616,0.6318406,lstm
2020-10-04 11:00:00,0.6628,0.66425586,lstm
2020-10-04 11:00:00,0.6954,0.69721603,lstm
2020-10-04 11:00:00,0.722,0.72775936,lstm
2020-10-04 11:15:00,0.66279995,0.6808126,lstm
2020-10-04 11:15:00,0.6954,0.7101252,lstm
2020-10-04 11:15:00,0.722,0.7379313,lstm
2020-10-04 11:15:00,0.744,0.7712248,lstm
2020-10-04 11:30:00,0.6954,0.71690214,lstm
2020-10-04 11:30:00,0.722,0.7454634,lstm
2020-10-04 11:30:00,0.744,0.76852065,lstm
2020-10-04 11:30:00,0.7656,0.80209255,lstm
2020-10-04 11:45:00,0.722,0.7377043,lstm
2020-10-04 11:45:00,0.74399996,0.76403046,lstm
2020-10-04 11:45:00,0.7656,0.7825116,lstm
2020-10-04 11:45:00,0.78,0.81258136,lstm
2020-10-04 12:00:00,0.744,0.7530155,lstm
2020-10-04 12:00:00,0.76559997,0.77466524,lstm
2020-10-04 12:00:00,0.78,0.7895735,lstm
2020-10-04 12:00:00,0.6464,0.8153937,lstm
2020-10-04 12:15:00,0.7656,0.7678218,lstm
2020-10-04 12:15:00,0.78,0.78357303,lstm
2020-10-04 12:15:00,0.6464,0.7959563,lstm
2020-10-04 12:15:00,0.7762,0.8175241,lstm
2020-10-04 12:30:00,0.78,0.78495204,lstm
2020-10-04 12:30:00,0.6464,0.7948822,lstm
2020-10-04 12:30:00,0.7762,0.80597585,lstm
2020-10-04 12:30:00,0.8338,0.8246294,lstm
2020-10-04 12:45:00,0.6464,0.794074,lstm
2020-10-04 12:45:00,0.77619994,0.7999921,lstm
2020-10-04 12:45:00,0.8338,0.80920917,lstm
2020-10-04 12:45:00,0.7156,0.82479787,lstm
2020-10-04 13:00:00,0.77620006,0.5694984,lstm
2020-10-04 13:00:00,0.8338001,0.5914284,lstm
2020-10-04 13:00:00,0.7156,0.5871248,lstm
2020-10-04 13:00:00,0.75039995,0.5834286,lstm
2020-10-04 13:15:00,0.8338,0.787871,lstm
2020-10-04 13:15:00,0.7156,0.77381885,lstm
2020-10-04 13:15:00,0.7504,0.7856773,lstm
2020-10-04 13:15:00,0.8396,0.8068018,lstm
2020-10-04 13:30:00,0.7156,0.8010911,lstm
2020-10-04 13:30:00,0.75039995,0.8014487,lstm
2020-10-04 13:30:00,0.8396,0.81064415,lstm
2020-10-04 13:30:00,0.8316,0.8272735,lstm
2020-10-04 13:45:00,0.7504,0.6634897,lstm
2020-10-04 13:45:00,0.8396001,0.6821114,lstm
2020-10-04 13:45:00,0.8316,0.6839394,lstm
2020-10-04 13:45:00,0.8266,0.67908806,lstm
2020-10-04 14:00:00,0.8396,0.7406345,lstm
2020-10-04 14:00:00,0.83159995,0.7296488,lstm
2020-10-04 14:00:00,0.8266,0.7304475,lstm
2020-10-04 14:00:00,0.8174,0.73923004,lstm
2020-10-04 14:15:00,0.8316,0.7891842,lstm
2020-10-04 14:15:00,0.82659996,0.77129614,lstm
2020-10-04 14:15:00,0.8174,0.77379817,lstm
2020-10-04 14:15:00,0.8058,0.7816916,lstm
2020-10-04 14:30:00,0.8266,0.7862836,lstm
2020-10-04 14:30:00,0.8174,0.7742822,lstm
2020-10-04 14:30:00,0.8058,0.77309436,lstm
2020-10-04 14:30:00,0.788,0.77150345,lstm
2020-10-04 14:45:00,0.8174,0.78815734,lstm
2020-10-04 14:45:00,0.80579996,0.7709782,lstm
2020-10-04 14:45:00,0.788,0.7632101,lstm
2020-10-04 14:45:00,0.7692,0.7572229,lstm
2020-10-04 15:00:00,0.8058,0.78184944,lstm
2020-10-04 15:00:00,0.788,0.75786483,lstm
2020-10-04 15:00:00,0.7692,0.74335873,lstm
2020-10-04 15:00:00,0.7438,0.7309993,lstm
2020-10-04 15:15:00,0.788,0.76897,lstm
2020-10-04 15:15:00,0.76919997,0.73845327,lstm
2020-10-04 15:15:00,0.7438,0.71803087,lstm
2020-10-04 15:15:00,0.718,0.70002997,lstm
2020-10-04 15:30:00,0.7692,0.7480079,lstm
2020-10-04 15:30:00,0.7437999,0.7119119,lstm
2020-10-04 15:30:00,0.718,0.6860793,lstm
2020-10-04 15:30:00,0.6776,0.6630855,lstm
2020-10-04 15:45:00,0.7438,0.7283342,lstm
2020-10-04 15:45:00,0.71799994,0.6837909,lstm
2020-10-04 15:45:00,0.6776,0.65191805,lstm
2020-10-04 15:45:00,0.652,0.62371147,lstm
2020-10-04 16:00:00,0.718,0.70443463,lstm
2020-10-04 16:00:00,0.6776,0.65337765,lstm
2020-10-04 16:00:00,0.65199995,0.6152754,lstm
2020-10-04 16:00:00,0.6078,0.5811651,lstm
2020-10-04 16:15:00,0.6776,0.6834705,lstm
2020-10-04 16:15:00,0.652,0.6257221,lstm
2020-10-04 16:15:00,0.60779995,0.58205366,lstm
2020-10-04 16:15:00,0.55859995,0.5428263,lstm
2020-10-04 16:30:00,0.652,0.64899886,lstm
2020-10-04 16:30:00,0.6078,0.58813596,lstm
2020-10-04 16:30:00,0.5586,0.54248554,lstm
2020-10-04 16:30:00,0.5106,0.4984463,lstm
2020-10-04 16:45:00,0.6078,0.61868095,lstm
2020-10-04 16:45:00,0.5586,0.5500853,lstm
2020-10-04 16:45:00,0.5106,0.50412154,lstm
2020-10-04 16:45:00,0.4554,0.45753264,lstm
2020-10-04 17:00:00,0.5586,0.5665043,lstm
2020-10-04 17:00:00,0.5106,0.49843183,lstm
2020-10-04 17:00:00,0.4554,0.44575143,lstm
2020-10-04 17:00:00,0.4036,0.39140862,lstm
2020-10-04 17:15:00,0.5106,0.5256505,lstm
2020-10-04 17:15:00,0.4554,0.45360044,lstm
2020-10-04 17:15:00,0.4036,0.3998911,lstm
2020-10-04 17:15:00,0.345,0.34403038,lstm
2020-10-04 17:30:00,0.4554,0.4843386,lstm
2020-10-04 17:30:00,0.40360004,0.4059692,lstm
2020-10-04 17:30:00,0.345,0.34627724,lstm
2020-10-04 17:30:00,0.2802,0.28791443,lstm
2020-10-04 17:45:00,0.4036,0.43652338,lstm
2020-10-04 17:45:00,0.345,0.3545828,lstm
2020-10-04 17:45:00,0.2802,0.28480402,lstm
2020-10-04 17:45:00,0.21,0.2174816,lstm
2020-10-04 18:00:00,0.345,0.3837598,lstm
2020-10-04 18:00:00,0.2802,0.29389164,lstm
2020-10-04 18:00:00,0.21,0.21884851,lstm
2020-10-04 18:00:00,0.1456,0.15263592,lstm
2020-10-04 18:15:00,0.2802,0.31915033,lstm
2020-10-04 18:15:00,0.21,0.22634721,lstm
2020-10-04 18:15:00,0.1456,0.15418647,lstm
2020-10-04 18:15:00,0.0836,0.09711527,lstm
2020-10-04 18:30:00,0.21,0.24173933,lstm
2020-10-04 18:30:00,0.1456,0.15178606,lstm
2020-10-04 18:30:00,0.0836,0.09388853,lstm
2020-10-04 18:30:00,0.033600003,0.04799907,lstm
2020-10-04 18:45:00,0.1456,0.16093074,lstm
2020-10-04 18:45:00,0.0836,0.08625922,lstm
2020-10-04 18:45:00,0.033600017,0.050443962,lstm
2020-10-04 18:45:00,0.005400002,0.020556927,lstm
2020-10-04 19:00:00,0.0836,0.08876128,lstm
2020-10-04 19:00:00,0.033600003,0.03893967,lstm
2020-10-04 19:00:00,0.005400002,0.018373623,lstm
2020-10-04 19:00:00,0.0,0.008329675,lstm
2020-10-04 19:15:00,0.033600003,0.04248549,lstm
2020-10-04 19:15:00,0.005400002,0.012076348,lstm
2020-10-04 19:15:00,0.0,0.0017382205,lstm
2020-10-04 19:15:00,0.0,0.001949802,lstm
2020-10-04 19:30:00,0.005400002,0.020286262,lstm
2020-10-04 19:30:00,0.0,0.00089481473,lstm
2020-10-04 19:30:00,0.0,-0.0037380308,lstm
2020-10-04 19:30:00,0.0,-0.00048193336,lstm
2020-10-04 19:45:00,0.0,0.010011286,lstm
2020-10-04 19:45:00,0.0,-0.0026631802,lstm
2020-10-04 19:45:00,0.0,-0.004018575,lstm
2020-10-04 19:45:00,0.0,-0.0002965927,lstm
2020-10-04 20:00:00,0.0,0.0036081672,lstm
2020-10-04 20:00:00,0.0,-0.003789723,lstm
2020-10-04 20:00:00,0.0,-0.0034778118,lstm
2020-10-04 20:00:00,0.0,7.57277e-05,lstm
2020-10-04 20:15:00,0.0,0.00030647218,lstm
2020-10-04 20:15:00,0.0,-0.0041906238,lstm
2020-10-04 20:15:00,0.0,-0.0028389692,lstm
2020-10-04 20:15:00,0.0,0.00024084747,lstm
2020-10-04 20:30:00,0.0,-0.0013047308,lstm
2020-10-04 20:30:00,0.0,-0.0043164045,lstm
2020-10-04 20:30:00,0.0,-0.0024417192,lstm
2020-10-04 20:30:00,0.0,0.00020700693,lstm
2020-10-04 20:45:00,0.0,-0.0021437407,lstm
2020-10-04 20:45:00,0.0,-0.004412845,lstm
2020-10-04 20:45:00,0.0,-0.0023378879,lstm
2020-10-04 20:45:00,0.0,0.00014331937,lstm
2020-10-04 21:00:00,0.0,-0.0025798976,lstm
2020-10-04 21:00:00,0.0,-0.0044464767,lstm
2020-10-04 21:00:00,0.0,-0.0022468567,lstm
2020-10-04 21:00:00,0.0,0.00015063584,lstm
2020-10-04 21:15:00,0.0,-0.0028704703,lstm
2020-10-04 21:15:00,0.0,-0.0041814,lstm
2020-10-04 21:15:00,0.0,-0.0022553504,lstm
2020-10-04 21:15:00,0.0,0.00030352175,lstm
2020-10-04 21:30:00,0.0,-0.0027390122,lstm
2020-10-04 21:30:00,0.0,-0.0041549653,lstm
2020-10-04 21:30:00,0.0,-0.0021318644,lstm
2020-10-04 21:30:00,0.0,0.00027266145,lstm
2020-10-04 21:45:00,0.0,-0.002693221,lstm
2020-10-04 21:45:00,0.0,-0.004167214,lstm
2020-10-04 21:45:00,0.0,-0.0021651387,lstm
2020-10-04 21:45:00,0.0,0.00016893446,lstm
2020-10-04 22:00:00,0.0,-0.0026628077,lstm
2020-10-04 22:00:00,0.0,-0.0041374564,lstm
2020-10-04 22:00:00,0.0,-0.0021484941,lstm
2020-10-04 22:00:00,0.0,0.00017668307,lstm
2020-10-04 22:15:00,0.0,-0.0026421696,lstm
2020-10-04 22:15:00,0.0,-0.004112497,lstm
2020-10-04 22:15:00,0.0,-0.002127543,lstm
2020-10-04 22:15:00,0.0,0.0001912117,lstm
2020-10-04 22:30:00,0.0,-0.0026311725,lstm
2020-10-04 22:30:00,0.0,-0.0040977597,lstm
2020-10-04 22:30:00,0.0,-0.0021095276,lstm
2020-10-04 22:30:00,0.0,0.00020463765,lstm
2020-10-04 22:45:00,0.0,-0.0026514232,lstm
2020-10-04 22:45:00,0.0,-0.004130587,lstm
2020-10-04 22:45:00,0.0,-0.002226442,lstm
2020-10-04 22:45:00,0.0,0.0001642257,lstm
2020-10-04 23:00:00,0.0,-0.002647519,lstm
2020-10-04 23:00:00,0.0,-0.004098788,lstm
2020-10-04 23:00:00,0.0,-0.002213508,lstm
2020-10-04 23:00:00,0.0,0.00020822883,lstm
2020-10-04 23:15:00,0.0,-0.0026437938,lstm
2020-10-04 23:15:00,0.0,-0.0040777624,lstm
2020-10-04 23:15:00,0.0,-0.0021978319,lstm
2020-10-04 23:15:00,0.0,0.00023844838,lstm
2020-10-04 23:30:00,0.0,-0.0026379079,lstm
2020-10-04 23:30:00,0.0,-0.00406006,lstm
2020-10-04 23:30:00,0.0,-0.0021854937,lstm
2020-10-04 23:30:00,0.0,0.00025898218,lstm
2020-10-04 23:45:00,0.0,-0.0026611388,lstm
2020-10-04 23:45:00,0.0,-0.0040787905,lstm
2020-10-04 23:45:00,0.0,-0.002294466,lstm
2020-10-04 23:45:00,0.0,0.0002194345,lstm
2020-10-05 00:00:00,0.0,-0.0026444197,lstm
2020-10-05 00:00:00,0.0,-0.0040284246,lstm
2020-10-05 00:00:00,0.0,-0.0022669137,lstm
2020-10-05 00:00:00,0.0,0.00027005374,lstm
2020-10-05 00:15:00,0.0,-0.0026298463,lstm
2020-10-05 00:15:00,0.0,-0.0039981455,lstm
2020-10-05 00:15:00,0.0,-0.0022366792,lstm
2020-10-05 00:15:00,0.0,0.00030723214,lstm
2020-10-05 00:30:00,0.0,-0.0026184618,lstm
2020-10-05 00:30:00,0.0,-0.0039769113,lstm
2020-10-05 00:30:00,0.0,-0.0022159666,lstm
2020-10-05 00:30:00,0.0,0.00032788515,lstm
2020-10-05 00:45:00,0.0,-0.0026403964,lstm
2020-10-05 00:45:00,0.0,-0.0039865226,lstm
2020-10-05 00:45:00,0.0,-0.002304867,lstm
2020-10-05 00:45:00,0.0,0.00028420985,lstm
2020-10-05 01:00:00,0.0,-0.0026265085,lstm
2020-10-05 01:00:00,0.0,-0.0039417,lstm
2020-10-05 01:00:00,0.0,-0.0022639632,lstm
2020-10-05 01:00:00,0.0,0.00031988323,lstm
2020-10-05 01:15:00,0.0,-0.0026142597,lstm
2020-10-05 01:15:00,0.0,-0.003922224,lstm
2020-10-05 01:15:00,0.0,-0.002252251,lstm
2020-10-05 01:15:00,0.0,0.00032810867,lstm
2020-10-05 01:30:00,0.0,-0.0026013851,lstm
2020-10-05 01:30:00,0.0,-0.0039090365,lstm
2020-10-05 01:30:00,0.0,-0.0022472292,lstm
2020-10-05 01:30:00,0.0,0.0003309399,lstm
2020-10-05 01:45:00,0.0,-0.0026260465,lstm
2020-10-05 01:45:00,0.0,-0.00392054,lstm
2020-10-05 01:45:00,0.0,-0.0023339242,lstm
2020-10-05 01:45:00,0.0,0.00026495755,lstm
2020-10-05 02:00:00,0.0,-0.0026054233,lstm
2020-10-05 02:00:00,0.0,-0.003880024,lstm
2020-10-05 02:00:00,0.0,-0.0022957176,lstm
2020-10-05 02:00:00,0.0,0.00028182566,lstm
2020-10-05 02:15:00,0.0,-0.0025850981,lstm
2020-10-05 02:15:00,0.0,-0.003865704,lstm
2020-10-05 02:15:00,0.0,-0.0022847503,lstm
2020-10-05 02:15:00,0.0,0.00027494133,lstm
2020-10-05 02:30:00,0.0,-0.0025616288,lstm
2020-10-05 02:30:00,0.0,-0.0038515776,lstm
2020-10-05 02:30:00,0.0,-0.0022938251,lstm
2020-10-05 02:30:00,0.0,0.00025865436,lstm
2020-10-05 02:45:00,0.0,-0.0025706142,lstm
2020-10-05 02:45:00,0.0,-0.0038547814,lstm
2020-10-05 02:45:00,0.0,-0.002349615,lstm
2020-10-05 02:45:00,0.0,0.00019018352,lstm
2020-10-05 03:00:00,0.0,-0.0025437772,lstm
2020-10-05 03:00:00,0.0,-0.003822863,lstm
2020-10-05 03:00:00,0.0,-0.0023078322,lstm
2020-10-05 03:00:00,0.0,0.0001809597,lstm
2020-10-05 03:15:00,0.0,-0.0025122613,lstm
2020-10-05 03:15:00,0.0,-0.003814593,lstm
2020-10-05 03:15:00,0.0,-0.0023027658,lstm
2020-10-05 03:15:00,0.0,0.00015224516,lstm
2020-10-05 03:30:00,0.0,-0.0024995506,lstm
2020-10-05 03:30:00,0.0,-0.0038219988,lstm
2020-10-05 03:30:00,0.0,-0.002297908,lstm
2020-10-05 03:30:00,0.0,0.00013613701,lstm
2020-10-05 03:45:00,0.0,-0.0025230646,lstm
2020-10-05 03:45:00,0.0,-0.0038318187,lstm
2020-10-05 03:45:00,0.0,-0.0023402572,lstm
2020-10-05 03:45:00,0.0,4.8592687e-05,lstm
2020-10-05 04:00:00,0.0,-0.002518773,lstm
2020-10-05 04:00:00,0.0,-0.003834024,lstm
2020-10-05 04:00:00,0.0,-0.0023258775,lstm
2020-10-05 04:00:00,0.0,1.1086464e-05,lstm
2020-10-05 04:15:00,0.0,-0.0025005937,lstm
2020-10-05 04:15:00,0.0,-0.0038496256,lstm
2020-10-05 04:15:00,0.0,-0.0023491532,lstm
2020-10-05 04:15:00,0.0,-4.2244792e-05,lstm
2020-10-05 04:30:00,0.0,-0.0024855882,lstm
2020-10-05 04:30:00,0.0,-0.003869161,lstm
2020-10-05 04:30:00,0.0,-0.002377808,lstm
2020-10-05 04:30:00,0.0,-8.171797e-05,lstm
2020-10-05 04:45:00,0.0,-0.0025232583,lstm
2020-10-05 04:45:00,0.0,-0.003898576,lstm
2020-10-05 04:45:00,0.0,-0.002407372,lstm
2020-10-05 04:45:00,0.0,-0.00015628338,lstm
2020-10-05 05:00:00,0.0,-0.0025241822,lstm
2020-10-05 05:00:00,0.0,-0.0039328635,lstm
2020-10-05 05:00:00,0.0,-0.0024273694,lstm
2020-10-05 05:00:00,0.0,-0.00022053719,lstm
2020-10-05 05:15:00,0.0,-0.0025074333,lstm
2020-10-05 05:15:00,0.0,-0.0039737076,lstm
2020-10-05 05:15:00,0.0,-0.0024708062,lstm
2020-10-05 05:15:00,0.0,-0.0002758503,lstm
2020-10-05 05:30:00,0.0,-0.0024924725,lstm
2020-10-05 05:30:00,0.0,-0.0040133297,lstm
2020-10-05 05:30:00,0.0,-0.0025135875,lstm
2020-10-05 05:30:00,0.0,-0.00031466782,lstm
2020-10-05 05:45:00,0.0,-0.0025527328,lstm
2020-10-05 05:45:00,0.0,-0.00407137,lstm
2020-10-05 05:45:00,0.0,-0.0025247931,lstm
2020-10-05 05:45:00,0.0,-0.00034564734,lstm
2020-10-05 06:00:00,0.0,-0.002575934,lstm
2020-10-05 06:00:00,0.0,-0.004156038,lstm
2020-10-05 06:00:00,0.0,-0.002567798,lstm
2020-10-05 06:00:00,0.0,-0.00039812922,lstm
2020-10-05 06:15:00,0.0,-0.0025608838,lstm
2020-10-05 06:15:00,0.0,-0.0042404085,lstm
2020-10-05 06:15:00,0.0,-0.002638802,lstm
2020-10-05 06:15:00,0.0,-0.00044068694,lstm
2020-10-05 06:30:00,0.0,-0.0025639087,lstm
2020-10-05 06:30:00,0.0,-0.0043269396,lstm
2020-10-05 06:30:00,0.0,-0.0026788712,lstm
2020-10-05 06:30:00,0.0,-0.00043973327,lstm
2020-10-05 06:45:00,0.0,-0.002638474,lstm
2020-10-05 06:45:00,0.0,-0.0044317394,lstm
2020-10-05 06:45:00,0.0,-0.0026583076,lstm
2020-10-05 06:45:00,0.0,-0.0003683716,lstm
2020-10-05 07:00:00,0.0,-0.0026998818,lstm
2020-10-05 07:00:00,0.0,-0.004594043,lstm
2020-10-05 07:00:00,0.0,-0.0026444495,lstm
2020-10-05 07:00:00,0.0,-0.00024269521,lstm
2020-10-05 07:15:00,0.0,-0.0027050525,lstm
2020-10-05 07:15:00,0.0,-0.004762575,lstm
2020-10-05 07:15:00,0.0,-0.0026213229,lstm
2020-10-05 07:15:00,0.0,1.7255545e-05,lstm
2020-10-05 07:30:00,0.0,-0.0026525855,lstm
2020-10-05 07:30:00,0.0,-0.0049433857,lstm
2020-10-05 07:30:00,0.0,-0.0024832934,lstm
2020-10-05 07:30:00,0.0013999939,0.0006546825,lstm
2020-10-05 07:45:00,0.0,-0.0025514066,lstm
2020-10-05 07:45:00,0.0,-0.0050309896,lstm
2020-10-05 07:45:00,0.0013999939,-0.0017436594,lstm
2020-10-05 07:45:00,0.019600004,0.0025967956,lstm
2020-10-05 08:00:00,0.0,-0.002295643,lstm
2020-10-05 08:00:00,0.0013999939,-0.004666075,lstm
2020-10-05 08:00:00,0.019600004,0.0011432171,lstm
2020-10-05 08:00:00,0.0608,0.009850666,lstm
2020-10-05 08:15:00,0.0013999939,-0.003131047,lstm
2020-10-05 08:15:00,0.019600004,0.0012724698,lstm
2020-10-05 08:15:00,0.0608,0.016942903,lstm
2020-10-05 08:15:00,0.11399999,0.04437743,lstm
2020-10-05 08:30:00,0.019600004,0.0017662793,lstm
2020-10-05 08:30:00,0.0608,0.028160289,lstm
2020-10-05 08:30:00,0.114,0.06782247,lstm
2020-10-05 08:30:00,0.184,0.12767233,lstm
2020-10-05 08:45:00,0.0608,0.039976075,lstm
2020-10-05 08:45:00,0.114,0.08759338,lstm
2020-10-05 08:45:00,0.184,0.15222526,lstm
2020-10-05 08:45:00,0.2526,0.22574624,lstm
2020-10-05 09:00:00,0.114,0.100162566,lstm
2020-10-05 09:00:00,0.184,0.16323645,lstm
2020-10-05 09:00:00,0.2526,0.2427508,lstm
2020-10-05 09:00:00,0.3232,0.31586796,lstm
2020-10-05 09:15:00,0.184,0.15610367,lstm
2020-10-05 09:15:00,0.2526,0.225818,lstm
2020-10-05 09:15:00,0.3232,0.30188784,lstm
2020-10-05 09:15:00,0.38600004,0.37499085,lstm
2020-10-05 09:30:00,0.2526,0.2234233,lstm
2020-10-05 09:30:00,0.3232,0.29074195,lstm
2020-10-05 09:30:00,0.386,0.35336894,lstm
2020-10-05 09:30:00,0.4468,0.43021876,lstm
2020-10-05 09:45:00,0.3232,0.29186577,lstm
2020-10-05 09:45:00,0.386,0.3586605,lstm
2020-10-05 09:45:00,0.4468,0.41424298,lstm
2020-10-05 09:45:00,0.5058,0.4896626,lstm
2020-10-05 10:00:00,0.386,0.36764935,lstm
2020-10-05 10:00:00,0.4468,0.42974037,lstm
2020-10-05 10:00:00,0.5058,0.48412174,lstm
2020-10-05 10:00:00,0.554,0.54777986,lstm
2020-10-05 10:15:00,0.4468,0.44070774,lstm
2020-10-05 10:15:00,0.5058,0.49454367,lstm
2020-10-05 10:15:00,0.554,0.54689825,lstm
2020-10-05 10:15:00,0.5986,0.594297,lstm
2020-10-05 10:30:00,0.5058,0.51083875,lstm
2020-10-05 10:30:00,0.554,0.55543274,lstm
2020-10-05 10:30:00,0.5986,0.6030967,lstm
2020-10-05 10:30:00,0.63979995,0.63953465,lstm
2020-10-05 10:45:00,0.554,0.57736206,lstm
2020-10-05 10:45:00,0.5986,0.6152433,lstm
2020-10-05 10:45:00,0.6398,0.6561196,lstm
2020-10-05 10:45:00,0.676,0.6893709,lstm
2020-10-05 11:00:00,0.5986,0.62768316,lstm
2020-10-05 11:00:00,0.6398,0.66322684,lstm
2020-10-05 11:00:00,0.676,0.6968283,lstm
2020-10-05 11:00:00,0.7078,0.7305983,lstm
2020-10-05 11:15:00,0.6398,0.66719157,lstm
2020-10-05 11:15:00,0.676,0.7022644,lstm
2020-10-05 11:15:00,0.7078,0.7299319,lstm
2020-10-05 11:15:00,0.7322,0.76470464,lstm
2020-10-05 11:30:00,0.676,0.69675946,lstm
2020-10-05 11:30:00,0.7077999,0.731763,lstm
2020-10-05 11:30:00,0.7322,0.7549795,lstm
2020-10-05 11:30:00,0.7574,0.78932196,lstm
2020-10-05 11:45:00,0.7078,0.71917766,lstm
2020-10-05 11:45:00,0.7322,0.75265396,lstm
2020-10-05 11:45:00,0.7574,0.77211493,lstm
2020-10-05 11:45:00,0.7782,0.8042828,lstm
2020-10-05 12:00:00,0.7322,0.7384163,lstm
2020-10-05 12:00:00,0.7573999,0.7685902,lstm
2020-10-05 12:00:00,0.7782,0.7849031,lstm
2020-10-05 12:00:00,0.7772,0.81365913,lstm
2020-10-05 12:15:00,0.7574,0.7559449,lstm
2020-10-05 12:15:00,0.7781999,0.7804092,lstm
2020-10-05 12:15:00,0.7771999,0.7933851,lstm
2020-10-05 12:15:00,0.794,0.8175087,lstm
2020-10-05 12:30:00,0.7782,0.7770263,lstm
2020-10-05 12:30:00,0.7772,0.7946466,lstm
2020-10-05 12:30:00,0.794,0.8049218,lstm
2020-10-05 12:30:00,0.803,0.82552636,lstm
2020-10-05 12:45:00,0.7772,0.78922427,lstm
2020-10-05 12:45:00,0.794,0.80170023,lstm
2020-10-05 12:45:00,0.803,0.80923325,lstm
2020-10-05 12:45:00,0.8142,0.82637644,lstm
2020-10-05 13:00:00,0.794,0.7778251,lstm
2020-10-05 13:00:00,0.803,0.78536403,lstm
2020-10-05 13:00:00,0.8142,0.7884801,lstm
2020-10-05 13:00:00,0.8222,0.7991492,lstm
2020-10-05 13:15:00,0.803,0.7837872,lstm
2020-10-05 13:15:00,0.8141999,0.7876768,lstm
2020-10-05 13:15:00,0.8222,0.79052687,lstm
2020-10-05 13:15:00,0.828,0.80184966,lstm
2020-10-05 13:30:00,0.8142,0.786789,lstm
2020-10-05 13:30:00,0.82219994,0.788996,lstm
2020-10-05 13:30:00,0.82800007,0.78969836,lstm
2020-10-05 13:30:00,0.8226,0.79969317,lstm
2020-10-05 13:45:00,0.8222,0.7963239,lstm
2020-10-05 13:45:00,0.82799995,0.7955297,lstm
2020-10-05 13:45:00,0.82259995,0.7930987,lstm
2020-10-05 13:45:00,0.8024,0.8011217,lstm
2020-10-05 14:00:00,0.828,0.80271554,lstm
2020-10-05 14:00:00,0.8226,0.7984618,lstm
2020-10-05 14:00:00,0.8024,0.79218256,lstm
2020-10-05 14:00:00,0.8134,0.79634833,lstm
2020-10-05 14:15:00,0.8226,0.8075575,lstm
2020-10-05 14:15:00,0.8024,0.79875743,lstm
2020-10-05 14:15:00,0.8134,0.7884072,lstm
2020-10-05 14:15:00,0.7998,0.78797877,lstm
2020-10-05 14:30:00,0.8024,0.8013482,lstm
2020-10-05 14:30:00,0.8133999,0.78838885,lstm
2020-10-05 14:30:00,0.7998,0.77313846,lstm
2020-10-05 14:30:00,0.7884,0.76674557,lstm
2020-10-05 14:45:00,0.8134,0.7820947,lstm
2020-10-05 14:45:00,0.7997999,0.7643349,lstm
2020-10-05 14:45:00,0.7884,0.7429886,lstm
2020-10-05 14:45:00,0.7752,0.7296072,lstm
2020-10-05 15:00:00,0.7998,0.7951951,lstm
2020-10-05 15:00:00,0.78840005,0.7692536,lstm
2020-10-05 15:00:00,0.7752,0.74429864,lstm
2020-10-05 15:00:00,0.74480003,0.7308218,lstm
2020-10-05 15:15:00,0.7884,0.7773662,lstm
2020-10-05 15:15:00,0.7752,0.7516382,lstm
2020-10-05 15:15:00,0.7448,0.7236864,lstm
2020-10-05 15:15:00,0.7126,0.70452875,lstm
2020-10-05 15:30:00,0.7752,0.76816815,lstm
2020-10-05 15:30:00,0.7448,0.7370398,lstm
2020-10-05 15:30:00,0.7126,0.7069186,lstm
2020-10-05 15:30:00,0.6848,0.6844925,lstm
2020-10-05 15:45:00,0.7448,0.75549114,lstm
2020-10-05 15:45:00,0.7126,0.7179866,lstm
2020-10-05 15:45:00,0.6848,0.68479735,lstm
2020-10-05 15:45:00,0.6252,0.65738356,lstm
2020-10-05 16:00:00,0.7126,0.73236424,lstm
2020-10-05 16:00:00,0.6848,0.6889492,lstm
2020-10-05 16:00:00,0.6252,0.6520024,lstm
2020-10-05 16:00:00,0.6078,0.6168343,lstm
2020-10-05 16:15:00,0.6848,0.7118763,lstm
2020-10-05 16:15:00,0.6252,0.65850323,lstm
2020-10-05 16:15:00,0.60779995,0.6169528,lstm
2020-10-05 16:15:00,0.5602,0.5742695,lstm
2020-10-05 16:30:00,0.6252,0.68980044,lstm
2020-10-05 16:30:00,0.6078,0.62652504,lstm
2020-10-05 16:30:00,0.5602,0.5821192,lstm
2020-10-05 16:30:00,0.51039994,0.5352412,lstm
2020-10-05 16:45:00,0.6078,0.6287711,lstm
2020-10-05 16:45:00,0.5602,0.56610215,lstm
2020-10-05 16:45:00,0.5104,0.5254073,lstm
2020-10-05 16:45:00,0.45280004,0.47603577,lstm
2020-10-05 17:00:00,0.5602,0.5949682,lstm
2020-10-05 17:00:00,0.5104,0.5261074,lstm
2020-10-05 17:00:00,0.45280004,0.4807396,lstm
2020-10-05 17:00:00,0.391,0.42902583,lstm
2020-10-05 17:15:00,0.51039994,0.53180707,lstm
2020-10-05 17:15:00,0.4528,0.47122845,lstm
2020-10-05 17:15:00,0.391,0.4224449,lstm
2020-10-05 17:15:00,0.331,0.3664729,lstm
2020-10-05 17:30:00,0.4528,0.47825387,lstm
2020-10-05 17:30:00,0.391,0.41738236,lstm
2020-10-05 17:30:00,0.331,0.36183292,lstm
2020-10-05 17:30:00,0.2642,0.30127275,lstm
2020-10-05 17:45:00,0.391,0.42515755,lstm
2020-10-05 17:45:00,0.331,0.3590089,lstm
2020-10-05 17:45:00,0.2642,0.29802024,lstm
2020-10-05 17:45:00,0.1894,0.23445356,lstm
2020-10-05 18:00:00,0.331,0.3649274,lstm
2020-10-05 18:00:00,0.2642,0.2932593,lstm
2020-10-05 18:00:00,0.1894,0.23006147,lstm
2020-10-05 18:00:00,0.1278,0.17024472,lstm
2020-10-05 18:15:00,0.2642,0.3015675,lstm
2020-10-05 18:15:00,0.1894,0.22467873,lstm
2020-10-05 18:15:00,0.1278,0.16048855,lstm
2020-10-05 18:15:00,0.0742,0.10785283,lstm
2020-10-05 18:30:00,0.1894,0.23289175,lstm
2020-10-05 18:30:00,0.1278,0.15509239,lstm
2020-10-05 18:30:00,0.0742,0.09877456,lstm
2020-10-05 18:30:00,0.030599996,0.055703774,lstm
2020-10-05 18:45:00,0.1278,0.15647492,lstm
2020-10-05 18:45:00,0.0742,0.08767321,lstm
2020-10-05 18:45:00,0.030599996,0.050337836,lstm
2020-10-05 18:45:00,0.003000006,0.020204037,lstm
2020-10-05 19:00:00,0.0742,0.088108234,lstm
2020-10-05 19:00:00,0.030599996,0.040998653,lstm
2020-10-05 19:00:00,0.003000006,0.018633977,lstm
2020-10-05 19:00:00,0.0,0.0063735098,lstm
2020-10-05 19:15:00,0.030599996,0.038560405,lstm
2020-10-05 19:15:00,0.003000006,0.012266055,lstm
2020-10-05 19:15:00,0.0,0.0010858625,lstm
2020-10-05 19:15:00,0.0,0.0006376803,lstm
2020-10-05 19:30:00,0.003000006,0.0154365,lstm
2020-10-05 19:30:00,0.0,0.0009739995,lstm
2020-10-05 19:30:00,0.0,-0.0036076456,lstm
2020-10-05 19:30:00,0.0,-0.0011409223,lstm
2020-10-05 19:45:00,0.0,0.005899921,lstm
2020-10-05 19:45:00,0.0,-0.0026222765,lstm
2020-10-05 19:45:00,0.0,-0.0039471835,lstm
2020-10-05 19:45:00,0.0,-0.0011378825,lstm
2020-10-05 20:00:00,0.0,0.001412198,lstm
2020-10-05 20:00:00,0.0,-0.0034773499,lstm
2020-10-05 20:00:00,0.0,-0.0031592697,lstm
2020-10-05 20:00:00,0.0,-0.000488773,lstm
2020-10-05 20:15:00,0.0,-0.0006248802,lstm
2020-10-05 20:15:00,0.0,-0.0038126707,lstm
2020-10-05 20:15:00,0.0,-0.0026330203,lstm
2020-10-05 20:15:00,0.0,-0.00019828975,lstm
2020-10-05 20:30:00,0.0,-0.0015399754,lstm
2020-10-05 20:30:00,0.0,-0.0039364398,lstm
2020-10-05 20:30:00,0.0,-0.0023162663,lstm
2020-10-05 20:30:00,0.0,-8.21203e-05,lstm
2020-10-05 20:45:00,0.0,-0.0019614547,lstm
2020-10-05 20:45:00,0.0,-0.0040488094,lstm
2020-10-05 20:45:00,0.0,-0.0022776276,lstm
2020-10-05 20:45:00,0.0,-7.0393085e-05,lstm
2020-10-05 21:00:00,0.0,-0.0022443235,lstm
2020-10-05 21:00:00,0.0,-0.0041068196,lstm
2020-10-05 21:00:00,0.0,-0.002222091,lstm
2020-10-05 21:00:00,0.0,1.0877848e-06,lstm
2020-10-05 21:15:00,0.0,-0.0023801774,lstm
2020-10-05 21:15:00,0.0,-0.0041161776,lstm
2020-10-05 21:15:00,0.0,-0.0021715164,lstm
2020-10-05 21:15:00,0.0,5.8978796e-05,lstm
2020-10-05 21:30:00,0.0,-0.0024541616,lstm
2020-10-05 21:30:00,0.0,-0.004107639,lstm
2020-10-05 21:30:00,0.0,-0.002129361,lstm
2020-10-05 21:30:00,0.0,0.00010544062,lstm
2020-10-05 21:45:00,0.0,-0.0025167316,lstm
2020-10-05 21:45:00,0.0,-0.0041559488,lstm
2020-10-05 21:45:00,0.0,-0.0022321045,lstm
2020-10-05 21:45:00,0.0,9.320676e-05,lstm
2020-10-05 22:00:00,0.0,-0.002555415,lstm
2020-10-05 22:00:00,0.0,-0.004144147,lstm
2020-10-05 22:00:00,0.0,-0.0022275,lstm
2020-10-05 22:00:00,0.0,0.00014519691,lstm
2020-10-05 22:15:00,0.0,-0.0025796443,lstm
2020-10-05 22:15:00,0.0,-0.0041200966,lstm
2020-10-05 22:15:00,0.0,-0.002201274,lstm
2020-10-05 22:15:00,0.0,0.0001925379,lstm
2020-10-05 22:30:00,0.0,-0.0025942326,lstm
2020-10-05 22:30:00,0.0,-0.0041032434,lstm
2020-10-05 22:30:00,0.0,-0.0021782666,lstm
2020-10-05 22:30:00,0.0,0.00022481382,lstm
2020-10-05 22:45:00,0.0,-0.0026317239,lstm
2020-10-05 22:45:00,0.0,-0.0041321367,lstm
2020-10-05 22:45:00,0.0,-0.0022858828,lstm
2020-10-05 22:45:00,0.0,0.00019666553,lstm
2020-10-05 23:00:00,0.0,-0.0026394427,lstm
2020-10-05 23:00:00,0.0,-0.0041023493,lstm
2020-10-05 23:00:00,0.0,-0.0022772253,lstm
2020-10-05 23:00:00,0.0,0.00024305284,lstm
2020-10-05 23:15:00,0.0,-0.0026408434,lstm
2020-10-05 23:15:00,0.0,-0.0040704757,lstm
2020-10-05 23:15:00,0.0,-0.0022515655,lstm
2020-10-05 23:15:00,0.0,0.00028413534,lstm
2020-10-05 23:30:00,0.0,-0.0026411861,lstm
2020-10-05 23:30:00,0.0,-0.004048988,lstm
2020-10-05 23:30:00,0.0,-0.0022296757,lstm
2020-10-05 23:30:00,0.0,0.0003118664,lstm
2020-10-05 23:45:00,0.0,-0.0026700795,lstm
2020-10-05 23:45:00,0.0,-0.004065156,lstm
2020-10-05 23:45:00,0.0,-0.002333656,lstm
2020-10-05 23:45:00,0.0,0.00027434528,lstm
2020-10-06 00:00:00,0.0,-0.0026583523,lstm
2020-10-06 00:00:00,0.0,-0.0040209442,lstm
2020-10-06 00:00:00,0.0,-0.0023028255,lstm
2020-10-06 00:00:00,0.0,0.00032418966,lstm
2020-10-06 00:15:00,0.0,-0.0026477575,lstm
2020-10-06 00:15:00,0.0,-0.0039903075,lstm
2020-10-06 00:15:00,0.0,-0.002271369,lstm
2020-10-06 00:15:00,0.0,0.0003568083,lstm
2020-10-06 00:30:00,0.0,-0.0026414245,lstm
2020-10-06 00:30:00,0.0,-0.0039680153,lstm
2020-10-06 00:30:00,0.0,-0.0022513568,lstm
2020-10-06 00:30:00,0.0,0.0003761351,lstm
2020-10-06 00:45:00,0.0,-0.0026651174,lstm
2020-10-06 00:45:00,0.0,-0.0039795786,lstm
2020-10-06 00:45:00,0.0,-0.0023456067,lstm
2020-10-06 00:45:00,0.0,0.00033071637,lstm
2020-10-06 01:00:00,0.0,-0.002650112,lstm
2020-10-06 01:00:00,0.0,-0.0039283484,lstm
2020-10-06 01:00:00,0.0,-0.0023062974,lstm
2020-10-06 01:00:00,0.0,0.00036893785,lstm
2020-10-06 01:15:00,0.0,-0.0026290715,lstm
2020-10-06 01:15:00,0.0,-0.0038965195,lstm
2020-10-06 01:15:00,0.0,-0.0022951663,lstm
2020-10-06 01:15:00,0.0,0.00038090348,lstm
2020-10-06 01:30:00,0.0,-0.0026203692,lstm
2020-10-06 01:30:00,0.0,-0.0038914233,lstm
2020-10-06 01:30:00,0.0,-0.0022791326,lstm
2020-10-06 01:30:00,0.0,0.00039698184,lstm
2020-10-06 01:45:00,0.0,-0.002639249,lstm
2020-10-06 01:45:00,0.0,-0.0038939565,lstm
2020-10-06 01:45:00,0.0,-0.002352938,lstm
2020-10-06 01:45:00,0.0,0.00032810867,lstm
2020-10-06 02:00:00,0.0,-0.0026146173,lstm
2020-10-06 02:00:00,0.0,-0.003851518,lstm
2020-10-06 02:00:00,0.0,-0.0023149103,lstm
2020-10-06 02:00:00,0.0,0.00033950806,lstm
2020-10-06 02:15:00,0.0,-0.0025893897,lstm
2020-10-06 02:15:00,0.0,-0.003842488,lstm
2020-10-06 02:15:00,0.0,-0.002318576,lstm
2020-10-06 02:15:00,0.0,0.0003258288,lstm
2020-10-06 02:30:00,0.0,-0.0025707036,lstm
2020-10-06 02:30:00,0.0,-0.0038311929,lstm
2020-10-06 02:30:00,0.0,-0.0023091584,lstm
2020-10-06 02:30:00,0.0,0.00032401085,lstm
2020-10-06 02:45:00,0.0,-0.0025909096,lstm
2020-10-06 02:45:00,0.0,-0.0038353056,lstm
2020-10-06 02:45:00,0.0,-0.0023587346,lstm
2020-10-06 02:45:00,0.0,0.0002527535,lstm
2020-10-06 03:00:00,0.0,-0.0025700182,lstm
2020-10-06 03:00:00,0.0,-0.0038105696,lstm
2020-10-06 03:00:00,0.0,-0.0023252964,lstm
2020-10-06 03:00:00,0.0,0.00023822486,lstm
2020-10-06 03:15:00,0.0,-0.0025489181,lstm
2020-10-06 03:15:00,0.0,-0.003810197,lstm
2020-10-06 03:15:00,0.0,-0.002324894,lstm
2020-10-06 03:15:00,0.0,0.00020770729,lstm
2020-10-06 03:30:00,0.0,-0.002532974,lstm
2020-10-06 03:30:00,0.0,-0.0038185716,lstm
2020-10-06 03:30:00,0.0,-0.0023375899,lstm
2020-10-06 03:30:00,0.0,0.00017648935,lstm
2020-10-06 03:45:00,0.0,-0.0025600195,lstm
2020-10-06 03:45:00,0.0,-0.0038342625,lstm
2020-10-06 03:45:00,0.0,-0.0023880452,lstm
2020-10-06 03:45:00,0.0,9.1448426e-05,lstm
2020-10-06 04:00:00,0.0,-0.002551794,lstm
2020-10-06 04:00:00,0.0,-0.003831938,lstm
2020-10-06 04:00:00,0.0,-0.0023670495,lstm
2020-10-06 04:00:00,0.0,6.1661005e-05,lstm
2020-10-06 04:15:00,0.0,-0.0025340766,lstm
2020-10-06 04:15:00,0.0,-0.0038493574,lstm
2020-10-06 04:15:00,0.0,-0.0023918152,lstm
2020-10-06 04:15:00,0.0,1.1369586e-05,lstm
2020-10-06 04:30:00,0.0,-0.0025051981,lstm
2020-10-06 04:30:00,0.0,-0.0038648397,lstm
2020-10-06 04:30:00,0.0,-0.0024298728,lstm
2020-10-06 04:30:00,0.0,-3.8430095e-05,lstm
2020-10-06 04:45:00,0.0,-0.0025424957,lstm
2020-10-06 04:45:00,0.0,-0.003899008,lstm
2020-10-06 04:45:00,0.0,-0.0024505109,lstm
2020-10-06 04:45:00,0.0,-0.00010342896,lstm
2020-10-06 05:00:00,0.0,-0.0025474876,lstm
2020-10-06 05:00:00,0.0,-0.003931865,lstm
2020-10-06 05:00:00,0.0,-0.0024607033,lstm
2020-10-06 05:00:00,0.0,-0.00016209483,lstm
2020-10-06 05:15:00,0.0,-0.0025274307,lstm
2020-10-06 05:15:00,0.0,-0.0039720833,lstm
2020-10-06 05:15:00,0.0,-0.0025075376,lstm
2020-10-06 05:15:00,0.0,-0.00022494793,lstm
2020-10-06 05:30:00,0.0,-0.0024936944,lstm
2020-10-06 05:30:00,0.0,-0.004008785,lstm
2020-10-06 05:30:00,0.0,-0.002569437,lstm
2020-10-06 05:30:00,0.0,-0.00028461218,lstm
2020-10-06 05:45:00,0.0,-0.002516657,lstm
2020-10-06 05:45:00,0.0,-0.0040477067,lstm
2020-10-06 05:45:00,0.0,-0.0025993884,lstm
2020-10-06 05:45:00,0.0,-0.0003350526,lstm
2020-10-06 06:00:00,0.0,-0.0025164485,lstm
2020-10-06 06:00:00,0.0,-0.004108563,lstm
2020-10-06 06:00:00,0.0,-0.002604574,lstm
2020-10-06 06:00:00,0.0,-0.0003542453,lstm
2020-10-06 06:15:00,0.0,-0.002504304,lstm
2020-10-06 06:15:00,0.0,-0.0041763037,lstm
2020-10-06 06:15:00,0.0,-0.0026370287,lstm
2020-10-06 06:15:00,0.0,-0.00037038326,lstm
2020-10-06 06:30:00,0.0,-0.0024897903,lstm
2020-10-06 06:30:00,0.0,-0.004245758,lstm
2020-10-06 06:30:00,0.0,-0.0026846677,lstm
2020-10-06 06:30:00,0.0,-0.0003772378,lstm
2020-10-06 06:45:00,0.0,-0.002552256,lstm
2020-10-06 06:45:00,0.0,-0.0043280274,lstm
2020-10-06 06:45:00,0.0,-0.0026567727,lstm
2020-10-06 06:45:00,0.0,-0.00029577315,lstm
2020-10-06 07:00:00,0.0,-0.0025826246,lstm
2020-10-06 07:00:00,0.0,-0.0044588,lstm
2020-10-06 07:00:00,0.0,-0.0026576817,lstm
2020-10-06 07:00:00,0.0,-0.00018407404,lstm
2020-10-06 07:15:00,0.0,-0.0025697052,lstm
2020-10-06 07:15:00,0.0,-0.004591927,lstm
2020-10-06 07:15:00,0.0,-0.0026386678,lstm
2020-10-06 07:15:00,0.0,5.708635e-05,lstm
2020-10-06 07:30:00,0.0,-0.0025203228,lstm
2020-10-06 07:30:00,0.0,-0.0047430694,lstm
2020-10-06 07:30:00,0.0,-0.0025239438,lstm
2020-10-06 07:30:00,0.00020000339,0.000616923,lstm
2020-10-06 07:45:00,0.0,-0.002429992,lstm
2020-10-06 07:45:00,0.0,-0.0048353076,lstm
2020-10-06 07:45:00,0.00020000339,-0.0019228905,lstm
2020-10-06 07:45:00,0.010999978,0.002255395,lstm
2020-10-06 08:00:00,0.0,-0.0021694154,lstm
2020-10-06 08:00:00,0.00020000339,-0.004619837,lstm
2020-10-06 08:00:00,0.0109999925,0.00041297078,lstm
2020-10-06 08:00:00,0.048600003,0.008308232,lstm
2020-10-06 08:15:00,0.00020000339,-0.0028914511,lstm
2020-10-06 08:15:00,0.011000007,0.0001090765,lstm
2020-10-06 08:15:00,0.048600003,0.013700858,lstm
2020-10-06 08:15:00,0.0936,0.037982434,lstm
2020-10-06 08:30:00,0.011000007,0.0004812032,lstm
2020-10-06 08:30:00,0.048600018,0.024121374,lstm
2020-10-06 08:30:00,0.0936,0.060037836,lstm
2020-10-06 08:30:00,0.145,0.11599755,lstm
2020-10-06 08:45:00,0.04859999,0.016183302,lstm
2020-10-06 08:45:00,0.0936,0.051621556,lstm
2020-10-06 08:45:00,0.145,0.102640174,lstm
2020-10-06 08:45:00,0.203,0.16844632,lstm
2020-10-06 09:00:00,0.0936,0.08373902,lstm
2020-10-06 09:00:00,0.145,0.13644895,lstm
2020-10-06 09:00:00,0.203,0.20711328,lstm
2020-10-06 09:00:00,0.2694,0.2746202,lstm
2020-10-06 09:15:00,0.145,0.13166972,lstm
2020-10-06 09:15:00,0.203,0.19377336,lstm
2020-10-06 09:15:00,0.2694,0.26689187,lstm
2020-10-06 09:15:00,0.3322,0.33367974,lstm
2020-10-06 09:30:00,0.203,0.18072689,lstm
2020-10-06 09:30:00,0.2694,0.24435624,lstm
2020-10-06 09:30:00,0.3322,0.30817395,lstm
2020-10-06 09:30:00,0.3958,0.37810963,lstm
2020-10-06 09:45:00,0.2694,0.24231668,lstm
2020-10-06 09:45:00,0.3322,0.30813426,lstm
2020-10-06 09:45:00,0.3958,0.36452478,lstm
2020-10-06 09:45:00,0.4504,0.43834615,lstm
2020-10-06 10:00:00,0.3322,0.31084135,lstm
2020-10-06 10:00:00,0.3958,0.37466824,lstm
2020-10-06 10:00:00,0.4504,0.4279039,lstm
2020-10-06 10:00:00,0.504,0.49761444,lstm
2020-10-06 10:15:00,0.3958,0.3791742,lstm
2020-10-06 10:15:00,0.4504,0.43789047,lstm
2020-10-06 10:15:00,0.504,0.4900586,lstm
2020-10-06 10:15:00,0.5506,0.54796726,lstm
2020-10-06 10:30:00,0.4504,0.4513488,lstm
2020-10-06 10:30:00,0.504,0.50108564,lstm
2020-10-06 10:30:00,0.55059993,0.55073744,lstm
2020-10-06 10:30:00,0.5962,0.5948853,lstm
2020-10-06 10:45:00,0.504,0.5199318,lstm
2020-10-06 10:45:00,0.5506,0.5617386,lstm
2020-10-06 10:45:00,0.5962,0.6064833,lstm
2020-10-06 10:45:00,0.6356,0.6416643,lstm
2020-10-06 11:00:00,0.5506,0.5809158,lstm
2020-10-06 11:00:00,0.5962,0.6177034,lstm
2020-10-06 11:00:00,0.6356,0.65579045,lstm
2020-10-06 11:00:00,0.6696,0.6893962,lstm
2020-10-06 11:15:00,0.5962,0.6287911,lstm
2020-10-06 11:15:00,0.6356,0.66394687,lstm
2020-10-06 11:15:00,0.6696,0.6952096,lstm
2020-10-06 11:15:00,0.7002,0.72943544,lstm
2020-10-06 11:30:00,0.6356,0.66790044,lstm
2020-10-06 11:30:00,0.6696,0.7025287,lstm
2020-10-06 11:30:00,0.7002,0.72840095,lstm
2020-10-06 11:30:00,0.7278,0.7631483,lstm
2020-10-06 11:45:00,0.6696,0.6959602,lstm
2020-10-06 11:45:00,0.70019996,0.7296771,lstm
2020-10-06 11:45:00,0.7278,0.7511914,lstm
2020-10-06 11:45:00,0.7498,0.78420967,lstm
2020-10-06 12:00:00,0.7002,0.71610916,lstm
2020-10-06 12:00:00,0.7278,0.7477021,lstm
2020-10-06 12:00:00,0.7498,0.7658467,lstm
2020-10-06 12:00:00,0.7172,0.7957387,lstm
2020-10-06 12:15:00,0.7278,0.7355216,lstm
2020-10-06 12:15:00,0.74979997,0.7630737,lstm
2020-10-06 12:15:00,0.7172,0.77821773,lstm
2020-10-06 12:15:00,0.699,0.80455893,lstm
2020-10-06 12:30:00,0.7498,0.75548756,lstm
2020-10-06 12:30:00,0.7171999,0.77730787,lstm
2020-10-06 12:30:00,0.699,0.78947467,lstm
2020-10-06 12:30:00,0.7684001,0.8118508,lstm
2020-10-06 12:45:00,0.7172,0.770189,lstm
2020-10-06 12:45:00,0.699,0.78563154,lstm
2020-10-06 12:45:00,0.7684,0.79391575,lstm
2020-10-06 12:45:00,0.7944,0.81178766,lstm
2020-10-06 13:00:00,0.699,0.7079992,lstm
2020-10-06 13:00:00,0.76839995,0.7183167,lstm
2020-10-06 13:00:00,0.7944,0.7190299,lstm
2020-10-06 13:00:00,0.7962,0.7247399,lstm
2020-10-06 13:15:00,0.7684,0.6725979,lstm
2020-10-06 13:15:00,0.7944,0.6739626,lstm
2020-10-06 13:15:00,0.7962,0.67530555,lstm
2020-10-06 13:15:00,0.7944,0.6818099,lstm
2020-10-06 13:30:00,0.7944,0.7615996,lstm
2020-10-06 13:30:00,0.7961999,0.7607095,lstm
2020-10-06 13:30:00,0.7944,0.7636122,lstm
2020-10-06 13:30:00,0.794,0.7787308,lstm
2020-10-06 13:45:00,0.7962,0.7715908,lstm
2020-10-06 13:45:00,0.7944,0.7733685,lstm
2020-10-06 13:45:00,0.794,0.77065575,lstm
2020-10-06 13:45:00,0.798,0.7794921,lstm
2020-10-06 14:00:00,0.7944,0.76600623,lstm
2020-10-06 14:00:00,0.794,0.76343334,lstm
2020-10-06 14:00:00,0.798,0.7561342,lstm
2020-10-06 14:00:00,0.785,0.75818145,lstm
2020-10-06 14:15:00,0.794,0.75902474,lstm
2020-10-06 14:15:00,0.798,0.7501074,lstm
2020-10-06 14:15:00,0.7850001,0.73816955,lstm
2020-10-06 14:15:00,0.7726,0.73533124,lstm
2020-10-06 14:30:00,0.798,0.76544756,lstm
2020-10-06 14:30:00,0.78499997,0.7515522,lstm
2020-10-06 14:30:00,0.7726,0.7359716,lstm
2020-10-06 14:30:00,0.7484,0.7305096,lstm
2020-10-06 14:45:00,0.785,0.77520335,lstm
2020-10-06 14:45:00,0.77259994,0.75714695,lstm
2020-10-06 14:45:00,0.7484,0.73642117,lstm
2020-10-06 14:45:00,0.729,0.72782457,lstm
2020-10-06 15:00:00,0.7726,0.7652596,lstm
2020-10-06 15:00:00,0.7484,0.74564767,lstm
2020-10-06 15:00:00,0.729,0.720914,lstm
2020-10-06 15:00:00,0.708,0.7070506,lstm
2020-10-06 15:15:00,0.7484,0.7593877,lstm
2020-10-06 15:15:00,0.729,0.73555446,lstm
2020-10-06 15:15:00,0.708,0.7074063,lstm
2020-10-06 15:15:00,0.6826,0.69050556,lstm
2020-10-06 15:30:00,0.729,0.7426645,lstm
2020-10-06 15:30:00,0.70799994,0.71681464,lstm
2020-10-06 15:30:00,0.6826,0.68622893,lstm
2020-10-06 15:30:00,0.6424,0.6653021,lstm
2020-10-06 15:45:00,0.708,0.73135644,lstm
2020-10-06 15:45:00,0.6826,0.6996548,lstm
2020-10-06 15:45:00,0.6424,0.6648189,lstm
2020-10-06 15:45:00,0.609,0.63937837,lstm
2020-10-06 16:00:00,0.6826,0.7174961,lstm
2020-10-06 16:00:00,0.6424,0.67792577,lstm
2020-10-06 16:00:00,0.60899997,0.6387451,lstm
2020-10-06 16:00:00,0.5684,0.60656846,lstm
2020-10-06 16:15:00,0.6424,0.6990411,lstm
2020-10-06 16:15:00,0.609,0.64672947,lstm
2020-10-06 16:15:00,0.5684,0.6035781,lstm
2020-10-06 16:15:00,0.5242,0.56313443,lstm
2020-10-06 16:30:00,0.609,0.667035,lstm
2020-10-06 16:30:00,0.5684,0.6037168,lstm
2020-10-06 16:30:00,0.5242,0.55867827,lstm
2020-10-06 16:30:00,0.473,0.51233095,lstm
2020-10-06 16:45:00,0.5684,0.6287915,lstm
2020-10-06 16:45:00,0.5242,0.5574564,lstm
2020-10-06 16:45:00,0.473,0.51087767,lstm
2020-10-06 16:45:00,0.4242,0.46123552,lstm
2020-10-06 17:00:00,0.5242,0.57232094,lstm
2020-10-06 17:00:00,0.473,0.50535893,lstm
2020-10-06 17:00:00,0.4242,0.45017153,lstm
2020-10-06 17:00:00,0.3778,0.3937583,lstm
2020-10-06 17:15:00,0.473,0.5091586,lstm
2020-10-06 17:15:00,0.4242,0.4450568,lstm
2020-10-06 17:15:00,0.3778,0.38438547,lstm
2020-10-06 17:15:00,0.2874,0.32405955,lstm
2020-10-06 17:30:00,0.4242,0.45595932,lstm
2020-10-06 17:30:00,0.3778,0.38957673,lstm
2020-10-06 17:30:00,0.2874,0.32660815,lstm
2020-10-06 17:30:00,0.2436,0.26415348,lstm
2020-10-06 17:45:00,0.3778,0.40542507,lstm
2020-10-06 17:45:00,0.2874,0.33270788,lstm
2020-10-06 17:45:00,0.2436,0.26570567,lstm
2020-10-06 17:45:00,0.134,0.20135432,lstm
2020-10-06 18:00:00,0.2874,0.35224473,lstm
2020-10-06 18:00:00,0.2436,0.27457663,lstm
2020-10-06 18:00:00,0.134,0.20540604,lstm
2020-10-06 18:00:00,0.0714,0.14570205,lstm
2020-10-06 18:15:00,0.2436,0.2697771,lstm
2020-10-06 18:15:00,0.134,0.19723152,lstm
2020-10-06 18:15:00,0.0714,0.136313,lstm
2020-10-06 18:15:00,0.028799996,0.08909092,lstm
2020-10-06 18:30:00,0.134,0.21020053,lstm
2020-10-06 18:30:00,0.0714,0.13858876,lstm
2020-10-06 18:30:00,0.028799996,0.08931679,lstm
2020-10-06 18:30:00,0.018199995,0.04971467,lstm
2020-10-06 18:45:00,0.0714,0.12939647,lstm
2020-10-06 18:45:00,0.028799996,0.07272417,lstm
2020-10-06 18:45:00,0.018199995,0.043281347,lstm
2020-10-06 18:45:00,0.0031999946,0.018228203,lstm
2020-10-06 19:00:00,0.028799996,0.06722112,lstm
2020-10-06 19:00:00,0.018199995,0.030671224,lstm
2020-10-06 19:00:00,0.0031999946,0.014239371,lstm
2020-10-06 19:00:00,0.0,0.005219668,lstm
2020-10-06 19:15:00,0.018199995,0.029772222,lstm
2020-10-06 19:15:00,0.0031999797,0.009102762,lstm
2020-10-06 19:15:00,0.0,0.0009520501,lstm
2020-10-06 19:15:00,0.0,0.0011352003,lstm
2020-10-06 19:30:00,0.0031999946,0.012565181,lstm
2020-10-06 19:30:00,0.0,0.0009600073,lstm
2020-10-06 19:30:00,0.0,-0.0019734353,lstm
2020-10-06 19:30:00,0.0,0.00011712313,lstm
2020-10-06 19:45:00,0.0,0.0047551394,lstm
2020-10-06 19:45:00,0.0,-0.0024624765,lstm
2020-10-06 19:45:00,0.0,-0.0032269806,lstm
2020-10-06 19:45:00,0.0,-0.0005595535,lstm
2020-10-06 20:00:00,0.0,0.0009784251,lstm
2020-10-06 20:00:00,0.0,-0.0035437495,lstm
2020-10-06 20:00:00,0.0,-0.0032137334,lstm
2020-10-06 20:00:00,0.0,-0.00037525594,lstm
2020-10-06 20:15:00,0.0,-0.0007453561,lstm
2020-10-06 20:15:00,0.0,-0.0039449185,lstm
2020-10-06 20:15:00,0.0,-0.002914831,lstm
2020-10-06 20:15:00,0.0,-0.00019043684,lstm
2020-10-06 20:30:00,0.0,-0.0015454292,lstm
2020-10-06 20:30:00,0.0,-0.004112035,lstm
2020-10-06 20:30:00,0.0,-0.0027023554,lstm
2020-10-06 20:30:00,0.0,-0.00012539327,lstm
2020-10-06 20:45:00,0.0,-0.001963988,lstm
2020-10-06 20:45:00,0.0,-0.0042449683,lstm
2020-10-06 20:45:00,0.0,-0.002681151,lstm
2020-10-06 20:45:00,0.0,-0.00011587143,lstm
2020-10-06 21:00:00,0.0,-0.0022033453,lstm
2020-10-06 21:00:00,0.0,-0.004305035,lstm
2020-10-06 21:00:00,0.0,-0.002659008,lstm
2020-10-06 21:00:00,0.0,-7.133186e-05,lstm
2020-10-06 21:15:00,0.0,-0.0023402423,lstm
2020-10-06 21:15:00,0.0,-0.0043202043,lstm
2020-10-06 21:15:00,0.0,-0.0026149154,lstm
2020-10-06 21:15:00,0.0,-1.8075109e-05,lstm
2020-10-06 21:30:00,0.0,-0.0024180263,lstm
2020-10-06 21:30:00,0.0,-0.00432083,lstm
2020-10-06 21:30:00,0.0,-0.002574265,lstm
2020-10-06 21:30:00,0.0,2.5779009e-05,lstm
2020-10-06 21:45:00,0.0,-0.0024794787,lstm
2020-10-06 21:45:00,0.0,-0.0043580383,lstm
2020-10-06 21:45:00,0.0,-0.002649203,lstm
2020-10-06 21:45:00,0.0,2.2932887e-05,lstm
2020-10-06 22:00:00,0.0,-0.0025276095,lstm
2020-10-06 22:00:00,0.0,-0.0043520033,lstm
2020-10-06 22:00:00,0.0,-0.0026414543,lstm
2020-10-06 22:00:00,0.0,7.107854e-05,lstm
2020-10-06 22:15:00,0.0,-0.002556622,lstm
2020-10-06 22:15:00,0.0,-0.0043379813,lstm
2020-10-06 22:15:00,0.0,-0.002633348,lstm
2020-10-06 22:15:00,0.0,0.000101581216,lstm
2020-10-06 22:30:00,0.0,-0.0025713444,lstm
2020-10-06 22:30:00,0.0,-0.004326254,lstm
2020-10-06 22:30:00,0.0,-0.0026199073,lstm
2020-10-06 22:30:00,0.0,0.00013682246,lstm
2020-10-06 22:45:00,0.0,-0.0025953948,lstm
2020-10-06 22:45:00,0.0,-0.0043459237,lstm
2020-10-06 22:45:00,0.0,-0.0027158707,lstm
2020-10-06 22:45:00,0.0,0.0001154989,lstm
2020-10-06 23:00:00,0.0,-0.002605632,lstm
2020-10-06 23:00:00,0.0,-0.004314244,lstm
2020-10-06 23:00:00,0.0,-0.0027090013,lstm
2020-10-06 23:00:00,0.0,0.00015805662,lstm
2020-10-06 23:15:00,0.0,-0.0026112199,lstm
2020-10-06 23:15:00,0.0,-0.0042885244,lstm
2020-10-06 23:15:00,0.0,-0.0026964992,lstm
2020-10-06 23:15:00,0.0,0.0001937449,lstm
2020-10-06 23:30:00,0.0,-0.0026178062,lstm
2020-10-06 23:30:00,0.0,-0.004265994,lstm
2020-10-06 23:30:00,0.0,-0.0026725978,lstm
2020-10-06 23:30:00,0.0,0.0002283305,lstm
2020-10-06 23:45:00,0.0,-0.0026368648,lstm
2020-10-06 23:45:00,0.0,-0.0042666644,lstm
2020-10-06 23:45:00,0.0,-0.0027545094,lstm
2020-10-06 23:45:00,0.0,0.0002039969,lstm
2020-10-07 00:00:00,0.0,-0.002625063,lstm
2020-10-07 00:00:00,0.0,-0.0042245537,lstm
2020-10-07 00:00:00,0.0,-0.002729252,lstm
2020-10-07 00:00:00,0.0,0.0002476573,lstm
2020-10-07 00:15:00,0.0,-0.0026183575,lstm
2020-10-07 00:15:00,0.0,-0.004193887,lstm
2020-10-07 00:15:00,0.0,-0.0027132034,lstm
2020-10-07 00:15:00,0.0,0.00027507544,lstm
2020-10-07 00:30:00,0.0,-0.0026087016,lstm
2020-10-07 00:30:00,0.0,-0.0041804165,lstm
2020-10-07 00:30:00,0.0,-0.0027100742,lstm
2020-10-07 00:30:00,0.0,0.00029408932,lstm
2020-10-07 00:45:00,0.0,-0.0026091337,lstm
2020-10-07 00:45:00,0.0,-0.004165441,lstm
2020-10-07 00:45:00,0.0,-0.0027862787,lstm
2020-10-07 00:45:00,0.0,0.0002619475,lstm
2020-10-07 01:00:00,0.0,-0.0025815964,lstm
2020-10-07 01:00:00,0.0,-0.004112661,lstm
2020-10-07 01:00:00,0.0,-0.0027515292,lstm
2020-10-07 01:00:00,0.0,0.0003014505,lstm
2020-10-07 01:15:00,0.0,-0.0025598854,lstm
2020-10-07 01:15:00,0.0,-0.0040831715,lstm
2020-10-07 01:15:00,0.0,-0.0027329922,lstm
2020-10-07 01:15:00,0.0,0.00032137334,lstm
2020-10-07 01:30:00,0.0,-0.0025434196,lstm
2020-10-07 01:30:00,0.0,-0.004064426,lstm
2020-10-07 01:30:00,0.0,-0.0027162284,lstm
2020-10-07 01:30:00,0.0,0.00033602118,lstm
2020-10-07 01:45:00,0.0,-0.0025440753,lstm
2020-10-07 01:45:00,0.0,-0.004038736,lstm
2020-10-07 01:45:00,0.0,-0.0027798414,lstm
2020-10-07 01:45:00,0.0,0.00028556585,lstm
2020-10-07 02:00:00,0.0,-0.0025056005,lstm
2020-10-07 02:00:00,0.0,-0.0039794594,lstm
2020-10-07 02:00:00,0.0,-0.0027228147,lstm
2020-10-07 02:00:00,0.0,0.0003258437,lstm
2020-10-07 02:15:00,0.0,-0.0024740994,lstm
2020-10-07 02:15:00,0.0,-0.003939599,lstm
2020-10-07 02:15:00,0.0,-0.00270316,lstm
2020-10-07 02:15:00,0.0,0.00032393634,lstm
2020-10-07 02:30:00,0.0,-0.0024466217,lstm
2020-10-07 02:30:00,0.0,-0.0039204806,lstm
2020-10-07 02:30:00,0.0,-0.0026838183,lstm
2020-10-07 02:30:00,0.0,0.0003362298,lstm
2020-10-07 02:45:00,0.0,-0.0024341792,lstm
2020-10-07 02:45:00,0.0,-0.003880024,lstm
2020-10-07 02:45:00,0.0,-0.0027139336,lstm
2020-10-07 02:45:00,0.0,0.00028385222,lstm
2020-10-07 03:00:00,0.0,-0.002384618,lstm
2020-10-07 03:00:00,0.0,-0.0038164854,lstm
2020-10-07 03:00:00,0.0,-0.0026477873,lstm
2020-10-07 03:00:00,0.0,0.00031210482,lstm
2020-10-07 03:15:00,0.0,-0.002342239,lstm
2020-10-07 03:15:00,0.0,-0.0037796348,lstm
2020-10-07 03:15:00,0.0,-0.0026147962,lstm
2020-10-07 03:15:00,0.0,0.00031140447,lstm
2020-10-07 03:30:00,0.0,-0.0023103505,lstm
2020-10-07 03:30:00,0.0,-0.0037641674,lstm
2020-10-07 03:30:00,0.0,-0.0025999397,lstm
2020-10-07 03:30:00,0.0,0.00030863285,lstm
2020-10-07 03:45:00,0.0,-0.0022990704,lstm
2020-10-07 03:45:00,0.0,-0.0037331134,lstm
2020-10-07 03:45:00,0.0,-0.0026191175,lstm
2020-10-07 03:45:00,0.0,0.00025698543,lstm
2020-10-07 04:00:00,0.0,-0.002254635,lstm
2020-10-07 04:00:00,0.0,-0.003690347,lstm
2020-10-07 04:00:00,0.0,-0.0025738925,lstm
2020-10-07 04:00:00,0.0,0.00026395917,lstm
2020-10-07 04:15:00,0.0,-0.002217874,lstm
2020-10-07 04:15:00,0.0,-0.0036766678,lstm
2020-10-07 04:15:00,0.0,-0.0025660843,lstm
2020-10-07 04:15:00,0.0,0.00025077164,lstm
2020-10-07 04:30:00,0.0,-0.0021963716,lstm
2020-10-07 04:30:00,0.0,-0.0036783963,lstm
2020-10-07 04:30:00,0.0,-0.002570495,lstm
2020-10-07 04:30:00,0.0,0.00023983419,lstm
2020-10-07 04:45:00,0.0,-0.0022088885,lstm
2020-10-07 04:45:00,0.0,-0.0036654472,lstm
2020-10-07 04:45:00,0.0,-0.0025850087,lstm
2020-10-07 04:45:00,0.0,0.00019824505,lstm
2020-10-07 05:00:00,0.0,-0.0021838248,lstm
2020-10-07 05:00:00,0.0,-0.003653586,lstm
2020-10-07 05:00:00,0.0,-0.0025659502,lstm
2020-10-07 05:00:00,0.0,0.00019447505,lstm
2020-10-07 05:15:00,0.0,-0.002150908,lstm
2020-10-07 05:15:00,0.0,-0.003663838,lstm
2020-10-07 05:15:00,0.0,-0.0025840253,lstm
2020-10-07 05:15:00,0.0,0.00017409027,lstm
2020-10-07 05:30:00,0.0,-0.0021240413,lstm
2020-10-07 05:30:00,0.0,-0.0036788285,lstm
2020-10-07 05:30:00,0.0,-0.002609551,lstm
2020-10-07 05:30:00,0.0,0.00014936924,lstm
2020-10-07 05:45:00,0.0,-0.002142787,lstm
2020-10-07 05:45:00,0.0,-0.003685087,lstm
2020-10-07 05:45:00,0.0,-0.0025988221,lstm
2020-10-07 05:45:00,0.0,0.00014357269,lstm
2020-10-07 06:00:00,0.0,-0.0021357834,lstm
2020-10-07 06:00:00,0.0,-0.0037143826,lstm
2020-10-07 06:00:00,0.0,-0.00258106,lstm
2020-10-07 06:00:00,0.0,0.00016401708,lstm
2020-10-07 06:15:00,0.0,-0.002117455,lstm
2020-10-07 06:15:00,0.0,-0.0037578046,lstm
2020-10-07 06:15:00,0.0,-0.002600506,lstm
2020-10-07 06:15:00,0.0,0.00016920269,lstm
2020-10-07 06:30:00,0.0,-0.0021038651,lstm
2020-10-07 06:30:00,0.0,-0.003810808,lstm
2020-10-07 06:30:00,0.0,-0.0026293397,lstm
2020-10-07 06:30:00,0.0,0.00017264485,lstm
2020-10-07 06:45:00,0.0,-0.0021657348,lstm
2020-10-07 06:45:00,0.0,-0.0038636178,lstm
2020-10-07 06:45:00,0.0,-0.0025767982,lstm
2020-10-07 06:45:00,0.0,0.00027818978,lstm
2020-10-07 07:00:00,0.0,-0.002209574,lstm
2020-10-07 07:00:00,0.0,-0.0039676726,lstm
2020-10-07 07:00:00,0.0,-0.0025337338,lstm
2020-10-07 07:00:00,0.0,0.0004117489,lstm
2020-10-07 07:15:00,0.0,-0.0022111833,lstm
2020-10-07 07:15:00,0.0,-0.0040881783,lstm
2020-10-07 07:15:00,0.0,-0.0024904758,lstm
2020-10-07 07:15:00,0.0,0.00064212084,lstm
2020-10-07 07:30:00,0.0,-0.0021754354,lstm
2020-10-07 07:30:00,0.0,-0.004223302,lstm
2020-10-07 07:30:00,0.0,-0.0023811907,lstm
2020-10-07 07:30:00,0.0,0.0011429191,lstm
2020-10-07 07:45:00,0.0,-0.0021081269,lstm
2020-10-07 07:45:00,0.0,-0.0042850077,lstm
2020-10-07 07:45:00,0.0,-0.0018086433,lstm
2020-10-07 07:45:00,0.0044,0.0026552975,lstm
2020-10-07 08:00:00,0.0,-0.001899898,lstm
2020-10-07 08:00:00,0.0,-0.0040364414,lstm
2020-10-07 08:00:00,0.004399985,0.00028553605,lstm
2020-10-07 08:00:00,0.020999998,0.007931754,lstm
2020-10-07 08:15:00,0.0,-0.0024728775,lstm
2020-10-07 08:15:00,0.0044,-0.00041677058,lstm
2020-10-07 08:15:00,0.020999998,0.010506958,lstm
2020-10-07 08:15:00,0.042799994,0.030905038,lstm
2020-10-07 08:30:00,0.0044,-0.000719592,lstm
2020-10-07 08:30:00,0.020999998,0.01818356,lstm
2020-10-07 08:30:00,0.042799994,0.046759993,lstm
2020-10-07 08:30:00,0.0676,0.09412267,lstm
2020-10-07 08:45:00,0.020999998,0.007367432,lstm
2020-10-07 08:45:00,0.04280001,0.03719373,lstm
2020-10-07 08:45:00,0.0676,0.07954816,lstm
2020-10-07 08:45:00,0.096,0.13899869,lstm
2020-10-07 09:00:00,0.04280001,0.041642234,lstm
2020-10-07 09:00:00,0.0676,0.086186886,lstm
2020-10-07 09:00:00,0.096,0.14448227,lstm
2020-10-07 09:00:00,0.166,0.20824161,lstm
2020-10-07 09:15:00,0.0676,0.06978031,lstm
2020-10-07 09:15:00,0.096,0.12320261,lstm
2020-10-07 09:15:00,0.166,0.18466304,lstm
2020-10-07 09:15:00,0.1864,0.24312577,lstm
2020-10-07 09:30:00,0.096,0.09631899,lstm
2020-10-07 09:30:00,0.166,0.15234935,lstm
2020-10-07 09:30:00,0.1864,0.21036454,lstm
2020-10-07 09:30:00,0.2408,0.2628268,lstm
2020-10-07 09:45:00,0.166,0.13072969,lstm
2020-10-07 09:45:00,0.1864,0.18964566,lstm
2020-10-07 09:45:00,0.2408,0.24361044,lstm
2020-10-07 09:45:00,0.1814,0.29459468,lstm
2020-10-07 10:00:00,0.1864,0.21112055,lstm
2020-10-07 10:00:00,0.2408,0.26908052,lstm
2020-10-07 10:00:00,0.1814,0.31806582,lstm
2020-10-07 10:00:00,0.1758,0.37435126,lstm
2020-10-07 10:15:00,0.2408,0.21604057,lstm
2020-10-07 10:15:00,0.1814,0.27451742,lstm
2020-10-07 10:15:00,0.1758,0.31574172,lstm
2020-10-07 10:15:00,0.2196,0.37133592,lstm
2020-10-07 10:30:00,0.1814,0.2807477,lstm
2020-10-07 10:30:00,0.1758,0.33457446,lstm
2020-10-07 10:30:00,0.2196,0.375517,lstm
2020-10-07 10:30:00,0.243,0.42929202,lstm
2020-10-07 10:45:00,0.1758,0.23262471,lstm
2020-10-07 10:45:00,0.2196,0.29248315,lstm
2020-10-07 10:45:00,0.243,0.33064827,lstm
2020-10-07 10:45:00,0.1894,0.3714872,lstm
2020-10-07 11:00:00,0.2196,0.23987496,lstm
2020-10-07 11:00:00,0.243,0.29217285,lstm
2020-10-07 11:00:00,0.1894,0.33331066,lstm
2020-10-07 11:00:00,0.1352,0.36754692,lstm
2020-10-07 11:15:00,0.243,0.3193118,lstm
2020-10-07 11:15:00,0.1894,0.36273956,lstm
2020-10-07 11:15:00,0.1352,0.40159196,lstm
2020-10-07 11:15:00,0.1482,0.42974764,lstm
2020-10-07 11:30:00,0.1894,0.32605964,lstm
2020-10-07 11:30:00,0.1352,0.3609798,lstm
2020-10-07 11:30:00,0.1482,0.39394307,lstm
2020-10-07 11:30:00,0.1544,0.41913372,lstm
2020-10-07 11:45:00,0.1352,0.27425274,lstm
2020-10-07 11:45:00,0.1482,0.29930753,lstm
2020-10-07 11:45:00,0.1544,0.3284964,lstm
2020-10-07 11:45:00,0.1878,0.35009715,lstm
2020-10-07 12:00:00,0.1482,0.23240973,lstm
2020-10-07 12:00:00,0.1544,0.24973777,lstm
2020-10-07 12:00:00,0.1878,0.27296394,lstm
2020-10-07 12:00:00,0.237,0.2879504,lstm
2020-10-07 12:15:00,0.1544,0.28015214,lstm
2020-10-07 12:15:00,0.1878,0.29689947,lstm
2020-10-07 12:15:00,0.237,0.3220114,lstm
2020-10-07 12:15:00,0.2226,0.33652264,lstm
2020-10-07 12:30:00,0.1878,0.27943757,lstm
2020-10-07 12:30:00,0.237,0.3014931,lstm
2020-10-07 12:30:00,0.2226,0.32307726,lstm
2020-10-07 12:30:00,0.2772,0.33578116,lstm
2020-10-07 12:45:00,0.237,0.32807827,lstm
2020-10-07 12:45:00,0.2226,0.34935725,lstm
2020-10-07 12:45:00,0.2772,0.3639332,lstm
2020-10-07 12:45:00,0.2938,0.36989868,lstm
2020-10-07 13:00:00,0.2226,0.35028976,lstm
2020-10-07 13:00:00,0.2772,0.36558133,lstm
2020-10-07 13:00:00,0.2938,0.37292516,lstm
2020-10-07 13:00:00,0.45060003,0.3783288,lstm
2020-10-07 13:15:00,0.2772,0.29970807,lstm
2020-10-07 13:15:00,0.2938,0.31364757,lstm
2020-10-07 13:15:00,0.45060003,0.3242296,lstm
2020-10-07 13:15:00,0.3818,0.33951712,lstm
2020-10-07 13:30:00,0.2938,0.35987365,lstm
2020-10-07 13:30:00,0.4506,0.3683219,lstm
2020-10-07 13:30:00,0.3818,0.3769858,lstm
2020-10-07 13:30:00,0.48720002,0.39190757,lstm
2020-10-07 13:45:00,0.4506,0.34180048,lstm
2020-10-07 13:45:00,0.3818,0.35255486,lstm
2020-10-07 13:45:00,0.48720002,0.3651849,lstm
2020-10-07 13:45:00,0.44600004,0.3893816,lstm
2020-10-07 14:00:00,0.3818,0.4653083,lstm
2020-10-07 14:00:00,0.4872,0.46126527,lstm
2020-10-07 14:00:00,0.44600004,0.45758253,lstm
2020-10-07 14:00:00,0.45600003,0.47343397,lstm
2020-10-07 14:15:00,0.4872,0.40545136,lstm
2020-10-07 14:15:00,0.446,0.4217622,lstm
2020-10-07 14:15:00,0.45600003,0.4277143,lstm
2020-10-07 14:15:00,0.45860004,0.45313686,lstm
2020-10-07 14:30:00,0.446,0.5000156,lstm
2020-10-07 14:30:00,0.456,0.4991028,lstm
2020-10-07 14:30:00,0.45860004,0.49582827,lstm
2020-10-07 14:30:00,0.44340003,0.5191281,lstm
2020-10-07 14:45:00,0.456,0.49286732,lstm
2020-10-07 14:45:00,0.4586,0.49870527,lstm
2020-10-07 14:45:00,0.44340003,0.4957704,lstm
2020-10-07 14:45:00,0.3286,0.51185316,lstm
2020-10-07 15:00:00,0.4586,0.516917,lstm
2020-10-07 15:00:00,0.4434,0.5128237,lstm
2020-10-07 15:00:00,0.3286,0.50747997,lstm
2020-10-07 15:00:00,0.2892,0.5198312,lstm
2020-10-07 15:15:00,0.4434,0.52238095,lstm
2020-10-07 15:15:00,0.3286,0.5136486,lstm
2020-10-07 15:15:00,0.2892,0.5069602,lstm
2020-10-07 15:15:00,0.2974,0.5135127,lstm
2020-10-07 15:30:00,0.3286,0.53208244,lstm
2020-10-07 15:30:00,0.2892,0.5187235,lstm
2020-10-07 15:30:00,0.2974,0.50960517,lstm
2020-10-07 15:30:00,0.322,0.5106746,lstm
2020-10-07 15:45:00,0.2892,0.47891694,lstm
2020-10-07 15:45:00,0.2974,0.4862333,lstm
2020-10-07 15:45:00,0.322,0.47558373,lstm
2020-10-07 15:45:00,0.2428,0.4645195,lstm
2020-10-07 16:00:00,0.2974,0.45392632,lstm
2020-10-07 16:00:00,0.322,0.44129813,lstm
2020-10-07 16:00:00,0.2428,0.42511302,lstm
2020-10-07 16:00:00,0.2636,0.40269345,lstm
2020-10-07 16:15:00,0.322,0.42960566,lstm
2020-10-07 16:15:00,0.2428,0.3935362,lstm
2020-10-07 16:15:00,0.2636,0.3633666,lstm
2020-10-07 16:15:00,0.237,0.32895455,lstm
2020-10-07 16:30:00,0.2428,0.40179262,lstm
2020-10-07 16:30:00,0.2636,0.35094064,lstm
2020-10-07 16:30:00,0.237,0.30520105,lstm
2020-10-07 16:30:00,0.2256,0.26418734,lstm
2020-10-07 16:45:00,0.2636,0.31504238,lstm
2020-10-07 16:45:00,0.237,0.27113563,lstm
2020-10-07 16:45:00,0.2256,0.2233618,lstm
2020-10-07 16:45:00,0.2924,0.18065548,lstm
2020-10-07 17:00:00,0.237,0.2936227,lstm
2020-10-07 17:00:00,0.2256,0.23420613,lstm
2020-10-07 17:00:00,0.2924,0.17833708,lstm
2020-10-07 17:00:00,0.2686,0.13647616,lstm
2020-10-07 17:15:00,0.2256,0.2671818,lstm
2020-10-07 17:15:00,0.2924,0.20189287,lstm
2020-10-07 17:15:00,0.2686,0.14249967,lstm
2020-10-07 17:15:00,0.1434,0.10228238,lstm
2020-10-07 17:30:00,0.2924,0.23834793,lstm
2020-10-07 17:30:00,0.2686,0.17259353,lstm
2020-10-07 17:30:00,0.1434,0.11368679,lstm
2020-10-07 17:30:00,0.1522,0.07504755,lstm
2020-10-07 17:45:00,0.2686,0.23518445,lstm
2020-10-07 17:45:00,0.1434,0.17089877,lstm
2020-10-07 17:45:00,0.1522,0.1081125,lstm
2020-10-07 17:45:00,0.157,0.0685524,lstm
2020-10-07 18:00:00,0.1434,0.20322295,lstm
2020-10-07 18:00:00,0.1522,0.1403125,lstm
2020-10-07 18:00:00,0.157,0.08373725,lstm
2020-10-07 18:00:00,0.0636,0.044638693,lstm
2020-10-07 18:15:00,0.1522,0.13233228,lstm
2020-10-07 18:15:00,0.157,0.07484348,lstm
2020-10-07 18:15:00,0.0636,0.036448926,lstm
2020-10-07 18:15:00,0.050799996,0.01275745,lstm
2020-10-07 18:30:00,0.157,0.10050894,lstm
2020-10-07 18:30:00,0.0636,0.055052564,lstm
2020-10-07 18:30:00,0.050799996,0.026592582,lstm
2020-10-07 18:30:00,0.010800004,0.008833572,lstm
2020-10-07 18:45:00,0.0636,0.05635847,lstm
2020-10-07 18:45:00,0.050799996,0.027459517,lstm
2020-10-07 18:45:00,0.010800004,0.009841591,lstm
2020-10-07 18:45:00,0.00020000339,0.0031888038,lstm
2020-10-07 19:00:00,0.050799996,0.025645077,lstm
2020-10-07 19:00:00,0.010800004,0.006023228,lstm
2020-10-07 19:00:00,0.00020000339,-0.0032612234,lstm
2020-10-07 19:00:00,0.0,-0.001982823,lstm
2020-10-07 19:15:00,0.010799989,0.011928275,lstm
2020-10-07 19:15:00,0.00020000339,8.788705e-05,lstm
2020-10-07 19:15:00,0.0,-0.0031501353,lstm
2020-10-07 19:15:00,0.0,-0.0015685111,lstm
2020-10-07 19:30:00,0.00020000339,0.0048383325,lstm
2020-10-07 19:30:00,0.0,-0.0032287836,lstm
2020-10-07 19:30:00,0.0,-0.004493341,lstm
2020-10-07 19:30:00,0.0,-0.0018465817,lstm
2020-10-07 19:45:00,0.0,0.001295954,lstm
2020-10-07 19:45:00,0.0,-0.0036794245,lstm
2020-10-07 19:45:00,0.0,-0.0034095347,lstm
2020-10-07 19:45:00,0.0,-0.0008986294,lstm
2020-10-07 20:00:00,0.0,-0.0003873706,lstm
2020-10-07 20:00:00,0.0,-0.0037975311,lstm
2020-10-07 20:00:00,0.0,-0.002654314,lstm
2020-10-07 20:00:00,0.0,-0.0003709048,lstm
2020-10-07 20:15:00,0.0,-0.0012747645,lstm
2020-10-07 20:15:00,0.0,-0.00387156,lstm
2020-10-07 20:15:00,0.0,-0.0022776723,lstm
2020-10-07 20:15:00,0.0,-0.000192523,lstm
2020-10-07 20:30:00,0.0,-0.0017571002,lstm
2020-10-07 20:30:00,0.0,-0.003931582,lstm
2020-10-07 20:30:00,0.0,-0.002084136,lstm
2020-10-07 20:30:00,0.0,-0.00010383129,lstm
2020-10-07 20:45:00,0.0,-0.0020027459,lstm
2020-10-07 20:45:00,0.0,-0.0040177107,lstm
2020-10-07 20:45:00,0.0,-0.002120167,lstm
2020-10-07 20:45:00,0.0,-0.00010417402,lstm
2020-10-07 21:00:00,0.0,-0.0021793246,lstm
2020-10-07 21:00:00,0.0,-0.004037529,lstm
2020-10-07 21:00:00,0.0,-0.0020884722,lstm
2020-10-07 21:00:00,0.0,-2.9489398e-05,lstm
2020-10-07 21:15:00,0.0,-0.0022767931,lstm
2020-10-07 21:15:00,0.0,-0.0040218085,lstm
2020-10-07 21:15:00,0.0,-0.0020383596,lstm
2020-10-07 21:15:00,0.0,4.3913722e-05,lstm
2020-10-07 21:30:00,0.0,-0.002337873,lstm
2020-10-07 21:30:00,0.0,-0.0040040314,lstm
2020-10-07 21:30:00,0.0,-0.0019926727,lstm
2020-10-07 21:30:00,0.0,0.00010339916,lstm
2020-10-07 21:45:00,0.0,-0.0024468005,lstm
2020-10-07 21:45:00,0.0,-0.0040674508,lstm
2020-10-07 21:45:00,0.0,-0.0020846725,lstm
2020-10-07 21:45:00,0.0,0.0001104027,lstm
2020-10-07 22:00:00,0.0,-0.0024855286,lstm
2020-10-07 22:00:00,0.0,-0.0040461123,lstm
2020-10-07 22:00:00,0.0,-0.0020640641,lstm
2020-10-07 22:00:00,0.0,0.00017485023,lstm
2020-10-07 22:15:00,0.0,-0.0024942607,lstm
2020-10-07 22:15:00,0.0,-0.004013285,lstm
2020-10-07 22:15:00,0.0,-0.0020440966,lstm
2020-10-07 22:15:00,0.0,0.00021995604,lstm
2020-10-07 22:30:00,0.0,-0.0025069565,lstm
2020-10-07 22:30:00,0.0,-0.0039842874,lstm
2020-10-07 22:30:00,0.0,-0.002010122,lstm
2020-10-07 22:30:00,0.0,0.00026994944,lstm
2020-10-07 22:45:00,0.0,-0.0025705546,lstm
2020-10-07 22:45:00,0.0,-0.004028961,lstm
2020-10-07 22:45:00,0.0,-0.002125755,lstm
2020-10-07 22:45:00,0.0,0.0002475977,lstm
2020-10-07 23:00:00,0.0,-0.0025705397,lstm
2020-10-07 23:00:00,0.0,-0.003992632,lstm
2020-10-07 23:00:00,0.0,-0.0021042675,lstm
2020-10-07 23:00:00,0.0,0.00029951334,lstm
2020-10-07 23:15:00,0.0,-0.00257124,lstm
2020-10-07 23:15:00,0.0,-0.0039632767,lstm
2020-10-07 23:15:00,0.0,-0.002080217,lstm
2020-10-07 23:15:00,0.0,0.00034050643,lstm
2020-10-07 23:30:00,0.0,-0.0025653243,lstm
2020-10-07 23:30:00,0.0,-0.0039375126,lstm
2020-10-07 23:30:00,0.0,-0.0020606369,lstm
2020-10-07 23:30:00,0.0,0.00036931038,lstm
2020-10-07 23:45:00,0.0,-0.0026156455,lstm
2020-10-07 23:45:00,0.0,-0.00397034,lstm
2020-10-07 23:45:00,0.0,-0.00217852,lstm
2020-10-07 23:45:00,0.0,0.00032758713,lstm
2020-10-08 00:00:00,0.0,-0.0025976002,lstm
2020-10-08 00:00:00,0.0,-0.003912732,lstm
2020-10-08 00:00:00,0.0,-0.0021316856,lstm
2020-10-08 00:00:00,0.0,0.00038158894,lstm
2020-10-08 00:15:00,0.0,-0.0025983453,lstm
2020-10-08 00:15:00,0.0,-0.0038868934,lstm
2020-10-08 00:15:00,0.0,-0.002082646,lstm
2020-10-08 00:15:00,0.0,0.0004172027,lstm
2020-10-08 00:30:00,0.0,-0.002593875,lstm
2020-10-08 00:30:00,0.0,-0.0038654357,lstm
2020-10-08 00:30:00,0.0,-0.002075076,lstm
2020-10-08 00:30:00,0.0,0.0004184246,lstm
2020-10-08 00:45:00,0.0,-0.0026329458,lstm
2020-10-08 00:45:00,0.0,-0.0038882345,lstm
2020-10-08 00:45:00,0.0,-0.002187997,lstm
2020-10-08 00:45:00,0.0,0.00036153197,lstm
2020-10-08 01:00:00,0.0,-0.0026013702,lstm
2020-10-08 01:00:00,0.0,-0.0038276017,lstm
2020-10-08 01:00:00,0.0,-0.0021779686,lstm
2020-10-08 01:00:00,0.0,0.0003823489,lstm
2020-10-08 01:15:00,0.0,-0.002583772,lstm
2020-10-08 01:15:00,0.0,-0.003799215,lstm
2020-10-08 01:15:00,0.0,-0.0021392405,lstm
2020-10-08 01:15:00,0.0,0.00042249262,lstm
2020-10-08 01:30:00,0.0,-0.0025732666,lstm
2020-10-08 01:30:00,0.0,-0.0037876219,lstm
2020-10-08 01:30:00,0.0,-0.0021211505,lstm
2020-10-08 01:30:00,0.0,0.00042566657,lstm
2020-10-08 01:45:00,0.0,-0.0026108772,lstm
2020-10-08 01:45:00,0.0,-0.0038035065,lstm
2020-10-08 01:45:00,0.0,-0.0022129416,lstm
2020-10-08 01:45:00,0.0,0.0003490448,lstm
2020-10-08 02:00:00,0.0,-0.002583921,lstm
2020-10-08 02:00:00,0.0,-0.0037607253,lstm
2020-10-08 02:00:00,0.0,-0.00217399,lstm
2020-10-08 02:00:00,0.0,0.00035706162,lstm
2020-10-08 02:15:00,0.0,-0.0025624037,lstm
2020-10-08 02:15:00,0.0,-0.003745973,lstm
2020-10-08 02:15:00,0.0,-0.002162233,lstm
2020-10-08 02:15:00,0.0,0.0003452748,lstm
2020-10-08 02:30:00,0.0,-0.0025435537,lstm
2020-10-08 02:30:00,0.0,-0.0037365258,lstm
2020-10-08 02:30:00,0.0,-0.0021615326,lstm
2020-10-08 02:30:00,0.0,0.00033007562,lstm
2020-10-08 02:45:00,0.0,-0.002575636,lstm
2020-10-08 02:45:00,0.0,-0.003756255,lstm
2020-10-08 02:45:00,0.0,-0.0022307932,lstm
2020-10-08 02:45:00,0.0,0.00024589896,lstm
2020-10-08 03:00:00,0.0,-0.0025502443,lstm
2020-10-08 03:00:00,0.0,-0.003730312,lstm
2020-10-08 03:00:00,0.0,-0.0022065341,lstm
2020-10-08 03:00:00,0.0,0.00021760166,lstm
2020-10-08 03:15:00,0.0,-0.0025219768,lstm
2020-10-08 03:15:00,0.0,-0.0037281811,lstm
2020-10-08 03:15:00,0.0,-0.0022109896,lstm
2020-10-08 03:15:00,0.0,0.00017926097,lstm
2020-10-08 03:30:00,0.0,-0.002502948,lstm
2020-10-08 03:30:00,0.0,-0.0037341714,lstm
2020-10-08 03:30:00,0.0,-0.0022158176,lstm
2020-10-08 03:30:00,0.0,0.00014993548,lstm
2020-10-08 03:45:00,0.0,-0.0025390238,lstm
2020-10-08 03:45:00,0.0,-0.0037605315,lstm
2020-10-08 03:45:00,0.0,-0.0022634119,lstm
2020-10-08 03:45:00,0.0,5.6877732e-05,lstm
2020-10-08 04:00:00,0.0,-0.0025311112,lstm
2020-10-08 04:00:00,0.0,-0.0037702024,lstm
2020-10-08 04:00:00,0.0,-0.0022592992,lstm
2020-10-08 04:00:00,0.0,-5.811453e-06,lstm
2020-10-08 04:15:00,0.0,-0.0025142878,lstm
2020-10-08 04:15:00,0.0,-0.0037957877,lstm
2020-10-08 04:15:00,0.0,-0.002287224,lstm
2020-10-08 04:15:00,0.0,-7.587671e-05,lstm
2020-10-08 04:30:00,0.0,-0.0025008619,lstm
2020-10-08 04:30:00,0.0,-0.0038265884,lstm
2020-10-08 04:30:00,0.0,-0.0023166686,lstm
2020-10-08 04:30:00,0.0,-0.00013053417,lstm
2020-10-08 04:45:00,0.0,-0.0025431514,lstm
2020-10-08 04:45:00,0.0,-0.0038722456,lstm
2020-10-08 04:45:00,0.0,-0.0023597926,lstm
2020-10-08 04:45:00,0.0,-0.00023154914,lstm
2020-10-08 05:00:00,0.0,-0.0025541186,lstm
2020-10-08 05:00:00,0.0,-0.0039290935,lstm
2020-10-08 05:00:00,0.0,-0.0023973733,lstm
2020-10-08 05:00:00,0.0,-0.00032508373,lstm
2020-10-08 05:15:00,0.0,-0.0025414377,lstm
2020-10-08 05:15:00,0.0,-0.0039827526,lstm
2020-10-08 05:15:00,0.0,-0.0024544,lstm
2020-10-08 05:15:00,0.0,-0.00040997565,lstm
2020-10-08 05:30:00,0.0,-0.0025205761,lstm
2020-10-08 05:30:00,0.0,-0.0040326267,lstm
2020-10-08 05:30:00,0.0,-0.0025113076,lstm
2020-10-08 05:30:00,0.0,-0.0004775077,lstm
2020-10-08 05:45:00,0.0,-0.0025764257,lstm
2020-10-08 05:45:00,0.0,-0.0041037053,lstm
2020-10-08 05:45:00,0.0,-0.0025381148,lstm
2020-10-08 05:45:00,0.0,-0.00053556263,lstm
2020-10-08 06:00:00,0.0,-0.002617389,lstm
2020-10-08 06:00:00,0.0,-0.0042108893,lstm
2020-10-08 06:00:00,0.0,-0.002587527,lstm
2020-10-08 06:00:00,0.0,-0.00060515106,lstm
2020-10-08 06:15:00,0.0,-0.002629429,lstm
2020-10-08 06:15:00,0.0,-0.004315689,lstm
2020-10-08 06:15:00,0.0,-0.002668053,lstm
2020-10-08 06:15:00,0.0,-0.0006622523,lstm
2020-10-08 06:30:00,0.0,-0.0026216507,lstm
2020-10-08 06:30:00,0.0,-0.0044146627,lstm
2020-10-08 06:30:00,0.0,-0.0027523935,lstm
2020-10-08 06:30:00,0.0,-0.0007007569,lstm
2020-10-08 06:45:00,0.0,-0.0026934445,lstm
2020-10-08 06:45:00,0.0,-0.0045284033,lstm
2020-10-08 06:45:00,0.0,-0.002765581,lstm
2020-10-08 06:45:00,0.0,-0.0006469935,lstm
2020-10-08 07:00:00,0.0,-0.002739057,lstm
2020-10-08 07:00:00,0.0,-0.0047056824,lstm
2020-10-08 07:00:00,0.0,-0.0028350502,lstm
2020-10-08 07:00:00,0.0,-0.0005850643,lstm
2020-10-08 07:15:00,0.0,-0.002731964,lstm
2020-10-08 07:15:00,0.0,-0.004881948,lstm
2020-10-08 07:15:00,0.0,-0.0028740019,lstm
2020-10-08 07:15:00,0.0,-0.00037127733,lstm
2020-10-08 07:30:00,0.0,-0.0026748031,lstm
2020-10-08 07:30:00,0.0,-0.0050896853,lstm
2020-10-08 07:30:00,0.0,-0.0028364956,lstm
2020-10-08 07:30:00,0.00059999526,0.00014938414,lstm
2020-10-08 07:45:00,0.0,-0.0025968552,lstm
2020-10-08 07:45:00,0.0,-0.0052585304,lstm
2020-10-08 07:45:00,0.00059999526,-0.0023768693,lstm
2020-10-08 07:45:00,0.017200023,0.0016931444,lstm
2020-10-08 08:00:00,0.0,-0.00236243,lstm
2020-10-08 08:00:00,0.00059999526,-0.0052637756,lstm
2020-10-08 08:00:00,0.017200008,-0.00044493377,lstm
2020-10-08 08:00:00,0.06719999,0.007348746,lstm
2020-10-08 08:15:00,0.00059999526,-0.0028613657,lstm
2020-10-08 08:15:00,0.017199993,-0.001092732,lstm
2020-10-08 08:15:00,0.06719999,0.012067005,lstm
2020-10-08 08:15:00,0.132,0.03657639,lstm
2020-10-08 08:30:00,0.017199993,1.1563301e-05,lstm
2020-10-08 08:30:00,0.067200005,0.024140537,lstm
2020-10-08 08:30:00,0.132,0.06259829,lstm
2020-10-08 08:30:00,0.2052,0.12392555,lstm
2020-10-08 08:45:00,0.067200005,0.0369564,lstm
2020-10-08 08:45:00,0.132,0.08503436,lstm
2020-10-08 08:45:00,0.2052,0.15354751,lstm
2020-10-08 08:45:00,0.2746,0.23375967,lstm
2020-10-08 09:00:00,0.132,0.11489364,lstm
2020-10-08 09:00:00,0.2052,0.18498202,lstm
2020-10-08 09:00:00,0.2746,0.27705252,lstm
2020-10-08 09:00:00,0.34,0.35889494,lstm
2020-10-08 09:15:00,0.2052,0.18428487,lstm
2020-10-08 09:15:00,0.2746,0.26489615,lstm
2020-10-08 09:15:00,0.34,0.35066175,lstm
2020-10-08 09:15:00,0.40639997,0.4297775,lstm
2020-10-08 09:30:00,0.2746,0.25337508,lstm
2020-10-08 09:30:00,0.33999997,0.32924962,lstm
2020-10-08 09:30:00,0.4064,0.39485103,lstm
2020-10-08 09:30:00,0.46600002,0.4752034,lstm
2020-10-08 09:45:00,0.34,0.322918,lstm
2020-10-08 09:45:00,0.4064,0.39556855,lstm
2020-10-08 09:45:00,0.46600002,0.45455426,lstm
2020-10-08 09:45:00,0.5194,0.52945477,lstm
2020-10-08 10:00:00,0.4064,0.3946957,lstm
2020-10-08 10:00:00,0.466,0.46003124,lstm
2020-10-08 10:00:00,0.5194,0.51830715,lstm
2020-10-08 10:00:00,0.5714,0.57808375,lstm
2020-10-08 10:15:00,0.466,0.4718231,lstm
2020-10-08 10:15:00,0.5194,0.5245071,lstm
2020-10-08 10:15:00,0.5714,0.57982457,lstm
2020-10-08 10:15:00,0.621,0.6214915,lstm
2020-10-08 10:30:00,0.5194,0.5382478,lstm
2020-10-08 10:30:00,0.5714,0.58024776,lstm
2020-10-08 10:30:00,0.621,0.62955517,lstm
2020-10-08 10:30:00,0.6642,0.66082996,lstm
2020-10-08 10:45:00,0.5714,0.5959611,lstm
2020-10-08 10:45:00,0.621,0.6314986,lstm
2020-10-08 10:45:00,0.6642,0.6733756,lstm
2020-10-08 10:45:00,0.6976,0.70238864,lstm
2020-10-08 11:00:00,0.621,0.6566214,lstm
2020-10-08 11:00:00,0.66420007,0.6923634,lstm
2020-10-08 11:00:00,0.6976,0.7291809,lstm
2020-10-08 11:00:00,0.7246,0.76055616,lstm
2020-10-08 11:15:00,0.6642,0.6894076,lstm
2020-10-08 11:15:00,0.6976,0.7246455,lstm
2020-10-08 11:15:00,0.7246,0.7541034,lstm
2020-10-08 11:15:00,0.7512,0.786544,lstm
2020-10-08 11:30:00,0.6976,0.7142602,lstm
2020-10-08 11:30:00,0.72459996,0.7466928,lstm
2020-10-08 11:30:00,0.7512,0.7698556,lstm
2020-10-08 11:30:00,0.776,0.80109465,lstm
2020-10-08 11:45:00,0.7246,0.73275644,lstm
2020-10-08 11:45:00,0.75119996,0.76017714,lstm
2020-10-08 11:45:00,0.776,0.77786946,lstm
2020-10-08 11:45:00,0.7974,0.80576587,lstm
2020-10-08 12:00:00,0.7512,0.75027823,lstm
2020-10-08 12:00:00,0.776,0.7715205,lstm
2020-10-08 12:00:00,0.7974,0.7857002,lstm
2020-10-08 12:00:00,0.8154,0.81003195,lstm
2020-10-08 12:15:00,0.776,0.7747073,lstm
2020-10-08 12:15:00,0.7974,0.7894515,lstm
2020-10-08 12:15:00,0.8154,0.80232334,lstm
2020-10-08 12:15:00,0.826,0.8245368,lstm
2020-10-08 12:30:00,0.7974,0.80004483,lstm
2020-10-08 12:30:00,0.8154,0.8088945,lstm
2020-10-08 12:30:00,0.826,0.82099235,lstm
2020-10-08 12:30:00,0.8372,0.84100634,lstm
2020-10-08 12:45:00,0.8154,0.81801784,lstm
2020-10-08 12:45:00,0.826,0.8227254,lstm
2020-10-08 12:45:00,0.8372,0.83376306,lstm
2020-10-08 12:45:00,0.8432,0.8518871,lstm
2020-10-08 13:00:00,0.826,0.8280794,lstm
2020-10-08 13:00:00,0.8371999,0.83039963,lstm
2020-10-08 13:00:00,0.8432,0.84063965,lstm
2020-10-08 13:00:00,0.8436,0.8569801,lstm
2020-10-08 13:15:00,0.8371999,0.83182985,lstm
2020-10-08 13:15:00,0.84319997,0.83237314,lstm
2020-10-08 13:15:00,0.8436,0.8412183,lstm
2020-10-08 13:15:00,0.8426,0.8552183,lstm
2020-10-08 13:30:00,0.8432,0.83686715,lstm
2020-10-08 13:30:00,0.8435999,0.83521724,lstm
2020-10-08 13:30:00,0.8425999,0.8432358,lstm
2020-10-08 13:30:00,0.8372,0.8561474,lstm
2020-10-08 13:45:00,0.8436,0.83884114,lstm
2020-10-08 13:45:00,0.8426,0.8351511,lstm
2020-10-08 13:45:00,0.8372,0.84080416,lstm
2020-10-08 13:45:00,0.8284,0.85103226,lstm
2020-10-08 14:00:00,0.8426,0.83757526,lstm
2020-10-08 14:00:00,0.8371999,0.83131063,lstm
2020-10-08 14:00:00,0.8284,0.8343582,lstm
2020-10-08 14:00:00,0.814,0.84090877,lstm
2020-10-08 14:15:00,0.8371999,0.83543265,lstm
2020-10-08 14:15:00,0.8284,0.82622194,lstm
2020-10-08 14:15:00,0.814,0.8272465,lstm
2020-10-08 14:15:00,0.7978,0.83106273,lstm
2020-10-08 14:30:00,0.8284,0.8293575,lstm
2020-10-08 14:30:00,0.814,0.81740916,lstm
2020-10-08 14:30:00,0.7978,0.8163104,lstm
2020-10-08 14:30:00,0.78,0.8166677,lstm
2020-10-08 14:45:00,0.814,0.8230808,lstm
2020-10-08 14:45:00,0.79779994,0.80729103,lstm
2020-10-08 14:45:00,0.78,0.80281925,lstm
2020-10-08 14:45:00,0.7594,0.79921025,lstm
2020-10-08 15:00:00,0.7978,0.8092677,lstm
2020-10-08 15:00:00,0.78,0.7891027,lstm
2020-10-08 15:00:00,0.7594,0.78037095,lstm
2020-10-08 15:00:00,0.735,0.77111536,lstm
2020-10-08 15:15:00,0.78,0.79209244,lstm
2020-10-08 15:15:00,0.7594,0.7649884,lstm
2020-10-08 15:15:00,0.735,0.75183725,lstm
2020-10-08 15:15:00,0.7118,0.73654455,lstm
2020-10-08 15:30:00,0.7594,0.772022,lstm
2020-10-08 15:30:00,0.735,0.73640704,lstm
2020-10-08 15:30:00,0.7118,0.7187099,lstm
2020-10-08 15:30:00,0.679,0.69738543,lstm
2020-10-08 15:45:00,0.735,0.74992335,lstm
2020-10-08 15:45:00,0.7118,0.7056129,lstm
2020-10-08 15:45:00,0.679,0.6827224,lstm
2020-10-08 15:45:00,0.6366,0.655739,lstm
2020-10-08 16:00:00,0.7118,0.7248371,lstm
2020-10-08 16:00:00,0.679,0.6743279,lstm
2020-10-08 16:00:00,0.6366,0.64622754,lstm
2020-10-08 16:00:00,0.5992,0.6158289,lstm
2020-10-08 16:15:00,0.679,0.70400417,lstm
2020-10-08 16:15:00,0.6366,0.6497308,lstm
2020-10-08 16:15:00,0.5992,0.6149308,lstm
2020-10-08 16:15:00,0.5512,0.582702,lstm
2020-10-08 16:30:00,0.6366,0.67894834,lstm
2020-10-08 16:30:00,0.5992,0.6241982,lstm
2020-10-08 16:30:00,0.5512,0.5802787,lstm
2020-10-08 16:30:00,0.503,0.5430063,lstm
2020-10-08 16:45:00,0.5992,0.6486496,lstm
2020-10-08 16:45:00,0.5512,0.59043515,lstm
2020-10-08 16:45:00,0.503,0.5395073,lstm
2020-10-08 16:45:00,0.44,0.49561346,lstm
2020-10-08 17:00:00,0.5512,0.61231744,lstm
2020-10-08 17:00:00,0.503,0.5472666,lstm
2020-10-08 17:00:00,0.44,0.494393,lstm
2020-10-08 17:00:00,0.3864,0.44745696,lstm
2020-10-08 17:15:00,0.503,0.5582922,lstm
2020-10-08 17:15:00,0.44,0.48835143,lstm
2020-10-08 17:15:00,0.3864,0.42968905,lstm
2020-10-08 17:15:00,0.3236,0.37640452,lstm
2020-10-08 17:30:00,0.44,0.49777862,lstm
2020-10-08 17:30:00,0.3864,0.4203443,lstm
2020-10-08 17:30:00,0.3236,0.3420931,lstm
2020-10-08 17:30:00,0.255,0.27641833,lstm
2020-10-08 17:45:00,0.3864,0.42392474,lstm
2020-10-08 17:45:00,0.3236,0.3418604,lstm
2020-10-08 17:45:00,0.255,0.25700122,lstm
2020-10-08 17:45:00,0.187,0.1875047,lstm
2020-10-08 18:00:00,0.3236,0.3498577,lstm
2020-10-08 18:00:00,0.255,0.26128292,lstm
2020-10-08 18:00:00,0.187,0.17753187,lstm
2020-10-08 18:00:00,0.1256,0.1126701,lstm
2020-10-08 18:15:00,0.255,0.26421535,lstm
2020-10-08 18:15:00,0.187,0.17543647,lstm
2020-10-08 18:15:00,0.1256,0.103782095,lstm
2020-10-08 18:15:00,0.0682,0.051929697,lstm
2020-10-08 18:30:00,0.187,0.17587116,lstm
2020-10-08 18:30:00,0.1256,0.09733015,lstm
2020-10-08 18:30:00,0.0682,0.049771637,lstm
2020-10-08 18:30:00,0.02079998,0.014968663,lstm
2020-10-08 18:45:00,0.1256,0.095467456,lstm
2020-10-08 18:45:00,0.0682,0.041483223,lstm
2020-10-08 18:45:00,0.020799994,0.014855385,lstm
2020-10-08 18:45:00,0.00079999864,0.001636818,lstm
2020-10-08 19:00:00,0.0682,0.042075604,lstm
2020-10-08 19:00:00,0.020799994,0.0110936165,lstm
2020-10-08 19:00:00,0.00079999864,-0.0019146055,lstm
2020-10-08 19:00:00,0.0,-0.002421558,lstm
2020-10-08 19:15:00,0.020799994,0.01721032,lstm
2020-10-08 19:15:00,0.00079999864,-0.00042182207,lstm
2020-10-08 19:15:00,0.0,-0.005997002,lstm
2020-10-08 19:15:00,0.0,-0.0032584667,lstm
2020-10-08 19:30:00,0.00079999864,0.0067653805,lstm
2020-10-08 19:30:00,0.0,-0.0037785321,lstm
2020-10-08 19:30:00,0.0,-0.0058695525,lstm
2020-10-08 19:30:00,0.0,-0.002627641,lstm
2020-10-08 19:45:00,0.0,0.002106294,lstm
2020-10-08 19:45:00,0.0,-0.003951296,lstm
2020-10-08 19:45:00,0.0,-0.0042635947,lstm
2020-10-08 19:45:00,0.0,-0.0012374222,lstm
2020-10-08 20:00:00,0.0,-0.00022512674,lstm
2020-10-08 20:00:00,0.0,-0.0038577765,lstm
2020-10-08 20:00:00,0.0,-0.0028932393,lstm
2020-10-08 20:00:00,0.0,-0.00026266277,lstm
2020-10-08 20:15:00,0.0,-0.00139606,lstm
2020-10-08 20:15:00,0.0,-0.0039211363,lstm
2020-10-08 20:15:00,0.0,-0.002344504,lstm
2020-10-08 20:15:00,0.0,-4.5076013e-05,lstm
2020-10-08 20:30:00,0.0,-0.0019179583,lstm
2020-10-08 20:30:00,0.0,-0.0039582998,lstm
2020-10-08 20:30:00,0.0,-0.0020868927,lstm
2020-10-08 20:30:00,0.0,2.3961067e-05,lstm
2020-10-08 20:45:00,0.0,-0.0021668524,lstm
2020-10-08 20:45:00,0.0,-0.0040486455,lstm
2020-10-08 20:45:00,0.0,-0.0020967424,lstm
2020-10-08 20:45:00,0.0,4.604459e-06,lstm
2020-10-08 21:00:00,0.0,-0.002327472,lstm
2020-10-08 21:00:00,0.0,-0.0040744394,lstm
2020-10-08 21:00:00,0.0,-0.0020557344,lstm
2020-10-08 21:00:00,0.0,5.172193e-05,lstm
2020-10-08 21:15:00,0.0,-0.0024077296,lstm
2020-10-08 21:15:00,0.0,-0.0040797293,lstm
2020-10-08 21:15:00,0.0,-0.002025053,lstm
2020-10-08 21:15:00,0.0,8.3103776e-05,lstm
2020-10-08 21:30:00,0.0,-0.0024500191,lstm
2020-10-08 21:30:00,0.0,-0.0040733814,lstm
2020-10-08 21:30:00,0.0,-0.0019957274,lstm
2020-10-08 21:30:00,0.0,0.000112235546,lstm
2020-10-08 21:45:00,0.0,-0.002496034,lstm
2020-10-08 21:45:00,0.0,-0.0041273385,lstm
2020-10-08 21:45:00,0.0,-0.0021104068,lstm
2020-10-08 21:45:00,0.0,8.2209706e-05,lstm
2020-10-08 22:00:00,0.0,-0.002526924,lstm
2020-10-08 22:00:00,0.0,-0.0041155815,lstm
2020-10-08 22:00:00,0.0,-0.00210917,lstm
2020-10-08 22:00:00,0.0,0.00013040006,lstm
2020-10-08 22:15:00,0.0,-0.0025422722,lstm
2020-10-08 22:15:00,0.0,-0.00409545,lstm
2020-10-08 22:15:00,0.0,-0.0020927042,lstm
2020-10-08 22:15:00,0.0,0.0001706779,lstm
2020-10-08 22:30:00,0.0,-0.0025505126,lstm
2020-10-08 22:30:00,0.0,-0.0040759593,lstm
2020-10-08 22:30:00,0.0,-0.002072841,lstm
2020-10-08 22:30:00,0.0,0.0002027005,lstm
2020-10-08 22:45:00,0.0,-0.0025883466,lstm
2020-10-08 22:45:00,0.0,-0.0041066706,lstm
2020-10-08 22:45:00,0.0,-0.0021887273,lstm
2020-10-08 22:45:00,0.0,0.00017392635,lstm
2020-10-08 23:00:00,0.0,-0.0025941283,lstm
2020-10-08 23:00:00,0.0,-0.004070267,lstm
2020-10-08 23:00:00,0.0,-0.00216645,lstm
2020-10-08 23:00:00,0.0,0.00023010373,lstm
2020-10-08 23:15:00,0.0,-0.0025949478,lstm
2020-10-08 23:15:00,0.0,-0.0040480494,lstm
2020-10-08 23:15:00,0.0,-0.0021498203,lstm
2020-10-08 23:15:00,0.0,0.0002630055,lstm
2020-10-08 23:30:00,0.0,-0.0025939047,lstm
2020-10-08 23:30:00,0.0,-0.0040261745,lstm
2020-10-08 23:30:00,0.0,-0.0021320134,lstm
2020-10-08 23:30:00,0.0,0.00028982759,lstm
2020-10-08 23:45:00,0.0,-0.002628401,lstm
2020-10-08 23:45:00,0.0,-0.0040507317,lstm
2020-10-08 23:45:00,0.0,-0.00224863,lstm
2020-10-08 23:45:00,0.0,0.0002488345,lstm
2020-10-09 00:00:00,0.0,-0.0026202053,lstm
2020-10-09 00:00:00,0.0,-0.003995344,lstm
2020-10-09 00:00:00,0.0,-0.0022069365,lstm
2020-10-09 00:00:00,0.0,0.000307858,lstm
2020-10-09 00:15:00,0.0,-0.002612397,lstm
2020-10-09 00:15:00,0.0,-0.0039701015,lstm
2020-10-09 00:15:00,0.0,-0.0021850467,lstm
2020-10-09 00:15:00,0.0,0.00033670664,lstm
2020-10-09 00:30:00,0.0,-0.0026026964,lstm
2020-10-09 00:30:00,0.0,-0.0039471835,lstm
2020-10-09 00:30:00,0.0,-0.002170384,lstm
2020-10-09 00:30:00,0.0,0.0003555715,lstm
2020-10-09 00:45:00,0.0,-0.0026216507,lstm
2020-10-09 00:45:00,0.0,-0.003958881,lstm
2020-10-09 00:45:00,0.0,-0.0022687465,lstm
2020-10-09 00:45:00,0.0,0.00030519068,lstm
2020-10-09 01:00:00,0.0,-0.0025945455,lstm
2020-10-09 01:00:00,0.0,-0.0039042681,lstm
2020-10-09 01:00:00,0.0,-0.0022278726,lstm
2020-10-09 01:00:00,0.0,0.00034084916,lstm
2020-10-09 01:15:00,0.0,-0.0025749952,lstm
2020-10-09 01:15:00,0.0,-0.0038770437,lstm
2020-10-09 01:15:00,0.0,-0.0021975935,lstm
2020-10-09 01:15:00,0.0,0.00036013126,lstm
2020-10-09 01:30:00,0.0,-0.0025588274,lstm
2020-10-09 01:30:00,0.0,-0.0038602203,lstm
2020-10-09 01:30:00,0.0,-0.0021815598,lstm
2020-10-09 01:30:00,0.0,0.00036388636,lstm
2020-10-09 01:45:00,0.0,-0.002579391,lstm
2020-10-09 01:45:00,0.0,-0.003866285,lstm
2020-10-09 01:45:00,0.0,-0.002259776,lstm
2020-10-09 01:45:00,0.0,0.00029248,lstm
2020-10-09 02:00:00,0.0,-0.0025577992,lstm
2020-10-09 02:00:00,0.0,-0.003826797,lstm
2020-10-09 02:00:00,0.0,-0.0022178292,lstm
2020-10-09 02:00:00,0.0,0.0003040582,lstm
2020-10-09 02:15:00,0.0,-0.002530411,lstm
2020-10-09 02:15:00,0.0,-0.0038112104,lstm
2020-10-09 02:15:00,0.0,-0.0022073686,lstm
2020-10-09 02:15:00,0.0,0.00029039383,lstm
2020-10-09 02:30:00,0.0,-0.0025119334,lstm
2020-10-09 02:30:00,0.0,-0.0038060397,lstm
2020-10-09 02:30:00,0.0,-0.002206117,lstm
2020-10-09 02:30:00,0.0,0.00027823448,lstm
2020-10-09 02:45:00,0.0,-0.002533868,lstm
2020-10-09 02:45:00,0.0,-0.0038149655,lstm
2020-10-09 02:45:00,0.0,-0.0022673458,lstm
2020-10-09 02:45:00,0.0,0.00019747019,lstm
2020-10-09 03:00:00,0.0,-0.0025139153,lstm
2020-10-09 03:00:00,0.0,-0.003792569,lstm
2020-10-09 03:00:00,0.0,-0.0022349954,lstm
2020-10-09 03:00:00,0.0,0.00018066168,lstm
2020-10-09 03:15:00,0.0,-0.0024931878,lstm
2020-10-09 03:15:00,0.0,-0.0037955344,lstm
2020-10-09 03:15:00,0.0,-0.002238974,lstm
2020-10-09 03:15:00,0.0,0.00014562905,lstm
2020-10-09 03:30:00,0.0,-0.0024754405,lstm
2020-10-09 03:30:00,0.0,-0.003802061,lstm
2020-10-09 03:30:00,0.0,-0.0022504777,lstm
2020-10-09 03:30:00,0.0,0.00011704862,lstm
2020-10-09 03:45:00,0.0,-0.0025004297,lstm
2020-10-09 03:45:00,0.0,-0.0038167983,lstm
2020-10-09 03:45:00,0.0,-0.0023007095,lstm
2020-10-09 03:45:00,0.0,2.7805567e-05,lstm
2020-10-09 04:00:00,0.0,-0.002484545,lstm
2020-10-09 04:00:00,0.0,-0.0038180947,lstm
2020-10-09 04:00:00,0.0,-0.0022947788,lstm
2020-10-09 04:00:00,0.0,-2.0459294e-05,lstm
2020-10-09 04:15:00,0.0,-0.0024595857,lstm
2020-10-09 04:15:00,0.0,-0.0038333088,lstm
2020-10-09 04:15:00,0.0,-0.0023125708,lstm
2020-10-09 04:15:00,0.0,-7.4863434e-05,lstm
2020-10-09 04:30:00,0.0,-0.0024537295,lstm
2020-10-09 04:30:00,0.0,-0.0038582385,lstm
2020-10-09 04:30:00,0.0,-0.0023333877,lstm
2020-10-09 04:30:00,0.0,-0.00011540949,lstm
2020-10-09 04:45:00,0.0,-0.0024924725,lstm
2020-10-09 04:45:00,0.0,-0.00389719,lstm
2020-10-09 04:45:00,0.0,-0.0023689717,lstm
2020-10-09 04:45:00,0.0,-0.00020447373,lstm
2020-10-09 05:00:00,0.0,-0.002523765,lstm
2020-10-09 05:00:00,0.0,-0.0039551705,lstm
2020-10-09 05:00:00,0.0,-0.0023757517,lstm
2020-10-09 05:00:00,0.0,-0.00026361644,lstm
2020-10-09 05:15:00,0.0,-0.0025281012,lstm
2020-10-09 05:15:00,0.0,-0.004017234,lstm
2020-10-09 05:15:00,0.0,-0.0024359077,lstm
2020-10-09 05:15:00,0.0,-0.0003425628,lstm
2020-10-09 05:30:00,0.0,-0.0025322586,lstm
2020-10-09 05:30:00,0.0,-0.004077524,lstm
2020-10-09 05:30:00,0.0,-0.0024895668,lstm
2020-10-09 05:30:00,0.0,-0.00039632618,lstm
2020-10-09 05:45:00,0.0,-0.002532944,lstm
2020-10-09 05:45:00,0.0,-0.0041332096,lstm
2020-10-09 05:45:00,0.0,-0.0025956929,lstm
2020-10-09 05:45:00,0.0,-0.00052568316,lstm
2020-10-09 06:00:00,0.0,-0.0025351495,lstm
2020-10-09 06:00:00,0.0,-0.0042185783,lstm
2020-10-09 06:00:00,0.0,-0.0026131421,lstm
2020-10-09 06:00:00,0.0,-0.00054846704,lstm
2020-10-09 06:15:00,0.0,-0.0025595129,lstm
2020-10-09 06:15:00,0.0,-0.004311219,lstm
2020-10-09 06:15:00,0.0,-0.0026157945,lstm
2020-10-09 06:15:00,0.0,-0.00055092573,lstm
2020-10-09 06:30:00,0.0,-0.0025497228,lstm
2020-10-09 06:30:00,0.0,-0.0044107437,lstm
2020-10-09 06:30:00,0.0,-0.0027181655,lstm
2020-10-09 06:30:00,0.0,-0.000621289,lstm
2020-10-09 06:45:00,0.0,-0.0025933683,lstm
2020-10-09 06:45:00,0.0,-0.004513636,lstm
2020-10-09 06:45:00,0.0,-0.0027268976,lstm
2020-10-09 06:45:00,0.0,-0.0005668551,lstm
2020-10-09 07:00:00,0.0,-0.0026233494,lstm
2020-10-09 07:00:00,0.0,-0.0046673864,lstm
2020-10-09 07:00:00,0.0,-0.0027435124,lstm
2020-10-09 07:00:00,0.0,-0.00047071278,lstm
2020-10-09 07:15:00,0.0,-0.0026028454,lstm
2020-10-09 07:15:00,0.0,-0.0048203617,lstm
2020-10-09 07:15:00,0.0,-0.0027579367,lstm
2020-10-09 07:15:00,0.0,-0.0002643615,lstm
2020-10-09 07:30:00,0.0,-0.0025427938,lstm
2020-10-09 07:30:00,0.0,-0.0049871802,lstm
2020-10-09 07:30:00,0.0,-0.002681449,lstm
2020-10-09 07:30:00,0.00040002167,0.00021876395,lstm
2020-10-09 07:45:00,0.0,-0.0024595112,lstm
2020-10-09 07:45:00,0.0,-0.005112931,lstm
2020-10-09 07:45:00,0.00040000677,-0.002247423,lstm
2020-10-09 07:45:00,0.015000001,0.0015420169,lstm
2020-10-09 08:00:00,0.0,-0.0022182316,lstm
2020-10-09 08:00:00,0.00040000677,-0.0051171333,lstm
2020-10-09 08:00:00,0.015000001,-0.00068730116,lstm
2020-10-09 08:00:00,0.06199999,0.0059622824,lstm
2020-10-09 08:15:00,0.00040000677,-0.002331227,lstm
2020-10-09 08:15:00,0.015000001,-0.0022127628,lstm
2020-10-09 08:15:00,0.06199999,0.008830637,lstm
2020-10-09 08:15:00,0.1234,0.028523117,lstm
2020-10-09 08:30:00,0.015000001,-0.00035768747,lstm
2020-10-09 08:30:00,0.062000006,0.020734802,lstm
2020-10-09 08:30:00,0.12340001,0.05535069,lstm
2020-10-09 08:30:00,0.197,0.11136162,lstm
2020-10-09 08:45:00,0.062000006,0.033807963,lstm
2020-10-09 08:45:00,0.1234,0.081138775,lstm
2020-10-09 08:45:00,0.197,0.14711495,lstm
2020-10-09 08:45:00,0.2688,0.22553098,lstm
2020-10-09 09:00:00,0.1234,0.11849021,lstm
2020-10-09 09:00:00,0.197,0.18738894,lstm
2020-10-09 09:00:00,0.2688,0.27838922,lstm
2020-10-09 09:00:00,0.3376,0.35651064,lstm
2020-10-09 09:15:00,0.197,0.20006947,lstm
2020-10-09 09:15:00,0.2688,0.27750596,lstm
2020-10-09 09:15:00,0.3376,0.3622354,lstm
2020-10-09 09:15:00,0.4048,0.432855,lstm
2020-10-09 09:30:00,0.2688,0.2780164,lstm
2020-10-09 09:30:00,0.3376,0.34829676,lstm
2020-10-09 09:30:00,0.4048,0.41028774,lstm
2020-10-09 09:30:00,0.4688,0.48162568,lstm
2020-10-09 09:45:00,0.3376,0.3465675,lstm
2020-10-09 09:45:00,0.4048,0.41376334,lstm
2020-10-09 09:45:00,0.4688,0.46550965,lstm
2020-10-09 09:45:00,0.5274,0.53659105,lstm
2020-10-09 10:00:00,0.4048,0.413795,lstm
2020-10-09 10:00:00,0.4688,0.47572786,lstm
2020-10-09 10:00:00,0.5274,0.5263592,lstm
2020-10-09 10:00:00,0.5826,0.5882324,lstm
2020-10-09 10:15:00,0.4688,0.48424062,lstm
2020-10-09 10:15:00,0.5274,0.53546023,lstm
2020-10-09 10:15:00,0.5826,0.5850735,lstm
2020-10-09 10:15:00,0.631,0.6308121,lstm
2020-10-09 10:30:00,0.5274,0.55084383,lstm
2020-10-09 10:30:00,0.5826,0.59025866,lstm
2020-10-09 10:30:00,0.631,0.63589936,lstm
2020-10-09 10:30:00,0.6756,0.66845363,lstm
2020-10-09 10:45:00,0.5826,0.6106833,lstm
2020-10-09 10:45:00,0.631,0.641575,lstm
2020-10-09 10:45:00,0.6756,0.6817418,lstm
2020-10-09 10:45:00,0.7134,0.70958287,lstm
2020-10-09 11:00:00,0.631,0.66016376,lstm
2020-10-09 11:00:00,0.6756,0.68696594,lstm
2020-10-09 11:00:00,0.7134,0.72073805,lstm
2020-10-09 11:00:00,0.7456,0.7497164,lstm
2020-10-09 11:15:00,0.6756,0.6989694,lstm
2020-10-09 11:15:00,0.7134,0.72417974,lstm
2020-10-09 11:15:00,0.7456,0.75150436,lstm
2020-10-09 11:15:00,0.7756,0.7821492,lstm
2020-10-09 11:30:00,0.7134,0.73109454,lstm
2020-10-09 11:30:00,0.7456,0.75492823,lstm
2020-10-09 11:30:00,0.7756,0.7769705,lstm
2020-10-09 11:30:00,0.80140007,0.80815744,lstm
2020-10-09 11:45:00,0.7456,0.7554874,lstm
2020-10-09 11:45:00,0.77559996,0.77690077,lstm
2020-10-09 11:45:00,0.80139995,0.7947128,lstm
2020-10-09 11:45:00,0.8216,0.8239388,lstm
2020-10-09 12:00:00,0.77559996,0.77447474,lstm
2020-10-09 12:00:00,0.80139995,0.7923783,lstm
2020-10-09 12:00:00,0.8216,0.80728257,lstm
2020-10-09 12:00:00,0.8358,0.83303267,lstm
2020-10-09 12:15:00,0.8014,0.7935269,lstm
2020-10-09 12:15:00,0.82159996,0.80653894,lstm
2020-10-09 12:15:00,0.8358,0.81962526,lstm
2020-10-09 12:15:00,0.8474,0.8417759,lstm
2020-10-09 12:30:00,0.8216001,0.81041455,lstm
2020-10-09 12:30:00,0.83579993,0.81822586,lstm
2020-10-09 12:30:00,0.84739995,0.8297407,lstm
2020-10-09 12:30:00,0.8538,0.8479641,lstm
2020-10-09 12:45:00,0.8358,0.82166094,lstm
2020-10-09 12:45:00,0.84739995,0.8250892,lstm
2020-10-09 12:45:00,0.8538,0.83477676,lstm
2020-10-09 12:45:00,0.8582,0.84966004,lstm
2020-10-09 13:00:00,0.8474,0.8253172,lstm
2020-10-09 13:00:00,0.85379994,0.8262166,lstm
2020-10-09 13:00:00,0.8582,0.8344758,lstm
2020-10-09 13:00:00,0.858,0.84647286,lstm
2020-10-09 13:15:00,0.8538,0.828585,lstm
2020-10-09 13:15:00,0.85819995,0.8270569,lstm
2020-10-09 13:15:00,0.858,0.8344137,lstm
2020-10-09 13:15:00,0.8548,0.8444218,lstm
2020-10-09 13:30:00,0.8582,0.82892305,lstm
2020-10-09 13:30:00,0.8579999,0.8256246,lstm
2020-10-09 13:30:00,0.8548,0.8318795,lstm
2020-10-09 13:30:00,0.849,0.83979064,lstm
2020-10-09 13:45:00,0.858,0.8319743,lstm
2020-10-09 13:45:00,0.8548,0.825752,lstm
2020-10-09 13:45:00,0.849,0.83002394,lstm
2020-10-09 13:45:00,0.8354,0.83586574,lstm
2020-10-09 14:00:00,0.8548,0.83132875,lstm
2020-10-09 14:00:00,0.849,0.8225168,lstm
2020-10-09 14:00:00,0.8354,0.824615,lstm
2020-10-09 14:00:00,0.82320005,0.8274639,lstm
2020-10-09 14:15:00,0.849,0.8301707,lstm
2020-10-09 14:15:00,0.8354,0.8183632,lstm
2020-10-09 14:15:00,0.8231999,0.81847703,lstm
2020-10-09 14:15:00,0.809,0.81866187,lstm
2020-10-09 14:30:00,0.8353999,0.8263113,lstm
2020-10-09 14:30:00,0.8232,0.81182146,lstm
2020-10-09 14:30:00,0.809,0.8097768,lstm
2020-10-09 14:30:00,0.7878,0.80723375,lstm
2020-10-09 14:45:00,0.8232,0.8164761,lstm
2020-10-09 14:45:00,0.809,0.79863155,lstm
2020-10-09 14:45:00,0.7878,0.7920281,lstm
2020-10-09 14:45:00,0.768,0.7845553,lstm
2020-10-09 15:00:00,0.809,0.80323833,lstm
2020-10-09 15:00:00,0.7878001,0.7806195,lstm
2020-10-09 15:00:00,0.768,0.77077335,lstm
2020-10-09 15:00:00,0.7468,0.75768644,lstm
2020-10-09 15:15:00,0.7878,0.7858862,lstm
2020-10-09 15:15:00,0.768,0.7567642,lstm
2020-10-09 15:15:00,0.7468,0.74265265,lstm
2020-10-09 15:15:00,0.6494,0.72445726,lstm
2020-10-09 15:30:00,0.768,0.760058,lstm
2020-10-09 15:30:00,0.74679995,0.72433937,lstm
2020-10-09 15:30:00,0.6494,0.7053877,lstm
2020-10-09 15:30:00,0.6796,0.6819052,lstm
2020-10-09 15:45:00,0.7468,0.73815674,lstm
2020-10-09 15:45:00,0.6494,0.69358385,lstm
2020-10-09 15:45:00,0.6796,0.6696823,lstm
2020-10-09 15:45:00,0.6496,0.6430532,lstm
2020-10-09 16:00:00,0.6494,0.71546984,lstm
2020-10-09 16:00:00,0.6796,0.6646469,lstm
2020-10-09 16:00:00,0.6496,0.6358625,lstm
2020-10-09 16:00:00,0.6056,0.6073047,lstm
2020-10-09 16:15:00,0.6796,0.627769,lstm
2020-10-09 16:15:00,0.6496,0.5949681,lstm
2020-10-09 16:15:00,0.6056,0.5604688,lstm
2020-10-09 16:15:00,0.4662,0.52421457,lstm
2020-10-09 16:30:00,0.6496,0.66224086,lstm
2020-10-09 16:30:00,0.6056,0.5990186,lstm
2020-10-09 16:30:00,0.4662,0.56043196,lstm
2020-10-09 16:30:00,0.4036,0.52417487,lstm
2020-10-09 16:45:00,0.6056,0.6065384,lstm
2020-10-09 16:45:00,0.4662,0.55284023,lstm
2020-10-09 16:45:00,0.4036,0.51137614,lstm
2020-10-09 16:45:00,0.3508,0.47219223,lstm
2020-10-09 17:00:00,0.4662,0.5492282,lstm
2020-10-09 17:00:00,0.40360004,0.4959552,lstm
2020-10-09 17:00:00,0.3508,0.451941,lstm
2020-10-09 17:00:00,0.3004,0.40731326,lstm
2020-10-09 17:15:00,0.4036,0.44081563,lstm
2020-10-09 17:15:00,0.3508,0.41037413,lstm
2020-10-09 17:15:00,0.3004,0.36907518,lstm
2020-10-09 17:15:00,0.2388,0.3225273,lstm
2020-10-09 17:30:00,0.3508,0.39143884,lstm
2020-10-09 17:30:00,0.3004,0.34543276,lstm
2020-10-09 17:30:00,0.2388,0.30092564,lstm
2020-10-09 17:30:00,0.1198,0.25816816,lstm
2020-10-09 17:45:00,0.3004,0.31712478,lstm
2020-10-09 17:45:00,0.2388,0.2705348,lstm
2020-10-09 17:45:00,0.1198,0.22805911,lstm
2020-10-09 17:45:00,0.105,0.18810298,lstm
2020-10-09 18:00:00,0.2388,0.25895825,lstm
2020-10-09 18:00:00,0.1198,0.20786606,lstm
2020-10-09 18:00:00,0.105,0.16738278,lstm
2020-10-09 18:00:00,0.060000002,0.12796775,lstm
2020-10-09 18:15:00,0.1198,0.19226956,lstm
2020-10-09 18:15:00,0.105,0.14018834,lstm
2020-10-09 18:15:00,0.060000002,0.10699648,lstm
2020-10-09 18:15:00,0.030000001,0.070210114,lstm
2020-10-09 18:30:00,0.105,0.10153159,lstm
2020-10-09 18:30:00,0.060000002,0.06883675,lstm
2020-10-09 18:30:00,0.030000001,0.049971476,lstm
2020-10-09 18:30:00,0.009399995,0.028886959,lstm
2020-10-09 18:45:00,0.060000002,0.06457794,lstm
2020-10-09 18:45:00,0.030000001,0.03597091,lstm
2020-10-09 18:45:00,0.00939998,0.025139749,lstm
2020-10-09 18:45:00,0.00040002167,0.015049785,lstm
2020-10-09 19:00:00,0.030000001,0.03378409,lstm
2020-10-09 19:00:00,0.009399995,0.014188707,lstm
2020-10-09 19:00:00,0.00040000677,0.007351637,lstm
2020-10-09 19:00:00,0.0,0.006668225,lstm
2020-10-09 19:15:00,0.009399995,0.016668722,lstm
2020-10-09 19:15:00,0.00040000677,0.0034761578,lstm
2020-10-09 19:15:00,0.0,0.00051127374,lstm
2020-10-09 19:15:00,0.0,0.0027407408,lstm
2020-10-09 19:30:00,0.00040000677,0.007886976,lstm
2020-10-09 19:30:00,0.0,-0.0011768937,lstm
2020-10-09 19:30:00,0.0,-0.0017696023,lstm
2020-10-09 19:30:00,0.0,0.0011875182,lstm
2020-10-09 19:45:00,0.0,0.0020003915,lstm
2020-10-09 19:45:00,0.0,-0.0030886978,lstm
2020-10-09 19:45:00,0.0,-0.002943933,lstm
2020-10-09 19:45:00,0.0,0.00034317374,lstm
2020-10-09 20:00:00,0.0,-0.0003581792,lstm
2020-10-09 20:00:00,0.0,-0.00370273,lstm
2020-10-09 20:00:00,0.0,-0.002661571,lstm
2020-10-09 20:00:00,0.0,0.00023639202,lstm
2020-10-09 20:15:00,0.0,-0.0012930483,lstm
2020-10-09 20:15:00,0.0,-0.0039096475,lstm
2020-10-09 20:15:00,0.0,-0.0024225414,lstm
2020-10-09 20:15:00,0.0,3.8668513e-05,lstm
2020-10-09 20:30:00,0.0,-0.0019264966,lstm
2020-10-09 20:30:00,0.0,-0.0040074736,lstm
2020-10-09 20:30:00,0.0,-0.0022167563,lstm
2020-10-09 20:30:00,0.0,7.7694654e-05,lstm
2020-10-09 20:45:00,0.0,-0.0021647364,lstm
2020-10-09 20:45:00,0.0,-0.004099861,lstm
2020-10-09 20:45:00,0.0,-0.0022342503,lstm
2020-10-09 20:45:00,0.0,3.1217933e-05,lstm
2020-10-09 21:00:00,0.0,-0.0023070276,lstm
2020-10-09 21:00:00,0.0,-0.004138246,lstm
2020-10-09 21:00:00,0.0,-0.0022152513,lstm
2020-10-09 21:00:00,0.0,4.275143e-05,lstm
2020-10-09 21:15:00,0.0,-0.0023769885,lstm
2020-10-09 21:15:00,0.0,-0.0041624457,lstm
2020-10-09 21:15:00,0.0,-0.0021945387,lstm
2020-10-09 21:15:00,0.0,3.837049e-05,lstm
2020-10-09 21:30:00,0.0,-0.0024219453,lstm
2020-10-09 21:30:00,0.0,-0.0041533858,lstm
2020-10-09 21:30:00,0.0,-0.0021640956,lstm
2020-10-09 21:30:00,0.0,7.137656e-05,lstm
2020-10-09 21:45:00,0.0,-0.002469793,lstm
2020-10-09 21:45:00,0.0,-0.004182622,lstm
2020-10-09 21:45:00,0.0,-0.0022585392,lstm
2020-10-09 21:45:00,0.0,6.681681e-05,lstm
2020-10-09 22:00:00,0.0,-0.0025029778,lstm
2020-10-09 22:00:00,0.0,-0.0041630417,lstm
2020-10-09 22:00:00,0.0,-0.0022451878,lstm
2020-10-09 22:00:00,0.0,0.00013142824,lstm
2020-10-09 22:15:00,0.0,-0.0025163293,lstm
2020-10-09 22:15:00,0.0,-0.0041407794,lstm
2020-10-09 22:15:00,0.0,-0.0022209287,lstm
2020-10-09 22:15:00,0.0,0.00017945468,lstm
2020-10-09 22:30:00,0.0,-0.002517864,lstm
2020-10-09 22:30:00,0.0,-0.00411655,lstm
2020-10-09 22:30:00,0.0,-0.0021992326,lstm
2020-10-09 22:30:00,0.0,0.00021380186,lstm
2020-10-09 22:45:00,0.0,-0.002559051,lstm
2020-10-09 22:45:00,0.0,-0.004143104,lstm
2020-10-09 22:45:00,0.0,-0.0022999197,lstm
2020-10-09 22:45:00,0.0,0.00019690394,lstm
2020-10-09 23:00:00,0.0,-0.00256297,lstm
2020-10-09 23:00:00,0.0,-0.0040974617,lstm
2020-10-09 23:00:00,0.0,-0.0022666305,lstm
2020-10-09 23:00:00,0.0,0.0002579093,lstm
2020-10-09 23:15:00,0.0,-0.0025637448,lstm
2020-10-09 23:15:00,0.0,-0.00406909,lstm
2020-10-09 23:15:00,0.0,-0.0022391677,lstm
2020-10-09 23:15:00,0.0,0.0002978295,lstm
2020-10-09 23:30:00,0.0,-0.0025647283,lstm
2020-10-09 23:30:00,0.0,-0.004044354,lstm
2020-10-09 23:30:00,0.0,-0.0022143424,lstm
2020-10-09 23:30:00,0.0,0.0003299117,lstm
2020-10-09 23:45:00,0.0,-0.0026002675,lstm
2020-10-09 23:45:00,0.0,-0.0040566027,lstm
2020-10-09 23:45:00,0.0,-0.0023131967,lstm
2020-10-09 23:45:00,0.0,0.00029836595,lstm
2020-10-10 00:00:00,0.0,-0.0025892854,lstm
2020-10-10 00:00:00,0.0,-0.0040042996,lstm
2020-10-10 00:00:00,0.0,-0.0022744387,lstm
2020-10-10 00:00:00,0.0,0.00035132468,lstm
2020-10-10 00:15:00,0.0,-0.0025798678,lstm
2020-10-10 00:15:00,0.0,-0.0039732605,lstm
2020-10-10 00:15:00,0.0,-0.0022480637,lstm
2020-10-10 00:15:00,0.0,0.0003824085,lstm
2020-10-10 00:30:00,0.0,-0.0025739223,lstm
2020-10-10 00:30:00,0.0,-0.0039600283,lstm
2020-10-10 00:30:00,0.0,-0.0022347718,lstm
2020-10-10 00:30:00,0.0,0.00039996207,lstm
2020-10-10 00:45:00,0.0,-0.0025957376,lstm
2020-10-10 00:45:00,0.0,-0.003957376,lstm
2020-10-10 00:45:00,0.0,-0.0023183823,lstm
2020-10-10 00:45:00,0.0,0.00035648048,lstm
2020-10-10 01:00:00,0.0,-0.0025765449,lstm
2020-10-10 01:00:00,0.0,-0.0039075315,lstm
2020-10-10 01:00:00,0.0,-0.0022786707,lstm
2020-10-10 01:00:00,0.0,0.00039237738,lstm
2020-10-10 01:15:00,0.0,-0.0025618821,lstm
2020-10-10 01:15:00,0.0,-0.0038858056,lstm
2020-10-10 01:15:00,0.0,-0.0022611767,lstm
2020-10-10 01:15:00,0.0,0.00040555,lstm
2020-10-10 01:30:00,0.0,-0.00255239,lstm
2020-10-10 01:30:00,0.0,-0.0038663447,lstm
2020-10-10 01:30:00,0.0,-0.002246961,lstm
2020-10-10 01:30:00,0.0,0.0004143715,lstm
2020-10-10 01:45:00,0.0,-0.002576977,lstm
2020-10-10 01:45:00,0.0,-0.0038661659,lstm
2020-10-10 01:45:00,0.0,-0.0023255348,lstm
2020-10-10 01:45:00,0.0,0.00035132468,lstm
2020-10-10 02:00:00,0.0,-0.0025509447,lstm
2020-10-10 02:00:00,0.0,-0.003813073,lstm
2020-10-10 02:00:00,0.0,-0.002286151,lstm
2020-10-10 02:00:00,0.0,0.00036926568,lstm
2020-10-10 02:15:00,0.0,-0.0025264025,lstm
2020-10-10 02:15:00,0.0,-0.003789395,lstm
2020-10-10 02:15:00,0.0,-0.0022740364,lstm
2020-10-10 02:15:00,0.0,0.00037021935,lstm
2020-10-10 02:30:00,0.0,-0.0025087595,lstm
2020-10-10 02:30:00,0.0,-0.0037679821,lstm
2020-10-10 02:30:00,0.0,-0.0022601187,lstm
2020-10-10 02:30:00,0.0,0.00037293136,lstm
2020-10-10 02:45:00,0.0,-0.0025279522,lstm
2020-10-10 02:45:00,0.0,-0.0037645698,lstm
2020-10-10 02:45:00,0.0,-0.00232099,lstm
2020-10-10 02:45:00,0.0,0.00030133128,lstm
2020-10-10 03:00:00,0.0,-0.0024968088,lstm
2020-10-10 03:00:00,0.0,-0.003720358,lstm
2020-10-10 03:00:00,0.0,-0.0022845268,lstm
2020-10-10 03:00:00,0.0,0.00029803813,lstm
2020-10-10 03:15:00,0.0,-0.0024692565,lstm
2020-10-10 03:15:00,0.0,-0.003701046,lstm
2020-10-10 03:15:00,0.0,-0.0022698492,lstm
2020-10-10 03:15:00,0.0,0.0002849549,lstm
2020-10-10 03:30:00,0.0,-0.002447918,lstm
2020-10-10 03:30:00,0.0,-0.0036973506,lstm
2020-10-10 03:30:00,0.0,-0.0022727996,lstm
2020-10-10 03:30:00,0.0,0.0002642423,lstm
2020-10-10 03:45:00,0.0,-0.0024684072,lstm
2020-10-10 03:45:00,0.0,-0.0037022382,lstm
2020-10-10 03:45:00,0.0,-0.0023205578,lstm
2020-10-10 03:45:00,0.0,0.0001834184,lstm
2020-10-10 04:00:00,0.0,-0.0024349391,lstm
2020-10-10 04:00:00,0.0,-0.0036824793,lstm
2020-10-10 04:00:00,0.0,-0.0023112595,lstm
2020-10-10 04:00:00,0.0,0.00014616549,lstm
2020-10-10 04:15:00,0.0,-0.002390191,lstm
2020-10-10 04:15:00,0.0,-0.0036824793,lstm
2020-10-10 04:15:00,0.0,-0.0023285747,lstm
2020-10-10 04:15:00,0.0,0.000110924244,lstm
2020-10-10 04:30:00,0.0,-0.002359569,lstm
2020-10-10 04:30:00,0.0,-0.003676355,lstm
2020-10-10 04:30:00,0.0,-0.002338618,lstm
2020-10-10 04:30:00,0.0,8.660555e-05,lstm
2020-10-10 04:45:00,0.0,-0.0023779422,lstm
2020-10-10 04:45:00,0.0,-0.003687352,lstm
2020-10-10 04:45:00,0.0,-0.002362281,lstm
2020-10-10 04:45:00,0.0,2.0802021e-05,lstm
2020-10-10 05:00:00,0.0,-0.0023579448,lstm
2020-10-10 05:00:00,0.0,-0.0036979616,lstm
2020-10-10 05:00:00,0.0,-0.0023670346,lstm
2020-10-10 05:00:00,0.0,-3.4302473e-05,lstm
2020-10-10 05:15:00,0.0,-0.00231947,lstm
2020-10-10 05:15:00,0.0,-0.003717512,lstm
2020-10-10 05:15:00,0.0,-0.0024034977,lstm
2020-10-10 05:15:00,0.0,-8.98391e-05,lstm
2020-10-10 05:30:00,0.0,-0.0022866726,lstm
2020-10-10 05:30:00,0.0,-0.0037363172,lstm
2020-10-10 05:30:00,0.0,-0.0024354756,lstm
2020-10-10 05:30:00,0.0,-0.00012783706,lstm
2020-10-10 05:45:00,0.0,-0.002312526,lstm
2020-10-10 05:45:00,0.0,-0.003765583,lstm
2020-10-10 05:45:00,0.0,-0.0024508983,lstm
2020-10-10 05:45:00,0.0,-0.00017139316,lstm
2020-10-10 06:00:00,0.0,-0.002313882,lstm
2020-10-10 06:00:00,0.0,-0.0038212836,lstm
2020-10-10 06:00:00,0.0,-0.002479136,lstm
2020-10-10 06:00:00,0.0,-0.00021578372,lstm
2020-10-10 06:15:00,0.0,-0.0022916943,lstm
2020-10-10 06:15:00,0.0,-0.0038772076,lstm
2020-10-10 06:15:00,0.0,-0.0025342703,lstm
2020-10-10 06:15:00,0.0,-0.00024943054,lstm
2020-10-10 06:30:00,0.0,-0.002259329,lstm
2020-10-10 06:30:00,0.0,-0.0039256066,lstm
2020-10-10 06:30:00,0.0,-0.002592668,lstm
2020-10-10 06:30:00,0.0,-0.00026988983,lstm
2020-10-10 06:45:00,0.0,-0.0023004413,lstm
2020-10-10 06:45:00,0.0,-0.003979802,lstm
2020-10-10 06:45:00,0.0,-0.0025861561,lstm
2020-10-10 06:45:00,0.0,-0.00022427738,lstm
2020-10-10 07:00:00,0.0,-0.0023347884,lstm
2020-10-10 07:00:00,0.0,-0.00409995,lstm
2020-10-10 07:00:00,0.0,-0.00262551,lstm
2020-10-10 07:00:00,0.0,-0.00017820299,lstm
2020-10-10 07:15:00,0.0,-0.002331227,lstm
2020-10-10 07:15:00,0.0,-0.0042335093,lstm
2020-10-10 07:15:00,0.0,-0.0026783347,lstm
2020-10-10 07:15:00,0.0,-5.5104494e-05,lstm
2020-10-10 07:30:00,0.0,-0.0022958815,lstm
2020-10-10 07:30:00,0.0,-0.004415408,lstm
2020-10-10 07:30:00,0.0,-0.0026950687,lstm
2020-10-10 07:30:00,0.0,0.00029455125,lstm
2020-10-10 07:45:00,0.0,-0.0022487938,lstm
2020-10-10 07:45:00,0.0,-0.0046052635,lstm
2020-10-10 07:45:00,0.0,-0.0023700297,lstm
2020-10-10 07:45:00,0.015599996,0.0014933497,lstm
2020-10-10 08:00:00,0.0,-0.0020887703,lstm
2020-10-10 08:00:00,0.0,-0.0047735274,lstm
2020-10-10 08:00:00,0.015600011,-0.00080506504,lstm
2020-10-10 08:00:00,0.03820002,0.00637348,lstm
2020-10-10 08:15:00,0.0,-0.0028444082,lstm
2020-10-10 08:15:00,0.015599996,-0.0017037392,lstm
2020-10-10 08:15:00,0.038200006,0.009373695,lstm
2020-10-10 08:15:00,0.057600006,0.031361848,lstm
2020-10-10 08:30:00,0.015599996,-0.0015834272,lstm
2020-10-10 08:30:00,0.03819999,0.017605662,lstm
2020-10-10 08:30:00,0.057600006,0.04871382,lstm
2020-10-10 08:30:00,0.1186,0.10233546,lstm
2020-10-10 08:45:00,0.03819999,0.018506706,lstm
2020-10-10 08:45:00,0.05759999,0.051683083,lstm
2020-10-10 08:45:00,0.1186,0.10293996,lstm
2020-10-10 08:45:00,0.1976,0.17122576,lstm
2020-10-10 09:00:00,0.05759999,0.065447465,lstm
2020-10-10 09:00:00,0.1186,0.11635468,lstm
2020-10-10 09:00:00,0.1976,0.18834569,lstm
2020-10-10 09:00:00,0.2144,0.25932002,lstm
2020-10-10 09:15:00,0.1186,0.08745493,lstm
2020-10-10 09:15:00,0.1976,0.14911106,lstm
2020-10-10 09:15:00,0.2144,0.22171958,lstm
2020-10-10 09:15:00,0.2206,0.28300342,lstm
2020-10-10 09:30:00,0.1976,0.16942956,lstm
2020-10-10 09:30:00,0.2144,0.23327906,lstm
2020-10-10 09:30:00,0.2206,0.3017521,lstm
2020-10-10 09:30:00,0.2612,0.3610688,lstm
2020-10-10 09:45:00,0.2144,0.24427198,lstm
2020-10-10 09:45:00,0.2206,0.3068876,lstm
2020-10-10 09:45:00,0.2612,0.362386,lstm
2020-10-10 09:45:00,0.2834,0.42980814,lstm
2020-10-10 10:00:00,0.2206,0.25208792,lstm
2020-10-10 10:00:00,0.2612,0.32016802,lstm
2020-10-10 10:00:00,0.2834,0.36762336,lstm
2020-10-10 10:00:00,0.417,0.4313411,lstm
2020-10-10 10:15:00,0.2612,0.2672134,lstm
2020-10-10 10:15:00,0.2834,0.33599377,lstm
2020-10-10 10:15:00,0.417,0.38343275,lstm
2020-10-10 10:15:00,0.516,0.43809712,lstm
2020-10-10 10:30:00,0.2834,0.32655498,lstm
2020-10-10 10:30:00,0.417,0.3897135,lstm
2020-10-10 10:30:00,0.516,0.4385637,lstm
2020-10-10 10:30:00,0.4798,0.4891256,lstm
2020-10-10 10:45:00,0.417,0.34794217,lstm
2020-10-10 10:45:00,0.516,0.40601093,lstm
2020-10-10 10:45:00,0.4798,0.45103955,lstm
2020-10-10 10:45:00,0.5582,0.49413824,lstm
2020-10-10 11:00:00,0.516,0.48579663,lstm
2020-10-10 11:00:00,0.4798,0.52447605,lstm
2020-10-10 11:00:00,0.5582,0.5646701,lstm
2020-10-10 11:00:00,0.5536,0.60141253,lstm
2020-10-10 11:15:00,0.4798,0.556182,lstm
2020-10-10 11:15:00,0.5582,0.58929837,lstm
2020-10-10 11:15:00,0.5536,0.62144184,lstm
2020-10-10 11:15:00,0.49199998,0.6561776,lstm
2020-10-10 11:30:00,0.5582,0.5336009,lstm
2020-10-10 11:30:00,0.55359995,0.5723829,lstm
2020-10-10 11:30:00,0.49200004,0.5970541,lstm
2020-10-10 11:30:00,0.46500003,0.620733,lstm
2020-10-10 11:45:00,0.5536,0.6193829,lstm
2020-10-10 11:45:00,0.492,0.6470854,lstm
2020-10-10 11:45:00,0.46500003,0.66636115,lstm
2020-10-10 11:45:00,0.47000003,0.7005155,lstm
2020-10-10 12:00:00,0.492,0.63377225,lstm
2020-10-10 12:00:00,0.465,0.66343105,lstm
2020-10-10 12:00:00,0.47000003,0.67861366,lstm
2020-10-10 12:00:00,0.4676,0.7010321,lstm
2020-10-10 12:15:00,0.465,0.54868126,lstm
2020-10-10 12:15:00,0.47,0.5679821,lstm
2020-10-10 12:15:00,0.4676,0.5755523,lstm
2020-10-10 12:15:00,0.46720004,0.58089983,lstm
2020-10-10 12:30:00,0.47,0.48271123,lstm
2020-10-10 12:30:00,0.4676,0.4942398,lstm
2020-10-10 12:30:00,0.46720004,0.5000004,lstm
2020-10-10 12:30:00,0.47119993,0.5080912,lstm
2020-10-10 12:45:00,0.4676,0.4737394,lstm
2020-10-10 12:45:00,0.4672,0.48378953,lstm
2020-10-10 12:45:00,0.4712,0.4995404,lstm
2020-10-10 12:45:00,0.472,0.514483,lstm
2020-10-10 13:00:00,0.4672,0.4450771,lstm
2020-10-10 13:00:00,0.4712,0.45698202,lstm
2020-10-10 13:00:00,0.472,0.47341043,lstm
2020-10-10 13:00:00,0.47180003,0.48818952,lstm
2020-10-10 13:15:00,0.4712,0.4399775,lstm
2020-10-10 13:15:00,0.472,0.44753903,lstm
2020-10-10 13:15:00,0.47180003,0.4611622,lstm
2020-10-10 13:15:00,0.47220004,0.4746855,lstm
2020-10-10 13:30:00,0.472,0.43859613,lstm
2020-10-10 13:30:00,0.47180003,0.44192523,lstm
2020-10-10 13:30:00,0.47220004,0.45092225,lstm
2020-10-10 13:30:00,0.47720003,0.4625613,lstm
2020-10-10 13:45:00,0.4718,0.43069956,lstm
2020-10-10 13:45:00,0.4722,0.4312088,lstm
2020-10-10 13:45:00,0.47720003,0.43676382,lstm
2020-10-10 13:45:00,0.47680002,0.4481122,lstm
2020-10-10 14:00:00,0.4722,0.43069488,lstm
2020-10-10 14:00:00,0.4772,0.4306398,lstm
2020-10-10 14:00:00,0.47680002,0.4354126,lstm
2020-10-10 14:00:00,0.48000002,0.44759804,lstm
2020-10-10 14:15:00,0.4772,0.42838627,lstm
2020-10-10 14:15:00,0.4768,0.42928106,lstm
2020-10-10 14:15:00,0.48000002,0.43420294,lstm
2020-10-10 14:15:00,0.48239994,0.44787443,lstm
2020-10-10 14:30:00,0.4768,0.42010948,lstm
2020-10-10 14:30:00,0.48,0.42574924,lstm
2020-10-10 14:30:00,0.4824,0.43238527,lstm
2020-10-10 14:30:00,0.4914,0.4485712,lstm
2020-10-10 14:45:00,0.48,0.4006582,lstm
2020-10-10 14:45:00,0.4824,0.41094774,lstm
2020-10-10 14:45:00,0.4914,0.4212939,lstm
2020-10-10 14:45:00,0.5,0.4380865,lstm
2020-10-10 15:00:00,0.4824,0.33563793,lstm
2020-10-10 15:00:00,0.4914,0.36243266,lstm
2020-10-10 15:00:00,0.5,0.38140297,lstm
2020-10-10 15:00:00,0.5124,0.3913207,lstm
2020-10-10 15:15:00,0.4914,0.066075385,lstm
2020-10-10 15:15:00,0.5,0.04943551,lstm
2020-10-10 15:15:00,0.5124,0.071308956,lstm
2020-10-10 15:15:00,0.45680004,0.07083549,lstm
2020-10-10 15:30:00,0.5,0.17077883,lstm
2020-10-10 15:30:00,0.5124,0.21730813,lstm
2020-10-10 15:30:00,0.45680004,0.25215375,lstm
2020-10-10 15:30:00,0.51,0.24982837,lstm
2020-10-10 15:45:00,0.5124,0.15624739,lstm
2020-10-10 15:45:00,0.4568,0.1594308,lstm
2020-10-10 15:45:00,0.51,0.17572871,lstm
2020-10-10 15:45:00,0.496,0.17200094,lstm
2020-10-10 16:00:00,0.4568,0.1803087,lstm
2020-10-10 16:00:00,0.51,0.20732604,lstm
2020-10-10 16:00:00,0.496,0.22419876,lstm
2020-10-10 16:00:00,0.517,0.22486424,lstm
2020-10-10 16:15:00,0.51,0.31086737,lstm
2020-10-10 16:15:00,0.496,0.34114087,lstm
2020-10-10 16:15:00,0.517,0.35940877,lstm
2020-10-10 16:15:00,0.5542,0.36675668,lstm
2020-10-10 16:30:00,0.496,0.69162947,lstm
2020-10-10 16:30:00,0.517,0.63623756,lstm
2020-10-10 16:30:00,0.5542,0.59170014,lstm
2020-10-10 16:30:00,0.508,0.55782753,lstm
2020-10-10 16:45:00,0.517,0.62710845,lstm
2020-10-10 16:45:00,0.55419993,0.58709896,lstm
2020-10-10 16:45:00,0.508,0.5378379,lstm
2020-10-10 16:45:00,0.44840002,0.50025725,lstm
2020-10-10 17:00:00,0.5542,0.59696734,lstm
2020-10-10 17:00:00,0.508,0.5516716,lstm
2020-10-10 17:00:00,0.44840002,0.4884777,lstm
2020-10-10 17:00:00,0.3906,0.44525683,lstm
2020-10-10 17:15:00,0.508,0.5494162,lstm
2020-10-10 17:15:00,0.4484,0.5016559,lstm
2020-10-10 17:15:00,0.3906,0.4334601,lstm
2020-10-10 17:15:00,0.3192,0.3891613,lstm
2020-10-10 17:30:00,0.4484,0.46237117,lstm
2020-10-10 17:30:00,0.3906,0.41571572,lstm
2020-10-10 17:30:00,0.3192,0.3550997,lstm
2020-10-10 17:30:00,0.264,0.29962757,lstm
2020-10-10 17:45:00,0.3906,0.41144657,lstm
2020-10-10 17:45:00,0.3192,0.34505022,lstm
2020-10-10 17:45:00,0.264,0.28130984,lstm
2020-10-10 17:45:00,0.1988,0.21174547,lstm
2020-10-10 18:00:00,0.3192,0.3566743,lstm
2020-10-10 18:00:00,0.264,0.26992035,lstm
2020-10-10 18:00:00,0.1988,0.19767673,lstm
2020-10-10 18:00:00,0.1158,0.1278938,lstm
2020-10-10 18:15:00,0.264,0.27475148,lstm
2020-10-10 18:15:00,0.1988,0.1826608,lstm
2020-10-10 18:15:00,0.1158,0.11112471,lstm
2020-10-10 18:15:00,0.0466,0.057743683,lstm
2020-10-10 18:30:00,0.1988,0.18360162,lstm
2020-10-10 18:30:00,0.1158,0.104459204,lstm
2020-10-10 18:30:00,0.0466,0.04956393,lstm
2020-10-10 18:30:00,0.010600001,0.017904744,lstm
2020-10-10 18:45:00,0.1158,0.09989143,lstm
2020-10-10 18:45:00,0.0466,0.04454899,lstm
2020-10-10 18:45:00,0.0106000155,0.011886343,lstm
2020-10-10 18:45:00,0.0,0.0026940554,lstm
2020-10-10 19:00:00,0.0466,0.04237306,lstm
2020-10-10 19:00:00,0.010600001,0.009179398,lstm
2020-10-10 19:00:00,0.0,-0.0057537258,lstm
2020-10-10 19:00:00,0.0,-0.0040617883,lstm
2020-10-10 19:15:00,0.010600001,0.01702331,lstm
2020-10-10 19:15:00,0.0,-0.0017795116,lstm
2020-10-10 19:15:00,0.0,-0.008085102,lstm
2020-10-10 19:15:00,0.0,-0.0044392794,lstm
2020-10-10 19:30:00,0.0,0.0068149865,lstm
2020-10-10 19:30:00,0.0,-0.003984779,lstm
2020-10-10 19:30:00,0.0,-0.0059105754,lstm
2020-10-10 19:30:00,0.0,-0.0027122349,lstm
2020-10-10 19:45:00,0.0,0.0021619648,lstm
2020-10-10 19:45:00,0.0,-0.0039045662,lstm
2020-10-10 19:45:00,0.0,-0.003936246,lstm
2020-10-10 19:45:00,0.0,-0.0011494905,lstm
2020-10-10 20:00:00,0.0,-0.00016984344,lstm
2020-10-10 20:00:00,0.0,-0.0038121194,lstm
2020-10-10 20:00:00,0.0,-0.0027166456,lstm
2020-10-10 20:00:00,0.0,-0.00031766295,lstm
2020-10-10 20:15:00,0.0,-0.0010470748,lstm
2020-10-10 20:15:00,0.0,-0.0037246048,lstm
2020-10-10 20:15:00,0.0,-0.0022152364,lstm
2020-10-10 20:15:00,0.0,-9.256601e-05,lstm
2020-10-10 20:30:00,0.0,-0.0017436147,lstm
2020-10-10 20:30:00,0.0,-0.003809169,lstm
2020-10-10 20:30:00,0.0,-0.0019573867,lstm
2020-10-10 20:30:00,0.0,3.5837293e-05,lstm
2020-10-10 20:45:00,0.0,-0.00200212,lstm
2020-10-10 20:45:00,0.0,-0.0038943589,lstm
2020-10-10 20:45:00,0.0,-0.001994118,lstm
2020-10-10 20:45:00,0.0,3.902614e-05,lstm
2020-10-10 21:00:00,0.0,-0.0021942407,lstm
2020-10-10 21:00:00,0.0,-0.0039153695,lstm
2020-10-10 21:00:00,0.0,-0.0019471794,lstm
2020-10-10 21:00:00,0.0,0.00012515485,lstm
2020-10-10 21:15:00,0.0,-0.0023159683,lstm
2020-10-10 21:15:00,0.0,-0.0039041042,lstm
2020-10-10 21:15:00,0.0,-0.0018848628,lstm
2020-10-10 21:15:00,0.0,0.00021442771,lstm
2020-10-10 21:30:00,0.0,-0.0023560822,lstm
2020-10-10 21:30:00,0.0,-0.0038848668,lstm
2020-10-10 21:30:00,0.0,-0.0018510073,lstm
2020-10-10 21:30:00,0.0,0.0002540946,lstm
2020-10-10 21:45:00,0.0,-0.0024460107,lstm
2020-10-10 21:45:00,0.0,-0.003965512,lstm
2020-10-10 21:45:00,0.0,-0.0019884557,lstm
2020-10-10 21:45:00,0.0,0.00022000074,lstm
2020-10-10 22:00:00,0.0,-0.0024701208,lstm
2020-10-10 22:00:00,0.0,-0.003946513,lstm
2020-10-10 22:00:00,0.0,-0.0019797385,lstm
2020-10-10 22:00:00,0.0,0.0002719015,lstm
2020-10-10 22:15:00,0.0,-0.0024812967,lstm
2020-10-10 22:15:00,0.0,-0.0039210767,lstm
2020-10-10 22:15:00,0.0,-0.0019584,lstm
2020-10-10 22:15:00,0.0,0.00031238794,lstm
2020-10-10 22:30:00,0.0,-0.0024839193,lstm
2020-10-10 22:30:00,0.0,-0.0039025843,lstm
2020-10-10 22:30:00,0.0,-0.0019452721,lstm
2020-10-10 22:30:00,0.0,0.00034061074,lstm
2020-10-10 22:45:00,0.0,-0.0025607198,lstm
2020-10-10 22:45:00,0.0,-0.0039605796,lstm
2020-10-10 22:45:00,0.0,-0.0020864606,lstm
2020-10-10 22:45:00,0.0,0.00030389428,lstm
2020-10-10 23:00:00,0.0,-0.0025490075,lstm
2020-10-10 23:00:00,0.0,-0.003913179,lstm
2020-10-10 23:00:00,0.0,-0.0020606667,lstm
2020-10-10 23:00:00,0.0,0.00035960972,lstm
2020-10-10 23:15:00,0.0,-0.0025375187,lstm
2020-10-10 23:15:00,0.0,-0.003876105,lstm
2020-10-10 23:15:00,0.0,-0.002032861,lstm
2020-10-10 23:15:00,0.0,0.00039871037,lstm
2020-10-10 23:30:00,0.0,-0.0025327206,lstm
2020-10-10 23:30:00,0.0,-0.0038505644,lstm
2020-10-10 23:30:00,0.0,-0.0020082146,lstm
2020-10-10 23:30:00,0.0,0.0004286021,lstm
2020-10-10 23:45:00,0.0,-0.0026089698,lstm
2020-10-10 23:45:00,0.0,-0.0038886964,lstm
2020-10-10 23:45:00,0.0,-0.0021316707,lstm
2020-10-10 23:45:00,0.0,0.00038476288,lstm
2020-10-11 00:00:00,0.0,-0.002591014,lstm
2020-10-11 00:00:00,0.0,-0.0038185865,lstm
2020-10-11 00:00:00,0.0,-0.0020688772,lstm
2020-10-11 00:00:00,0.0,0.00044490397,lstm
2020-10-11 00:15:00,0.0,-0.0025822371,lstm
2020-10-11 00:15:00,0.0,-0.0037854165,lstm
2020-10-11 00:15:00,0.0,-0.0020357668,lstm
2020-10-11 00:15:00,0.0,0.00046738982,lstm
2020-10-11 00:30:00,0.0,-0.002575636,lstm
2020-10-11 00:30:00,0.0,-0.003769666,lstm
2020-10-11 00:30:00,0.0,-0.002025649,lstm
2020-10-11 00:30:00,0.0,0.0004735887,lstm
2020-10-11 00:45:00,0.0,-0.0026424676,lstm
2020-10-11 00:45:00,0.0,-0.0038063973,lstm
2020-10-11 00:45:00,0.0,-0.002149716,lstm
2020-10-11 00:45:00,0.0,0.00040650368,lstm
2020-10-11 01:00:00,0.0,-0.0026159883,lstm
2020-10-11 01:00:00,0.0,-0.0037554055,lstm
2020-10-11 01:00:00,0.0,-0.002110511,lstm
2020-10-11 01:00:00,0.0,0.0004325211,lstm
2020-10-11 01:15:00,0.0,-0.0025988966,lstm
2020-10-11 01:15:00,0.0,-0.0037326068,lstm
2020-10-11 01:15:00,0.0,-0.0020923615,lstm
2020-10-11 01:15:00,0.0,0.00043721497,lstm
2020-10-11 01:30:00,0.0,-0.0025823116,lstm
2020-10-11 01:30:00,0.0,-0.0037168115,lstm
2020-10-11 01:30:00,0.0,-0.0020871907,lstm
2020-10-11 01:30:00,0.0,0.0004337877,lstm
2020-10-11 01:45:00,0.0,-0.0026469976,lstm
2020-10-11 01:45:00,0.0,-0.0037588775,lstm
2020-10-11 01:45:00,0.0,-0.0021966696,lstm
2020-10-11 01:45:00,0.0,0.00035202503,lstm
2020-10-11 02:00:00,0.0,-0.0026180595,lstm
2020-10-11 02:00:00,0.0,-0.0037190318,lstm
2020-10-11 02:00:00,0.0,-0.0021632463,lstm
2020-10-11 02:00:00,0.0,0.00035110116,lstm
2020-10-11 02:15:00,0.0,-0.0025917143,lstm
2020-10-11 02:15:00,0.0,-0.0037078112,lstm
2020-10-11 02:15:00,0.0,-0.0021628141,lstm
2020-10-11 02:15:00,0.0,0.00033070147,lstm
2020-10-11 02:30:00,0.0,-0.0025717914,lstm
2020-10-11 02:30:00,0.0,-0.0037008524,lstm
2020-10-11 02:30:00,0.0,-0.0021618009,lstm
2020-10-11 02:30:00,0.0,0.00031903386,lstm
2020-10-11 02:45:00,0.0,-0.0026175976,lstm
2020-10-11 02:45:00,0.0,-0.0037325174,lstm
2020-10-11 02:45:00,0.0,-0.002247423,lstm
2020-10-11 02:45:00,0.0,0.00022649765,lstm
2020-10-11 03:00:00,0.0,-0.0025901794,lstm
2020-10-11 03:00:00,0.0,-0.003704071,lstm
2020-10-11 03:00:00,0.0,-0.0022233427,lstm
2020-10-11 03:00:00,0.0,0.00019735098,lstm
2020-10-11 03:15:00,0.0,-0.0025604665,lstm
2020-10-11 03:15:00,0.0,-0.0037052184,lstm
2020-10-11 03:15:00,0.0,-0.002234608,lstm
2020-10-11 03:15:00,0.0,0.00015328825,lstm
2020-10-11 03:30:00,0.0,-0.0025345534,lstm
2020-10-11 03:30:00,0.0,-0.0037082136,lstm
2020-10-11 03:30:00,0.0,-0.0022469163,lstm
2020-10-11 03:30:00,0.0,0.00011986494,lstm
2020-10-11 03:45:00,0.0,-0.0025782883,lstm
2020-10-11 03:45:00,0.0,-0.0037422925,lstm
2020-10-11 03:45:00,0.0,-0.002304852,lstm
2020-10-11 03:45:00,0.0,2.6971102e-05,lstm
2020-10-11 04:00:00,0.0,-0.002568841,lstm
2020-10-11 04:00:00,0.0,-0.0037503093,lstm
2020-10-11 04:00:00,0.0,-0.0023043752,lstm
2020-10-11 04:00:00,0.0,-3.823638e-05,lstm
2020-10-11 04:15:00,0.0,-0.002549827,lstm
2020-10-11 04:15:00,0.0,-0.0037735254,lstm
2020-10-11 04:15:00,0.0,-0.0023348927,lstm
2020-10-11 04:15:00,0.0,-0.000111460686,lstm
2020-10-11 04:30:00,0.0,-0.002533257,lstm
2020-10-11 04:30:00,0.0,-0.003802076,lstm
2020-10-11 04:30:00,0.0,-0.0023707896,lstm
2020-10-11 04:30:00,0.0,-0.00017619133,lstm
2020-10-11 04:45:00,0.0,-0.0025856197,lstm
2020-10-11 04:45:00,0.0,-0.0038613677,lstm
2020-10-11 04:45:00,0.0,-0.0024270415,lstm
2020-10-11 04:45:00,0.0,-0.00028440356,lstm
2020-10-11 05:00:00,0.0,-0.0025976747,lstm
2020-10-11 05:00:00,0.0,-0.0039176494,lstm
2020-10-11 05:00:00,0.0,-0.0024682581,lstm
2020-10-11 05:00:00,0.0,-0.0003850013,lstm
2020-10-11 05:15:00,0.0,-0.002600357,lstm
2020-10-11 05:15:00,0.0,-0.0039798617,lstm
2020-10-11 05:15:00,0.0,-0.0025251657,lstm
2020-10-11 05:15:00,0.0,-0.0004657507,lstm
2020-10-11 05:30:00,0.0,-0.0026046336,lstm
2020-10-11 05:30:00,0.0,-0.004040748,lstm
2020-10-11 05:30:00,0.0,-0.002576232,lstm
2020-10-11 05:30:00,0.0,-0.0005296171,lstm
2020-10-11 05:45:00,0.0,-0.0026613027,lstm
2020-10-11 05:45:00,0.0,-0.0041224957,lstm
2020-10-11 05:45:00,0.0,-0.0026512444,lstm
2020-10-11 05:45:00,0.0,-0.00063319504,lstm
2020-10-11 06:00:00,0.0,-0.002697587,lstm
2020-10-11 06:00:00,0.0,-0.004232615,lstm
2020-10-11 06:00:00,0.0,-0.002726987,lstm
2020-10-11 06:00:00,0.0,-0.0007248372,lstm
2020-10-11 06:15:00,0.0,-0.0027162582,lstm
2020-10-11 06:15:00,0.0,-0.004343465,lstm
2020-10-11 06:15:00,0.0,-0.0028033257,lstm
2020-10-11 06:15:00,0.0,-0.0007863939,lstm
2020-10-11 06:30:00,0.0,-0.0027131736,lstm
2020-10-11 06:30:00,0.0,-0.0044492334,lstm
2020-10-11 06:30:00,0.0,-0.00290668,lstm
2020-10-11 06:30:00,0.0,-0.0008534342,lstm
2020-10-11 06:45:00,0.0,-0.002776742,lstm
2020-10-11 06:45:00,0.0,-0.004561171,lstm
2020-10-11 06:45:00,0.0,-0.0029401034,lstm
2020-10-11 06:45:00,0.0,-0.000831753,lstm
2020-10-11 07:00:00,0.0,-0.0028580278,lstm
2020-10-11 07:00:00,0.0,-0.0047486722,lstm
2020-10-11 07:00:00,0.0,-0.0030018985,lstm
2020-10-11 07:00:00,0.0,-0.0007726252,lstm
2020-10-11 07:15:00,0.0,-0.0028727502,lstm
2020-10-11 07:15:00,0.0,-0.0049455166,lstm
2020-10-11 07:15:00,0.0,-0.0030955821,lstm
2020-10-11 07:15:00,0.0,-0.0006350726,lstm
2020-10-11 07:30:00,0.0,-0.0028406829,lstm
2020-10-11 07:30:00,0.0,-0.0051724017,lstm
2020-10-11 07:30:00,0.0,-0.0031030774,lstm
2020-10-11 07:30:00,0.0,-0.0001847446,lstm
2020-10-11 07:45:00,0.0,-0.0027783513,lstm
2020-10-11 07:45:00,0.0,-0.00537242,lstm
2020-10-11 07:45:00,0.0,-0.002767399,lstm
2020-10-11 07:45:00,0.011800006,0.0011456162,lstm
2020-10-11 08:00:00,0.0,-0.002587065,lstm
2020-10-11 08:00:00,0.0,-0.0055392534,lstm
2020-10-11 08:00:00,0.011800006,-0.0012405962,lstm
2020-10-11 08:00:00,0.057799995,0.006052181,lstm
2020-10-11 08:15:00,0.0,-0.003077373,lstm
2020-10-11 08:15:00,0.011800006,-0.0028388798,lstm
2020-10-11 08:15:00,0.057799995,0.008517608,lstm
2020-10-11 08:15:00,0.1188,0.0307471,lstm
2020-10-11 08:30:00,0.011800006,-0.0027664602,lstm
2020-10-11 08:30:00,0.057799995,0.016479746,lstm
2020-10-11 08:30:00,0.1188,0.050086886,lstm
2020-10-11 08:30:00,0.1994,0.10770547,lstm
2020-10-11 08:45:00,0.057799995,0.02566944,lstm
2020-10-11 08:45:00,0.11879999,0.066260904,lstm
2020-10-11 08:45:00,0.1994,0.12942415,lstm
2020-10-11 08:45:00,0.2728,0.20715828,lstm
2020-10-11 09:00:00,0.1188,0.11680157,lstm
2020-10-11 09:00:00,0.1994,0.17969003,lstm
2020-10-11 09:00:00,0.2728,0.27033344,lstm
2020-10-11 09:00:00,0.3426,0.3473245,lstm
2020-10-11 09:15:00,0.1994,0.20113495,lstm
2020-10-11 09:15:00,0.2728,0.2760455,lstm
2020-10-11 09:15:00,0.3426,0.36577576,lstm
2020-10-11 09:15:00,0.4098,0.43113023,lstm
2020-10-11 09:30:00,0.2728,0.29007706,lstm
2020-10-11 09:30:00,0.3426,0.35618573,lstm
2020-10-11 09:30:00,0.4098,0.42220497,lstm
2020-10-11 09:30:00,0.47180003,0.48731387,lstm
2020-10-11 09:45:00,0.3426,0.35481584,lstm
2020-10-11 09:45:00,0.4098,0.41845527,lstm
2020-10-11 09:45:00,0.47180003,0.47073585,lstm
2020-10-11 09:45:00,0.5308,0.5399656,lstm
2020-10-11 10:00:00,0.4098,0.4189703,lstm
2020-10-11 10:00:00,0.47180003,0.47965363,lstm
2020-10-11 10:00:00,0.5308,0.52986324,lstm
2020-10-11 10:00:00,0.584,0.59459984,lstm
2020-10-11 10:15:00,0.4718,0.48628163,lstm
2020-10-11 10:15:00,0.5308,0.5381006,lstm
2020-10-11 10:15:00,0.584,0.5880202,lstm
2020-10-11 10:15:00,0.6363999,0.638592,lstm
2020-10-11 10:30:00,0.5308,0.5555272,lstm
2020-10-11 10:30:00,0.584,0.5938408,lstm
2020-10-11 10:30:00,0.6364,0.63961184,lstm
2020-10-11 10:30:00,0.6783999,0.6733603,lstm
2020-10-11 10:45:00,0.584,0.6209737,lstm
2020-10-11 10:45:00,0.6364,0.64714575,lstm
2020-10-11 10:45:00,0.6784,0.6868485,lstm
2020-10-11 10:45:00,0.7114,0.7116262,lstm
2020-10-11 11:00:00,0.6364,0.6702037,lstm
2020-10-11 11:00:00,0.6784,0.6902236,lstm
2020-10-11 11:00:00,0.7114,0.7230517,lstm
2020-10-11 11:00:00,0.7434,0.7466363,lstm
2020-10-11 11:15:00,0.6784,0.7110863,lstm
2020-10-11 11:15:00,0.7113999,0.7285906,lstm
2020-10-11 11:15:00,0.7434,0.7552056,lstm
2020-10-11 11:15:00,0.7702,0.7807075,lstm
2020-10-11 11:30:00,0.7114,0.73830646,lstm
2020-10-11 11:30:00,0.7434,0.75543654,lstm
2020-10-11 11:30:00,0.7702,0.7760837,lstm
2020-10-11 11:30:00,0.79640007,0.80187017,lstm
2020-10-11 11:45:00,0.7434,0.75791013,lstm
2020-10-11 11:45:00,0.7702,0.77341926,lstm
2020-10-11 11:45:00,0.7964,0.78927255,lstm
2020-10-11 11:45:00,0.8156,0.8139518,lstm
2020-10-11 12:00:00,0.7702001,0.7774244,lstm
2020-10-11 12:00:00,0.79639995,0.79047763,lstm
2020-10-11 12:00:00,0.8156,0.8042029,lstm
2020-10-11 12:00:00,0.8236,0.8277455,lstm
2020-10-11 12:15:00,0.7964,0.79482645,lstm
2020-10-11 12:15:00,0.8155999,0.804688,lstm
2020-10-11 12:15:00,0.8236,0.8167976,lstm
2020-10-11 12:15:00,0.8324,0.83790326,lstm
2020-10-11 12:30:00,0.8156,0.8144882,lstm
2020-10-11 12:30:00,0.82359993,0.8198918,lstm
2020-10-11 12:30:00,0.8324,0.83133376,lstm
2020-10-11 12:30:00,0.843,0.85044086,lstm
2020-10-11 12:45:00,0.8236,0.826961,lstm
2020-10-11 12:45:00,0.83239996,0.8289951,lstm
2020-10-11 12:45:00,0.843,0.8389753,lstm
2020-10-11 12:45:00,0.8516,0.85548466,lstm
2020-10-11 13:00:00,0.8324,0.8265577,lstm
2020-10-11 13:00:00,0.84299994,0.8262502,lstm
2020-10-11 13:00:00,0.8516,0.83398473,lstm
2020-10-11 13:00:00,0.8546,0.84731466,lstm
2020-10-11 13:15:00,0.843,0.8300714,lstm
2020-10-11 13:15:00,0.85159993,0.8267783,lstm
2020-10-11 13:15:00,0.8546,0.8339132,lstm
2020-10-11 13:15:00,0.8576,0.8460615,lstm
2020-10-11 13:30:00,0.8516,0.8328575,lstm
2020-10-11 13:30:00,0.85459995,0.8286067,lstm
2020-10-11 13:30:00,0.8576,0.83584416,lstm
2020-10-11 13:30:00,0.8546,0.8474122,lstm
2020-10-11 13:45:00,0.8546,0.8355731,lstm
2020-10-11 13:45:00,0.8576,0.8301214,lstm
2020-10-11 13:45:00,0.8546,0.835816,lstm
2020-10-11 13:45:00,0.8474,0.8457377,lstm
2020-10-11 14:00:00,0.8576,0.8350826,lstm
2020-10-11 14:00:00,0.85459995,0.82808065,lstm
2020-10-11 14:00:00,0.84739995,0.83154815,lstm
2020-10-11 14:00:00,0.8348,0.8389331,lstm
2020-10-11 14:15:00,0.8546,0.8384011,lstm
2020-10-11 14:15:00,0.84739995,0.82917774,lstm
2020-10-11 14:15:00,0.8348,0.8309708,lstm
2020-10-11 14:15:00,0.821,0.8367447,lstm
2020-10-11 14:30:00,0.8474,0.83732593,lstm
2020-10-11 14:30:00,0.8348,0.82592857,lstm
2020-10-11 14:30:00,0.821,0.8250769,lstm
2020-10-11 14:30:00,0.8072,0.82800746,lstm
2020-10-11 14:45:00,0.83479995,0.8350085,lstm
2020-10-11 14:45:00,0.821,0.81999385,lstm
2020-10-11 14:45:00,0.8072,0.81509084,lstm
2020-10-11 14:45:00,0.7856,0.814457,lstm
2020-10-11 15:00:00,0.821,0.82500297,lstm
2020-10-11 15:00:00,0.80719995,0.80545735,lstm
2020-10-11 15:00:00,0.7856,0.79593146,lstm
2020-10-11 15:00:00,0.7596,0.7900527,lstm
2020-10-11 15:15:00,0.8072,0.81305325,lstm
2020-10-11 15:15:00,0.78559995,0.7870183,lstm
2020-10-11 15:15:00,0.7596,0.7732191,lstm
2020-10-11 15:15:00,0.7306,0.76209843,lstm
2020-10-11 15:30:00,0.7856,0.79932487,lstm
2020-10-11 15:30:00,0.7595999,0.7656188,lstm
2020-10-11 15:30:00,0.7306,0.7474496,lstm
2020-10-11 15:30:00,0.7046,0.7309758,lstm
2020-10-11 15:45:00,0.7596,0.7774286,lstm
2020-10-11 15:45:00,0.7306,0.7359936,lstm
2020-10-11 15:45:00,0.7046,0.7120332,lstm
2020-10-11 15:45:00,0.6712,0.68850696,lstm
2020-10-11 16:00:00,0.7306,0.75267345,lstm
2020-10-11 16:00:00,0.7046,0.70384586,lstm
2020-10-11 16:00:00,0.6712,0.67467284,lstm
2020-10-11 16:00:00,0.6336,0.6463615,lstm
2020-10-11 16:15:00,0.7046,0.7282771,lstm
2020-10-11 16:15:00,0.6712,0.67468905,lstm
2020-10-11 16:15:00,0.6336,0.6390913,lstm
2020-10-11 16:15:00,0.5894,0.6082483,lstm
2020-10-11 16:30:00,0.6711999,0.70743406,lstm
2020-10-11 16:30:00,0.6336,0.6520421,lstm
2020-10-11 16:30:00,0.5894,0.605346,lstm
2020-10-11 16:30:00,0.5396,0.5708237,lstm
2020-10-11 16:45:00,0.6336,0.6743046,lstm
2020-10-11 16:45:00,0.58940005,0.6175134,lstm
2020-10-11 16:45:00,0.5396,0.55745465,lstm
2020-10-11 16:45:00,0.4846,0.51628196,lstm
2020-10-11 17:00:00,0.5894,0.63209784,lstm
2020-10-11 17:00:00,0.5396,0.57092994,lstm
2020-10-11 17:00:00,0.48459995,0.5087328,lstm
2020-10-11 17:00:00,0.4258,0.46240157,lstm
2020-10-11 17:15:00,0.5396,0.5674448,lstm
2020-10-11 17:15:00,0.48460004,0.5026756,lstm
2020-10-11 17:15:00,0.4258,0.43653685,lstm
2020-10-11 17:15:00,0.363,0.38138264,lstm
2020-10-11 17:30:00,0.4846,0.49960527,lstm
2020-10-11 17:30:00,0.4258,0.4206562,lstm
2020-10-11 17:30:00,0.363,0.34037188,lstm
2020-10-11 17:30:00,0.2936,0.2689882,lstm
2020-10-11 17:45:00,0.4258,0.41332018,lstm
2020-10-11 17:45:00,0.36299998,0.3232659,lstm
2020-10-11 17:45:00,0.2936,0.2351893,lstm
2020-10-11 17:45:00,0.2214,0.16392845,lstm
2020-10-11 18:00:00,0.363,0.34034497,lstm
2020-10-11 18:00:00,0.2936,0.24692404,lstm
2020-10-11 18:00:00,0.2214,0.15791377,lstm
2020-10-11 18:00:00,0.1494,0.09643752,lstm
2020-10-11 18:15:00,0.2936,0.26151615,lstm
2020-10-11 18:15:00,0.2214,0.17101106,lstm
2020-10-11 18:15:00,0.1494,0.09234725,lstm
2020-10-11 18:15:00,0.0788,0.04344447,lstm
2020-10-11 18:30:00,0.2214,0.17350538,lstm
2020-10-11 18:30:00,0.1494,0.09682141,lstm
2020-10-11 18:30:00,0.0788,0.040969506,lstm
2020-10-11 18:30:00,0.017999977,0.011923626,lstm
2020-10-11 18:45:00,0.1494,0.0919941,lstm
2020-10-11 18:45:00,0.0788,0.038752332,lstm
2020-10-11 18:45:00,0.017999992,0.0075084865,lstm
2020-10-11 18:45:00,0.0,-0.00035442412,lstm
2020-10-11 19:00:00,0.0788,0.04093884,lstm
2020-10-11 19:00:00,0.018000007,0.008477315,lstm
2020-10-11 19:00:00,0.0,-0.005847767,lstm
2020-10-11 19:00:00,0.0,-0.004548624,lstm
2020-10-11 19:15:00,0.018000007,0.017149135,lstm
2020-10-11 19:15:00,0.0,-0.0020487756,lstm
2020-10-11 19:15:00,0.0,-0.008298188,lstm
2020-10-11 19:15:00,0.0,-0.0048439205,lstm
2020-10-11 19:30:00,0.0,0.0069748014,lstm
2020-10-11 19:30:00,0.0,-0.004721418,lstm
2020-10-11 19:30:00,0.0,-0.007346809,lstm
2020-10-11 19:30:00,0.0,-0.0037388057,lstm
2020-10-11 19:45:00,0.0,0.0026545078,lstm
2020-10-11 19:45:00,0.0,-0.004532978,lstm
2020-10-11 19:45:00,0.0,-0.004541382,lstm
2020-10-11 19:45:00,0.0,-0.001752317,lstm
2020-10-11 20:00:00,0.0,9.088218e-05,lstm
2020-10-11 20:00:00,0.0,-0.0041244924,lstm
2020-10-11 20:00:00,0.0,-0.003107369,lstm
2020-10-11 20:00:00,0.0,-0.0006195456,lstm
2020-10-11 20:15:00,0.0,-0.0011478066,lstm
2020-10-11 20:15:00,0.0,-0.0039792955,lstm
2020-10-11 20:15:00,0.0,-0.00240843,lstm
2020-10-11 20:15:00,0.0,-0.00017489493,lstm
2020-10-11 20:30:00,0.0,-0.0017406791,lstm
2020-10-11 20:30:00,0.0,-0.0039268434,lstm
2020-10-11 20:30:00,0.0,-0.0020278841,lstm
2020-10-11 20:30:00,0.0,9.983778e-07,lstm
2020-10-11 20:45:00,0.0,-0.0020519793,lstm
2020-10-11 20:45:00,0.0,-0.003991142,lstm
2020-10-11 20:45:00,0.0,-0.0019875616,lstm
2020-10-11 20:45:00,0.0,1.9907951e-05,lstm
2020-10-11 21:00:00,0.0,-0.0022296011,lstm
2020-10-11 21:00:00,0.0,-0.003999546,lstm
2020-10-11 21:00:00,0.0,-0.0019309074,lstm
2020-10-11 21:00:00,0.0,8.037686e-05,lstm
2020-10-11 21:15:00,0.0,-0.0023194253,lstm
2020-10-11 21:15:00,0.0,-0.0039927512,lstm
2020-10-11 21:15:00,0.0,-0.001889959,lstm
2020-10-11 21:15:00,0.0,0.00012499094,lstm
2020-10-11 21:30:00,0.0,-0.0023673177,lstm
2020-10-11 21:30:00,0.0,-0.003981009,lstm
2020-10-11 21:30:00,0.0,-0.0018579364,lstm
2020-10-11 21:30:00,0.0,0.00015814602,lstm
2020-10-11 21:45:00,0.0,-0.0024332702,lstm
2020-10-11 21:45:00,0.0,-0.0040415674,lstm
2020-10-11 21:45:00,0.0,-0.0019896924,lstm
2020-10-11 21:45:00,0.0,0.00012721121,lstm
2020-10-11 22:00:00,0.0,-0.002457559,lstm
2020-10-11 22:00:00,0.0,-0.004018739,lstm
2020-10-11 22:00:00,0.0,-0.0019860417,lstm
2020-10-11 22:00:00,0.0,0.00018501282,lstm
2020-10-11 22:15:00,0.0,-0.0024720281,lstm
2020-10-11 22:15:00,0.0,-0.0039907694,lstm
2020-10-11 22:15:00,0.0,-0.0019615442,lstm
2020-10-11 22:15:00,0.0,0.00023384392,lstm
2020-10-11 22:30:00,0.0,-0.0024797767,lstm
2020-10-11 22:30:00,0.0,-0.0039672107,lstm
2020-10-11 22:30:00,0.0,-0.0019382685,lstm
2020-10-11 22:30:00,0.0,0.00026719272,lstm
2020-10-11 22:45:00,0.0,-0.0025396794,lstm
2020-10-11 22:45:00,0.0,-0.004016623,lstm
2020-10-11 22:45:00,0.0,-0.00207223,lstm
2020-10-11 22:45:00,0.0,0.00022831559,lstm
2020-10-11 23:00:00,0.0,-0.002542004,lstm
2020-10-11 23:00:00,0.0,-0.0039798617,lstm
2020-10-11 23:00:00,0.0,-0.0020489693,lstm
2020-10-11 23:00:00,0.0,0.00028420985,lstm
2020-10-11 23:15:00,0.0,-0.0025394112,lstm
2020-10-11 23:15:00,0.0,-0.0039497763,lstm
2020-10-11 23:15:00,0.0,-0.0020315647,lstm
2020-10-11 23:15:00,0.0,0.0003183335,lstm
2020-10-11 23:30:00,0.0,-0.0025350153,lstm
2020-10-11 23:30:00,0.0,-0.0039245635,lstm
2020-10-11 23:30:00,0.0,-0.0020124912,lstm
2020-10-11 23:30:00,0.0,0.00034740567,lstm
2020-10-11 23:45:00,0.0,-0.0025908798,lstm
2020-10-11 23:45:00,0.0,-0.0039589107,lstm
2020-10-11 23:45:00,0.0,-0.0021358281,lstm
2020-10-11 23:45:00,0.0,0.00030083954,lstm
2020-10-12 00:00:00,0.0,-0.0025743097,lstm
2020-10-12 00:00:00,0.0,-0.0039024502,lstm
2020-10-12 00:00:00,0.0,-0.0020930767,lstm
2020-10-12 00:00:00,0.0,0.0003567487,lstm
2020-10-12 00:15:00,0.0,-0.0025591552,lstm
2020-10-12 00:15:00,0.0,-0.003868863,lstm
2020-10-12 00:15:00,0.0,-0.002068445,lstm
2020-10-12 00:15:00,0.0,0.00038468838,lstm
2020-10-12 00:30:00,0.0,-0.0025455207,lstm
2020-10-12 00:30:00,0.0,-0.0038382858,lstm
2020-10-12 00:30:00,0.0,-0.00204435,lstm
2020-10-12 00:30:00,0.0,0.0004080534,lstm
2020-10-12 00:45:00,0.0,-0.00259386,lstm
2020-10-12 00:45:00,0.0,-0.003869459,lstm
2020-10-12 00:45:00,0.0,-0.002154544,lstm
2020-10-12 00:45:00,0.0,0.00034756958,lstm
2020-10-12 01:00:00,0.0,-0.0025770217,lstm
2020-10-12 01:00:00,0.0,-0.0038219541,lstm
2020-10-12 01:00:00,0.0,-0.0021057278,lstm
2020-10-12 01:00:00,0.0,0.00038172305,lstm
2020-10-12 01:15:00,0.0,-0.002565235,lstm
2020-10-12 01:15:00,0.0,-0.0038034767,lstm
2020-10-12 01:15:00,0.0,-0.00209561,lstm
2020-10-12 01:15:00,0.0,0.00038264692,lstm
2020-10-12 01:30:00,0.0,-0.0025431067,lstm
2020-10-12 01:30:00,0.0,-0.003778845,lstm
2020-10-12 01:30:00,0.0,-0.00209181,lstm
2020-10-12 01:30:00,0.0,0.00038184226,lstm
2020-10-12 01:45:00,0.0,-0.0025838166,lstm
2020-10-12 01:45:00,0.0,-0.0038067997,lstm
2020-10-12 01:45:00,0.0,-0.0021933317,lstm
2020-10-12 01:45:00,0.0,0.0003014952,lstm
2020-10-12 02:00:00,0.0,-0.0025549233,lstm
2020-10-12 02:00:00,0.0,-0.003763333,lstm
2020-10-12 02:00:00,0.0,-0.002152875,lstm
2020-10-12 02:00:00,0.0,0.0003081113,lstm
2020-10-12 02:15:00,0.0,-0.002532795,lstm
2020-10-12 02:15:00,0.0,-0.0037555993,lstm
2020-10-12 02:15:00,0.0,-0.0021431744,lstm
2020-10-12 02:15:00,0.0,0.0002949685,lstm
2020-10-12 02:30:00,0.0,-0.0025140345,lstm
2020-10-12 02:30:00,0.0,-0.0037478358,lstm
2020-10-12 02:30:00,0.0,-0.0021460503,lstm
2020-10-12 02:30:00,0.0,0.0002786368,lstm
2020-10-12 02:45:00,0.0,-0.0025477856,lstm
2020-10-12 02:45:00,0.0,-0.003770262,lstm
2020-10-12 02:45:00,0.0,-0.002225384,lstm
2020-10-12 02:45:00,0.0,0.00019051135,lstm
2020-10-12 03:00:00,0.0,-0.0025209188,lstm
2020-10-12 03:00:00,0.0,-0.003743589,lstm
2020-10-12 03:00:00,0.0,-0.002208665,lstm
2020-10-12 03:00:00,0.0,0.00016222894,lstm
2020-10-12 03:15:00,0.0,-0.002491653,lstm
2020-10-12 03:15:00,0.0,-0.0037414134,lstm
2020-10-12 03:15:00,0.0,-0.002210468,lstm
2020-10-12 03:15:00,0.0,0.00013232231,lstm
2020-10-12 03:30:00,0.0,-0.0024697483,lstm
2020-10-12 03:30:00,0.0,-0.0037414432,lstm
2020-10-12 03:30:00,0.0,-0.0022176653,lstm
2020-10-12 03:30:00,0.0,0.000104248524,lstm
2020-10-12 03:45:00,0.0,-0.0025037527,lstm
2020-10-12 03:45:00,0.0,-0.0037697554,lstm
2020-10-12 03:45:00,0.0,-0.0022704601,lstm
2020-10-12 03:45:00,0.0,1.4215708e-05,lstm
2020-10-12 04:00:00,0.0,-0.0024915487,lstm
2020-10-12 04:00:00,0.0,-0.0037733912,lstm
2020-10-12 04:00:00,0.0,-0.0022725612,lstm
2020-10-12 04:00:00,0.0,-4.8205256e-05,lstm
2020-10-12 04:15:00,0.0,-0.002464205,lstm
2020-10-12 04:15:00,0.0,-0.003793642,lstm
2020-10-12 04:15:00,0.0,-0.0023000687,lstm
2020-10-12 04:15:00,0.0,-0.000110358,lstm
2020-10-12 04:30:00,0.0,-0.0024430752,lstm
2020-10-12 04:30:00,0.0,-0.00381428,lstm
2020-10-12 04:30:00,0.0,-0.0023297817,lstm
2020-10-12 04:30:00,0.0,-0.00016096234,lstm
2020-10-12 04:45:00,0.0,-0.002476722,lstm
2020-10-12 04:45:00,0.0,-0.0038549453,lstm
2020-10-12 04:45:00,0.0,-0.0023703277,lstm
2020-10-12 04:45:00,0.0,-0.0002527386,lstm
2020-10-12 05:00:00,0.0,-0.002473861,lstm
2020-10-12 05:00:00,0.0,-0.0039015114,lstm
2020-10-12 05:00:00,0.0,-0.0024101287,lstm
2020-10-12 05:00:00,0.0,-0.00034476817,lstm
2020-10-12 05:15:00,0.0,-0.0024580061,lstm
2020-10-12 05:15:00,0.0,-0.0039494783,lstm
2020-10-12 05:15:00,0.0,-0.0024497658,lstm
2020-10-12 05:15:00,0.0,-0.00040982664,lstm
2020-10-12 05:30:00,0.0,-0.0024381727,lstm
2020-10-12 05:30:00,0.0,-0.003995985,lstm
2020-10-12 05:30:00,0.0,-0.002508521,lstm
2020-10-12 05:30:00,0.0,-0.00047922134,lstm
2020-10-12 05:45:00,0.0,-0.002482906,lstm
2020-10-12 05:45:00,0.0,-0.0040597916,lstm
2020-10-12 05:45:00,0.0,-0.0025479794,lstm
2020-10-12 05:45:00,0.0,-0.0005455166,lstm
2020-10-12 06:00:00,0.0,-0.002506867,lstm
2020-10-12 06:00:00,0.0,-0.0041567385,lstm
2020-10-12 06:00:00,0.0,-0.0026093572,lstm
2020-10-12 06:00:00,0.0,-0.00062282383,lstm
2020-10-12 06:15:00,0.0,-0.0025026947,lstm
2020-10-12 06:15:00,0.0,-0.004247844,lstm
2020-10-12 06:15:00,0.0,-0.0026889741,lstm
2020-10-12 06:15:00,0.0,-0.0006759912,lstm
2020-10-12 06:30:00,0.0,-0.0024937391,lstm
2020-10-12 06:30:00,0.0,-0.0043347925,lstm
2020-10-12 06:30:00,0.0,-0.0027592778,lstm
2020-10-12 06:30:00,0.0,-0.0007031113,lstm
2020-10-12 06:45:00,0.0,-0.0025532097,lstm
2020-10-12 06:45:00,0.0,-0.004434794,lstm
2020-10-12 06:45:00,0.0,-0.0027846843,lstm
2020-10-12 06:45:00,0.0,-0.00066906214,lstm
2020-10-12 07:00:00,0.0,-0.0026046038,lstm
2020-10-12 07:00:00,0.0,-0.004601896,lstm
2020-10-12 07:00:00,0.0,-0.002845198,lstm
2020-10-12 07:00:00,0.0,-0.00061036646,lstm
2020-10-12 07:15:00,0.0,-0.002603501,lstm
2020-10-12 07:15:00,0.0,-0.004773289,lstm
2020-10-12 07:15:00,0.0,-0.0029111654,lstm
2020-10-12 07:15:00,0.0,-0.0004606545,lstm
2020-10-12 07:30:00,0.0,-0.0025579035,lstm
2020-10-12 07:30:00,0.0,-0.0049728304,lstm
2020-10-12 07:30:00,0.0,-0.0029281378,lstm
2020-10-12 07:30:00,0.0,-8.72761e-05,lstm
2020-10-12 07:45:00,0.0,-0.0025087744,lstm
2020-10-12 07:45:00,0.0,-0.0051518083,lstm
2020-10-12 07:45:00,0.0,-0.0026301295,lstm
2020-10-12 07:45:00,0.010600001,0.0010277927,lstm
2020-10-12 08:00:00,0.0,-0.0023280233,lstm
2020-10-12 08:00:00,0.0,-0.005338952,lstm
2020-10-12 08:00:00,0.0106000155,-0.0014881343,lstm
2020-10-12 08:00:00,0.056799993,0.004759416,lstm
2020-10-12 08:15:00,0.0,-0.0023597628,lstm
2020-10-12 08:15:00,0.010600001,-0.003452748,lstm
2020-10-12 08:15:00,0.056799993,0.005972177,lstm
2020-10-12 08:15:00,0.125,0.023814842,lstm
2020-10-12 08:30:00,0.010600001,-0.0016288161,lstm
2020-10-12 08:30:00,0.056800008,0.01613073,lstm
2020-10-12 08:30:00,0.125,0.047452047,lstm
2020-10-12 08:30:00,0.2018,0.10123752,lstm
2020-10-12 08:45:00,0.056800008,0.013736874,lstm
2020-10-12 08:45:00,0.125,0.048540935,lstm
2020-10-12 08:45:00,0.2018,0.10294687,lstm
2020-10-12 08:45:00,0.272,0.17661819,lstm
2020-10-12 09:00:00,0.125,0.11366888,lstm
2020-10-12 09:00:00,0.2018,0.17381397,lstm
2020-10-12 09:00:00,0.272,0.26323664,lstm
2020-10-12 09:00:00,0.3432,0.3439616,lstm
2020-10-12 09:15:00,0.2018,0.20678738,lstm
2020-10-12 09:15:00,0.272,0.28327742,lstm
2020-10-12 09:15:00,0.3432,0.37717086,lstm
2020-10-12 09:15:00,0.4098,0.4501058,lstm
2020-10-12 09:30:00,0.272,0.2830544,lstm
2020-10-12 09:30:00,0.34320003,0.35480046,lstm
2020-10-12 09:30:00,0.4098,0.42277807,lstm
2020-10-12 09:30:00,0.4748,0.49578953,lstm
2020-10-12 09:45:00,0.3432,0.3475589,lstm
2020-10-12 09:45:00,0.4098,0.4166368,lstm
2020-10-12 09:45:00,0.4748,0.47103572,lstm
2020-10-12 09:45:00,0.5334,0.54479545,lstm
2020-10-12 10:00:00,0.4098,0.4159199,lstm
2020-10-12 10:00:00,0.4748,0.47976726,lstm
2020-10-12 10:00:00,0.5334,0.5326427,lstm
2020-10-12 10:00:00,0.5868,0.5976712,lstm
2020-10-12 10:15:00,0.4748,0.4866986,lstm
2020-10-12 10:15:00,0.5334,0.53951895,lstm
2020-10-12 10:15:00,0.5868,0.59128195,lstm
2020-10-12 10:15:00,0.6334,0.6387332,lstm
2020-10-12 10:30:00,0.53340006,0.55770326,lstm
2020-10-12 10:30:00,0.5868,0.59633625,lstm
2020-10-12 10:30:00,0.6334,0.6435537,lstm
2020-10-12 10:30:00,0.6738,0.6750534,lstm
2020-10-12 10:45:00,0.5868,0.61800647,lstm
2020-10-12 10:45:00,0.6334,0.6463945,lstm
2020-10-12 10:45:00,0.6738,0.6874465,lstm
2020-10-12 10:45:00,0.7124,0.7125569,lstm
2020-10-12 11:00:00,0.6334,0.66368055,lstm
2020-10-12 11:00:00,0.6738,0.68725693,lstm
2020-10-12 11:00:00,0.7124,0.7214975,lstm
2020-10-12 11:00:00,0.74480003,0.74700654,lstm
2020-10-12 11:15:00,0.6738,0.6982977,lstm
2020-10-12 11:15:00,0.71239996,0.7200736,lstm
2020-10-12 11:15:00,0.7448,0.74757135,lstm
2020-10-12 11:15:00,0.7696,0.77464896,lstm
2020-10-12 11:30:00,0.7124,0.7244955,lstm
2020-10-12 11:30:00,0.7448,0.74508905,lstm
2020-10-12 11:30:00,0.7696,0.7667233,lstm
2020-10-12 11:30:00,0.7982,0.794295,lstm
2020-10-12 11:45:00,0.7448,0.74742496,lstm
2020-10-12 11:45:00,0.7695999,0.7660415,lstm
2020-10-12 11:45:00,0.7982,0.7834234,lstm
2020-10-12 11:45:00,0.819,0.8108989,lstm
2020-10-12 12:00:00,0.7696,0.7651672,lstm
2020-10-12 12:00:00,0.7982,0.7814808,lstm
2020-10-12 12:00:00,0.819,0.7957532,lstm
2020-10-12 12:00:00,0.8342,0.82112813,lstm
2020-10-12 12:15:00,0.7982,0.78006953,lstm
2020-10-12 12:15:00,0.819,0.7923746,lstm
2020-10-12 12:15:00,0.8342,0.8040575,lstm
2020-10-12 12:15:00,0.8498,0.8262471,lstm
2020-10-12 12:30:00,0.819,0.8028118,lstm
2020-10-12 12:30:00,0.8342,0.81024396,lstm
2020-10-12 12:30:00,0.8498,0.8214589,lstm
2020-10-12 12:30:00,0.8598,0.8423245,lstm
2020-10-12 12:45:00,0.8342,0.8178756,lstm
2020-10-12 12:45:00,0.8498,0.8216901,lstm
2020-10-12 12:45:00,0.8598,0.8312558,lstm
2020-10-12 12:45:00,0.866,0.84922856,lstm
2020-10-12 13:00:00,0.8498,0.8239212,lstm
2020-10-12 13:00:00,0.8598,0.8255799,lstm
2020-10-12 13:00:00,0.866,0.8340766,lstm
2020-10-12 13:00:00,0.8684,0.8498317,lstm
2020-10-12 13:15:00,0.8598,0.8298882,lstm
2020-10-12 13:15:00,0.86599994,0.82975674,lstm
2020-10-12 13:15:00,0.8684,0.8379162,lstm
2020-10-12 13:15:00,0.87,0.8526145,lstm
2020-10-12 13:30:00,0.866,0.8313616,lstm
2020-10-12 13:30:00,0.8684,0.83013487,lstm
2020-10-12 13:30:00,0.87,0.8372641,lstm
2020-10-12 13:30:00,0.8686001,0.8498756,lstm
2020-10-12 13:45:00,0.8684,0.8349314,lstm
2020-10-12 13:45:00,0.87,0.830765,lstm
2020-10-12 13:45:00,0.86859995,0.83534354,lstm
2020-10-12 13:45:00,0.86239994,0.8452986,lstm
2020-10-12 14:00:00,0.87,0.83652043,lstm
2020-10-12 14:00:00,0.8686,0.82943606,lstm
2020-10-12 14:00:00,0.8624,0.8314319,lstm
2020-10-12 14:00:00,0.855,0.83808553,lstm
2020-10-12 14:15:00,0.8686,0.8391431,lstm
2020-10-12 14:15:00,0.86239994,0.82893527,lstm
2020-10-12 14:15:00,0.855,0.82880586,lstm
2020-10-12 14:15:00,0.8432,0.8326923,lstm
2020-10-12 14:30:00,0.8624,0.8384461,lstm
2020-10-12 14:30:00,0.855,0.82579947,lstm
2020-10-12 14:30:00,0.8432,0.82335204,lstm
2020-10-12 14:30:00,0.8244,0.8241312,lstm
2020-10-12 14:45:00,0.855,0.8345332,lstm
2020-10-12 14:45:00,0.84319997,0.8187175,lstm
2020-10-12 14:45:00,0.82439995,0.8120197,lstm
2020-10-12 14:45:00,0.8036,0.808515,lstm
2020-10-12 15:00:00,0.8432,0.82563597,lstm
2020-10-12 15:00:00,0.82439995,0.80589306,lstm
2020-10-12 15:00:00,0.8036,0.7947836,lstm
2020-10-12 15:00:00,0.7766,0.7865515,lstm
2020-10-12 15:15:00,0.8244,0.8110425,lstm
2020-10-12 15:15:00,0.80359995,0.7858875,lstm
2020-10-12 15:15:00,0.7766,0.7697926,lstm
2020-10-12 15:15:00,0.7468,0.7554331,lstm
2020-10-12 15:30:00,0.8036,0.7895406,lstm
2020-10-12 15:30:00,0.7766,0.7574711,lstm
2020-10-12 15:30:00,0.7468,0.73550105,lstm
2020-10-12 15:30:00,0.7114,0.7141731,lstm
2020-10-12 15:45:00,0.7766,0.7670934,lstm
2020-10-12 15:45:00,0.74679995,0.72669315,lstm
2020-10-12 15:45:00,0.7114,0.6986148,lstm
2020-10-12 15:45:00,0.67399997,0.6713886,lstm
2020-10-12 16:00:00,0.7468,0.74154466,lstm
2020-10-12 16:00:00,0.7113999,0.69378483,lstm
2020-10-12 16:00:00,0.674,0.66022885,lstm
2020-10-12 16:00:00,0.6308,0.6284146,lstm
2020-10-12 16:15:00,0.7114,0.71849763,lstm
2020-10-12 16:15:00,0.674,0.6641808,lstm
2020-10-12 16:15:00,0.6308,0.6238104,lstm
2020-10-12 16:15:00,0.5822,0.5882126,lstm
2020-10-12 16:30:00,0.674,0.6948065,lstm
2020-10-12 16:30:00,0.6308,0.6356691,lstm
2020-10-12 16:30:00,0.5822,0.5864623,lstm
2020-10-12 16:30:00,0.5292,0.5447194,lstm
2020-10-12 16:45:00,0.6308,0.66499424,lstm
2020-10-12 16:45:00,0.5822,0.59830415,lstm
2020-10-12 16:45:00,0.5292,0.54209596,lstm
2020-10-12 16:45:00,0.47280002,0.49320698,lstm
2020-10-12 17:00:00,0.5822,0.6164688,lstm
2020-10-12 17:00:00,0.5292,0.54511166,lstm
2020-10-12 17:00:00,0.47280002,0.48619878,lstm
2020-10-12 17:00:00,0.4118,0.43235216,lstm
2020-10-12 17:15:00,0.5292001,0.5493485,lstm
2020-10-12 17:15:00,0.4728,0.47612685,lstm
2020-10-12 17:15:00,0.4118,0.41157138,lstm
2020-10-12 17:15:00,0.3484,0.35130703,lstm
2020-10-12 17:30:00,0.4728,0.487049,lstm
2020-10-12 17:30:00,0.4118,0.40736312,lstm
2020-10-12 17:30:00,0.3484,0.3274579,lstm
2020-10-12 17:30:00,0.277,0.2593017,lstm
2020-10-12 17:45:00,0.4118,0.42223686,lstm
2020-10-12 17:45:00,0.3484,0.33159316,lstm
2020-10-12 17:45:00,0.277,0.24458212,lstm
2020-10-12 17:45:00,0.2012,0.17368893,lstm
2020-10-12 18:00:00,0.3484,0.34960252,lstm
2020-10-12 18:00:00,0.277,0.25178075,lstm
2020-10-12 18:00:00,0.2012,0.16661628,lstm
2020-10-12 18:00:00,0.1244,0.101825505,lstm
2020-10-12 18:15:00,0.277,0.26818407,lstm
2020-10-12 18:15:00,0.2012,0.17292012,lstm
2020-10-12 18:15:00,0.1244,0.09854883,lstm
2020-10-12 18:15:00,0.054999992,0.047196746,lstm
2020-10-12 18:30:00,0.2012,0.17905906,lstm
2020-10-12 18:30:00,0.1244,0.0976058,lstm
2020-10-12 18:30:00,0.054999992,0.046187535,lstm
2020-10-12 18:30:00,0.009599999,0.014215022,lstm
2020-10-12 18:45:00,0.1244,0.095184505,lstm
2020-10-12 18:45:00,0.055000022,0.039898306,lstm
2020-10-12 18:45:00,0.009599999,0.010560557,lstm
2020-10-12 18:45:00,0.0,0.0013727397,lstm
2020-10-12 19:00:00,0.055000007,0.04089427,lstm
2020-10-12 19:00:00,0.009599984,0.00889118,lstm
2020-10-12 19:00:00,0.0,-0.0050005764,lstm
2020-10-12 19:00:00,0.0,-0.0033896416,lstm
2020-10-12 19:15:00,0.0096000135,0.016599715,lstm
2020-10-12 19:15:00,0.0,-0.0016215742,lstm
2020-10-12 19:15:00,0.0,-0.0076871067,lstm
2020-10-12 19:15:00,0.0,-0.0039776266,lstm
2020-10-12 19:30:00,0.0,0.006778121,lstm
2020-10-12 19:30:00,0.0,-0.004016936,lstm
2020-10-12 19:30:00,0.0,-0.0062372833,lstm
2020-10-12 19:30:00,0.0,-0.0027554035,lstm
2020-10-12 19:45:00,0.0,0.0022324622,lstm
2020-10-12 19:45:00,0.0,-0.0038942099,lstm
2020-10-12 19:45:00,0.0,-0.0039993674,lstm
2020-10-12 19:45:00,0.0,-0.0010791421,lstm
2020-10-12 20:00:00,0.0,-0.0001462698,lstm
2020-10-12 20:00:00,0.0,-0.0038903654,lstm
2020-10-12 20:00:00,0.0,-0.0028046817,lstm
2020-10-12 20:00:00,0.0,-0.0003233254,lstm
2020-10-12 20:15:00,0.0,-0.0012795776,lstm
2020-10-12 20:15:00,0.0,-0.00392361,lstm
2020-10-12 20:15:00,0.0,-0.002283901,lstm
2020-10-12 20:15:00,0.0,-0.000106945634,lstm
2020-10-12 20:30:00,0.0,-0.0018000603,lstm
2020-10-12 20:30:00,0.0,-0.003940746,lstm
2020-10-12 20:30:00,0.0,-0.0020382255,lstm
2020-10-12 20:30:00,0.0,-5.9455633e-06,lstm
2020-10-12 20:45:00,0.0,-0.0020781606,lstm
2020-10-12 20:45:00,0.0,-0.004027143,lstm
2020-10-12 20:45:00,0.0,-0.002039045,lstm
2020-10-12 20:45:00,0.0,9.834766e-06,lstm
2020-10-12 21:00:00,0.0,-0.0022363365,lstm
2020-10-12 21:00:00,0.0,-0.004044488,lstm
2020-10-12 21:00:00,0.0,-0.002004072,lstm
2020-10-12 21:00:00,0.0,6.978214e-05,lstm
2020-10-12 21:15:00,0.0,-0.002321303,lstm
2020-10-12 21:15:00,0.0,-0.004038736,lstm
2020-10-12 21:15:00,0.0,-0.0019639134,lstm
2020-10-12 21:15:00,0.0,0.00012253225,lstm
2020-10-12 21:30:00,0.0,-0.002365008,lstm
2020-10-12 21:30:00,0.0,-0.004024297,lstm
2020-10-12 21:30:00,0.0,-0.001929462,lstm
2020-10-12 21:30:00,0.0,0.00016088784,lstm
2020-10-12 21:45:00,0.0,-0.0024261922,lstm
2020-10-12 21:45:00,0.0,-0.0040744543,lstm
2020-10-12 21:45:00,0.0,-0.0020423084,lstm
2020-10-12 21:45:00,0.0,0.00013837218,lstm
2020-10-12 22:00:00,0.0,-0.0024571866,lstm
2020-10-12 22:00:00,0.0,-0.0040532947,lstm
2020-10-12 22:00:00,0.0,-0.0020266622,lstm
2020-10-12 22:00:00,0.0,0.00019298494,lstm
2020-10-12 22:15:00,0.0,-0.0024734288,lstm
2020-10-12 22:15:00,0.0,-0.004027888,lstm
2020-10-12 22:15:00,0.0,-0.0020045042,lstm
2020-10-12 22:15:00,0.0,0.00023141503,lstm
2020-10-12 22:30:00,0.0,-0.0024806857,lstm
2020-10-12 22:30:00,0.0,-0.004006237,lstm
2020-10-12 22:30:00,0.0,-0.0019844323,lstm
2020-10-12 22:30:00,0.0,0.0002604872,lstm
2020-10-12 22:45:00,0.0,-0.0025318563,lstm
2020-10-12 22:45:00,0.0,-0.004051566,lstm
2020-10-12 22:45:00,0.0,-0.0021114647,lstm
2020-10-12 22:45:00,0.0,0.00022253394,lstm
2020-10-12 23:00:00,0.0,-0.0025320947,lstm
2020-10-12 23:00:00,0.0,-0.004007399,lstm
2020-10-12 23:00:00,0.0,-0.0020884573,lstm
2020-10-12 23:00:00,0.0,0.00027799606,lstm
2020-10-12 23:15:00,0.0,-0.002529174,lstm
2020-10-12 23:15:00,0.0,-0.003974244,lstm
2020-10-12 23:15:00,0.0,-0.0020592809,lstm
2020-10-12 23:15:00,0.0,0.00031737983,lstm
2020-10-12 23:30:00,0.0,-0.002524674,lstm
2020-10-12 23:30:00,0.0,-0.0039544106,lstm
2020-10-12 23:30:00,0.0,-0.0020449907,lstm
2020-10-12 23:30:00,0.0,0.00033923984,lstm
2020-10-12 23:45:00,0.0,-0.002572298,lstm
2020-10-12 23:45:00,0.0,-0.003979042,lstm
2020-10-12 23:45:00,0.0,-0.0021507442,lstm
2020-10-12 23:45:00,0.0,0.0003014356,lstm
2020-10-13 00:00:00,0.0,-0.0025509298,lstm
2020-10-13 00:00:00,0.0,-0.0039209276,lstm
2020-10-13 00:00:00,0.0,-0.00211443,lstm
2020-10-13 00:00:00,0.0,0.00034816563,lstm
2020-10-13 00:15:00,0.0,-0.0025375932,lstm
2020-10-13 00:15:00,0.0,-0.0038929135,lstm
2020-10-13 00:15:00,0.0,-0.0020878762,lstm
2020-10-13 00:15:00,0.0,0.0003783852,lstm
2020-10-13 00:30:00,0.0,-0.0025301129,lstm
2020-10-13 00:30:00,0.0,-0.003865838,lstm
2020-10-13 00:30:00,0.0,-0.002056107,lstm
2020-10-13 00:30:00,0.0,0.00040252507,lstm
2020-10-13 00:45:00,0.0,-0.0025692284,lstm
2020-10-13 00:45:00,0.0,-0.0038874,lstm
2020-10-13 00:45:00,0.0,-0.0021594763,lstm
2020-10-13 00:45:00,0.0,0.000341177,lstm
2020-10-13 01:00:00,0.0,-0.0025512874,lstm
2020-10-13 01:00:00,0.0,-0.0038407743,lstm
2020-10-13 01:00:00,0.0,-0.002119884,lstm
2020-10-13 01:00:00,0.0,0.00037063658,lstm
2020-10-13 01:15:00,0.0,-0.0025379062,lstm
2020-10-13 01:15:00,0.0,-0.003820166,lstm
2020-10-13 01:15:00,0.0,-0.0021060705,lstm
2020-10-13 01:15:00,0.0,0.00037620962,lstm
2020-10-13 01:30:00,0.0,-0.0025272071,lstm
2020-10-13 01:30:00,0.0,-0.00380598,lstm
2020-10-13 01:30:00,0.0,-0.0020964146,lstm
2020-10-13 01:30:00,0.0,0.0003799945,lstm
2020-10-13 01:45:00,0.0,-0.0025682598,lstm
2020-10-13 01:45:00,0.0,-0.0038285404,lstm
2020-10-13 01:45:00,0.0,-0.002186492,lstm
2020-10-13 01:45:00,0.0,0.00030225515,lstm
2020-10-13 02:00:00,0.0,-0.002550289,lstm
2020-10-13 02:00:00,0.0,-0.0037903786,lstm
2020-10-13 02:00:00,0.0,-0.0021531582,lstm
2020-10-13 02:00:00,0.0,0.00030517578,lstm
2020-10-13 02:15:00,0.0,-0.0025312006,lstm
2020-10-13 02:15:00,0.0,-0.0037821382,lstm
2020-10-13 02:15:00,0.0,-0.002148077,lstm
2020-10-13 02:15:00,0.0,0.00028960407,lstm
2020-10-13 02:30:00,0.0,-0.002518773,lstm
2020-10-13 02:30:00,0.0,-0.0037783682,lstm
2020-10-13 02:30:00,0.0,-0.0021492243,lstm
2020-10-13 02:30:00,0.0,0.0002747476,lstm
2020-10-13 02:45:00,0.0,-0.0025554001,lstm
2020-10-13 02:45:00,0.0,-0.0038048774,lstm
2020-10-13 02:45:00,0.0,-0.0022267848,lstm
2020-10-13 02:45:00,0.0,0.00018337369,lstm
2020-10-13 03:00:00,0.0,-0.0025378317,lstm
2020-10-13 03:00:00,0.0,-0.0037844926,lstm
2020-10-13 03:00:00,0.0,-0.002206862,lstm
2020-10-13 03:00:00,0.0,0.00015674531,lstm
2020-10-13 03:15:00,0.0,-0.002518922,lstm
2020-10-13 03:15:00,0.0,-0.0037875026,lstm
2020-10-13 03:15:00,0.0,-0.002218902,lstm
2020-10-13 03:15:00,0.0,0.00011856854,lstm
2020-10-13 03:30:00,0.0,-0.0025025308,lstm
2020-10-13 03:30:00,0.0,-0.0037946105,lstm
2020-10-13 03:30:00,0.0,-0.002227813,lstm
2020-10-13 03:30:00,0.0,9.037554e-05,lstm
2020-10-13 03:45:00,0.0,-0.0025442988,lstm
2020-10-13 03:45:00,0.0,-0.0038282424,lstm
2020-10-13 03:45:00,0.0,-0.0022799522,lstm
2020-10-13 03:45:00,0.0,-6.3180923e-06,lstm
2020-10-13 04:00:00,0.0,-0.0025449693,lstm
2020-10-13 04:00:00,0.0,-0.0038446337,lstm
2020-10-13 04:00:00,0.0,-0.002282858,lstm
2020-10-13 04:00:00,0.0,-6.9350004e-05,lstm
2020-10-13 04:15:00,0.0,-0.002533406,lstm
2020-10-13 04:15:00,0.0,-0.003872931,lstm
2020-10-13 04:15:00,0.0,-0.0023123026,lstm
2020-10-13 04:15:00,0.0,-0.00013631582,lstm
2020-10-13 04:30:00,0.0,-0.0025205612,lstm
2020-10-13 04:30:00,0.0,-0.003905505,lstm
2020-10-13 04:30:00,0.0,-0.0023504645,lstm
2020-10-13 04:30:00,0.0,-0.00019732118,lstm
2020-10-13 04:45:00,0.0,-0.0025691837,lstm
2020-10-13 04:45:00,0.0,-0.003962055,lstm
2020-10-13 04:45:00,0.0,-0.0023982227,lstm
2020-10-13 04:45:00,0.0,-0.00030304492,lstm
2020-10-13 05:00:00,0.0,-0.0025829226,lstm
2020-10-13 05:00:00,0.0,-0.004022613,lstm
2020-10-13 05:00:00,0.0,-0.0024359226,lstm
2020-10-13 05:00:00,0.0,-0.0004053265,lstm
2020-10-13 05:15:00,0.0,-0.0025800318,lstm
2020-10-13 05:15:00,0.0,-0.0040913224,lstm
2020-10-13 05:15:00,0.0,-0.0024919063,lstm
2020-10-13 05:15:00,0.0,-0.0004951805,lstm
2020-10-13 05:30:00,0.0,-0.00257124,lstm
2020-10-13 05:30:00,0.0,-0.0041552037,lstm
2020-10-13 05:30:00,0.0,-0.0025571734,lstm
2020-10-13 05:30:00,0.0,-0.0005784184,lstm
2020-10-13 05:45:00,0.0,-0.0026382953,lstm
2020-10-13 05:45:00,0.0,-0.004246533,lstm
2020-10-13 05:45:00,0.0,-0.0025952756,lstm
2020-10-13 05:45:00,0.0,-0.00065915287,lstm
2020-10-13 06:00:00,0.0,-0.0026829839,lstm
2020-10-13 06:00:00,0.0,-0.0043688416,lstm
2020-10-13 06:00:00,0.0,-0.002655208,lstm
2020-10-13 06:00:00,0.0,-0.0007535964,lstm
2020-10-13 06:15:00,0.0,-0.0026965886,lstm
2020-10-13 06:15:00,0.0,-0.0044887215,lstm
2020-10-13 06:15:00,0.0,-0.0027367622,lstm
2020-10-13 06:15:00,0.0,-0.00082603097,lstm
2020-10-13 06:30:00,0.0,-0.0026976764,lstm
2020-10-13 06:30:00,0.0,-0.0046025068,lstm
2020-10-13 06:30:00,0.0,-0.0028075278,lstm
2020-10-13 06:30:00,0.0,-0.00086438656,lstm
2020-10-13 06:45:00,0.0,-0.002770573,lstm
2020-10-13 06:45:00,0.0,-0.004729733,lstm
2020-10-13 06:45:00,0.0,-0.0028096884,lstm
2020-10-13 06:45:00,0.0,-0.0008123368,lstm
2020-10-13 07:00:00,0.0,-0.0028167218,lstm
2020-10-13 07:00:00,0.0,-0.004909426,lstm
2020-10-13 07:00:00,0.0,-0.0028451532,lstm
2020-10-13 07:00:00,0.0,-0.00072839856,lstm
2020-10-13 07:15:00,0.0,-0.002803564,lstm
2020-10-13 07:15:00,0.0,-0.005086422,lstm
2020-10-13 07:15:00,0.0,-0.0028652549,lstm
2020-10-13 07:15:00,0.0,-0.0005258769,lstm
2020-10-13 07:30:00,0.0,-0.0027467906,lstm
2020-10-13 07:30:00,0.0,-0.005281329,lstm
2020-10-13 07:30:00,0.0,-0.0028355867,lstm
2020-10-13 07:30:00,0.0,-0.00010675192,lstm
2020-10-13 07:45:00,0.0,-0.002680853,lstm
2020-10-13 07:45:00,0.0,-0.0054191053,lstm
2020-10-13 07:45:00,0.0,-0.0024454594,lstm
2020-10-13 07:45:00,0.0021999925,0.0010760278,lstm
2020-10-13 08:00:00,0.0,-0.0024834722,lstm
2020-10-13 08:00:00,0.0,-0.0055162013,lstm
2020-10-13 08:00:00,0.0021999925,-0.0012593418,lstm
2020-10-13 08:00:00,0.013600007,0.004551947,lstm
2020-10-13 08:15:00,0.0,-0.0023040622,lstm
2020-10-13 08:15:00,0.0022000074,-0.003914684,lstm
2020-10-13 08:15:00,0.013600007,0.005341798,lstm
2020-10-13 08:15:00,0.0492,0.021001697,lstm
2020-10-13 08:30:00,0.0022000074,-0.0019774586,lstm
2020-10-13 08:30:00,0.013600007,0.01486139,lstm
2020-10-13 08:30:00,0.049200013,0.046032235,lstm
2020-10-13 08:30:00,0.1116,0.09812763,lstm
2020-10-13 08:45:00,0.013600007,0.004188299,lstm
2020-10-13 08:45:00,0.0492,0.037921786,lstm
2020-10-13 08:45:00,0.11159999,0.0898874,lstm
2020-10-13 08:45:00,0.2226,0.16317381,lstm
2020-10-13 09:00:00,0.049200013,0.03731449,lstm
2020-10-13 09:00:00,0.1116,0.08643919,lstm
2020-10-13 09:00:00,0.2226,0.15926549,lstm
2020-10-13 09:00:00,0.2174,0.23646714,lstm
2020-10-13 09:15:00,0.1116,0.09824292,lstm
2020-10-13 09:15:00,0.2226,0.16093484,lstm
2020-10-13 09:15:00,0.2174,0.24172308,lstm
2020-10-13 09:15:00,0.3082,0.30939943,lstm
2020-10-13 09:30:00,0.2226,0.18985061,lstm
2020-10-13 09:30:00,0.2174,0.25672266,lstm
2020-10-13 09:30:00,0.3082,0.33294567,lstm
2020-10-13 09:30:00,0.3762,0.39380538,lstm
2020-10-13 09:45:00,0.2174,0.27451396,lstm
2020-10-13 09:45:00,0.3082,0.33407873,lstm
2020-10-13 09:45:00,0.3762,0.39090365,lstm
2020-10-13 09:45:00,0.4834,0.46073627,lstm
2020-10-13 10:00:00,0.3082,0.25975376,lstm
2020-10-13 10:00:00,0.3762,0.3316533,lstm
2020-10-13 10:00:00,0.48339993,0.3799011,lstm
2020-10-13 10:00:00,0.3814,0.44312155,lstm
2020-10-13 10:15:00,0.3762,0.3685074,lstm
2020-10-13 10:15:00,0.4834,0.42769465,lstm
2020-10-13 10:15:00,0.3814,0.47884935,lstm
2020-10-13 10:15:00,0.3376,0.538879,lstm
2020-10-13 10:30:00,0.4834,0.4257527,lstm
2020-10-13 10:30:00,0.3814,0.47940677,lstm
2020-10-13 10:30:00,0.3376,0.52737254,lstm
2020-10-13 10:30:00,0.4398,0.5786541,lstm
2020-10-13 10:45:00,0.3814,0.5243348,lstm
2020-10-13 10:45:00,0.3376,0.56134343,lstm
2020-10-13 10:45:00,0.4398,0.60530734,lstm
2020-10-13 10:45:00,0.6178,0.643381,lstm
2020-10-13 11:00:00,0.3376,0.45043388,lstm
2020-10-13 11:00:00,0.4398,0.4985134,lstm
2020-10-13 11:00:00,0.61779994,0.5307617,lstm
2020-10-13 11:00:00,0.6634,0.55065066,lstm
2020-10-13 11:15:00,0.43979996,0.4206479,lstm
2020-10-13 11:15:00,0.6178,0.46009263,lstm
2020-10-13 11:15:00,0.6634,0.49085677,lstm
2020-10-13 11:15:00,0.6062,0.51326305,lstm
2020-10-13 11:30:00,0.6178,0.54700977,lstm
2020-10-13 11:30:00,0.6634,0.5791089,lstm
2020-10-13 11:30:00,0.6062,0.6082127,lstm
2020-10-13 11:30:00,0.7306,0.6446538,lstm
2020-10-13 11:45:00,0.66340005,0.6451632,lstm
2020-10-13 11:45:00,0.6062,0.66964704,lstm
2020-10-13 11:45:00,0.7306,0.68595684,lstm
2020-10-13 11:45:00,0.7688,0.723646,lstm
2020-10-13 12:00:00,0.6062,0.6872925,lstm
2020-10-13 12:00:00,0.7306,0.7116704,lstm
2020-10-13 12:00:00,0.7688,0.72465867,lstm
2020-10-13 12:00:00,0.6244,0.7530484,lstm
2020-10-13 12:15:00,0.7306,0.64106786,lstm
2020-10-13 12:15:00,0.7688,0.6652509,lstm
2020-10-13 12:15:00,0.6244,0.6750506,lstm
2020-10-13 12:15:00,0.6138,0.6845378,lstm
2020-10-13 12:30:00,0.7688,0.7412996,lstm
2020-10-13 12:30:00,0.6244,0.74488664,lstm
2020-10-13 12:30:00,0.6138,0.7534452,lstm
2020-10-13 12:30:00,0.5356,0.7771642,lstm
2020-10-13 12:45:00,0.6244,0.7750267,lstm
2020-10-13 12:45:00,0.6138,0.7788172,lstm
2020-10-13 12:45:00,0.5356,0.7845821,lstm
2020-10-13 12:45:00,0.3394,0.79784554,lstm
2020-10-13 13:00:00,0.6137999,0.6434265,lstm
2020-10-13 13:00:00,0.5356,0.66462064,lstm
2020-10-13 13:00:00,0.3394,0.66536725,lstm
2020-10-13 13:00:00,0.2956,0.6587834,lstm
2020-10-13 13:15:00,0.5356,0.62809783,lstm
2020-10-13 13:15:00,0.3394,0.6364801,lstm
2020-10-13 13:15:00,0.2956,0.6347346,lstm
2020-10-13 13:15:00,0.354,0.63936603,lstm
2020-10-13 13:30:00,0.3394,0.5507076,lstm
2020-10-13 13:30:00,0.2956,0.58532476,lstm
2020-10-13 13:30:00,0.354,0.5835136,lstm
2020-10-13 13:30:00,0.3614,0.59223485,lstm
2020-10-13 13:45:00,0.2956,0.39159146,lstm
2020-10-13 13:45:00,0.354,0.47299764,lstm
2020-10-13 13:45:00,0.3614,0.48433006,lstm
2020-10-13 13:45:00,0.429,0.50747484,lstm
2020-10-13 14:00:00,0.354,0.29935437,lstm
2020-10-13 14:00:00,0.3614,0.37762517,lstm
2020-10-13 14:00:00,0.429,0.39862275,lstm
2020-10-13 14:00:00,0.6042,0.4269605,lstm
2020-10-13 14:15:00,0.3614,0.37902355,lstm
2020-10-13 14:15:00,0.429,0.436202,lstm
2020-10-13 14:15:00,0.6042,0.46049094,lstm
2020-10-13 14:15:00,0.4986,0.48173463,lstm
2020-10-13 14:30:00,0.429,0.3431919,lstm
2020-10-13 14:30:00,0.6042,0.38746232,lstm
2020-10-13 14:30:00,0.4986,0.40765977,lstm
2020-10-13 14:30:00,0.4208,0.42322832,lstm
2020-10-13 14:45:00,0.6042,0.37202603,lstm
2020-10-13 14:45:00,0.4986,0.38183698,lstm
2020-10-13 14:45:00,0.4208,0.39882705,lstm
2020-10-13 14:45:00,0.4162,0.40335697,lstm
2020-10-13 15:00:00,0.4986,0.49827093,lstm
2020-10-13 15:00:00,0.4208,0.46092197,lstm
2020-10-13 15:00:00,0.4162,0.44351918,lstm
2020-10-13 15:00:00,0.415,0.42834598,lstm
2020-10-13 15:15:00,0.4208,0.3995694,lstm
2020-10-13 15:15:00,0.4162,0.39641953,lstm
2020-10-13 15:15:00,0.415,0.38358134,lstm
2020-10-13 15:15:00,0.4256,0.37711948,lstm
2020-10-13 15:30:00,0.4162,0.37767386,lstm
2020-10-13 15:30:00,0.415,0.38600507,lstm
2020-10-13 15:30:00,0.4256,0.37575597,lstm
2020-10-13 15:30:00,0.4268,0.37651423,lstm
2020-10-13 15:45:00,0.415,0.39456213,lstm
2020-10-13 15:45:00,0.4256,0.392305,lstm
2020-10-13 15:45:00,0.4268,0.38554502,lstm
2020-10-13 15:45:00,0.4216,0.39453307,lstm
2020-10-13 16:00:00,0.4256,0.41423702,lstm
2020-10-13 16:00:00,0.4268,0.40387395,lstm
2020-10-13 16:00:00,0.4216,0.39647597,lstm
2020-10-13 16:00:00,0.438,0.40697765,lstm
2020-10-13 16:15:00,0.4268,0.45581168,lstm
2020-10-13 16:15:00,0.4216,0.43271542,lstm
2020-10-13 16:15:00,0.438,0.4188431,lstm
2020-10-13 16:15:00,0.4356,0.42223012,lstm
2020-10-13 16:30:00,0.4216,0.44621086,lstm
2020-10-13 16:30:00,0.438,0.43153495,lstm
2020-10-13 16:30:00,0.43560004,0.41912243,lstm
2020-10-13 16:30:00,0.4132,0.4259559,lstm
2020-10-13 16:45:00,0.43800002,0.43864506,lstm
2020-10-13 16:45:00,0.4356,0.42174512,lstm
2020-10-13 16:45:00,0.4132,0.4039293,lstm
2020-10-13 16:45:00,0.3996,0.40293193,lstm
2020-10-13 17:00:00,0.4356,0.4480962,lstm
2020-10-13 17:00:00,0.4132,0.4129223,lstm
2020-10-13 17:00:00,0.39959997,0.3764322,lstm
2020-10-13 17:00:00,0.3524,0.34894627,lstm
2020-10-13 17:15:00,0.41319996,0.4194316,lstm
2020-10-13 17:15:00,0.3996,0.3747802,lstm
2020-10-13 17:15:00,0.3524,0.32371354,lstm
2020-10-13 17:15:00,0.2956,0.27641678,lstm
2020-10-13 17:30:00,0.39959997,0.39305937,lstm
2020-10-13 17:30:00,0.3524,0.32777786,lstm
2020-10-13 17:30:00,0.2956,0.26376528,lstm
2020-10-13 17:30:00,0.2414,0.20093895,lstm
2020-10-13 17:45:00,0.3524,0.34732437,lstm
2020-10-13 17:45:00,0.2956,0.26501358,lstm
2020-10-13 17:45:00,0.2414,0.19198458,lstm
2020-10-13 17:45:00,0.1768,0.12465215,lstm
2020-10-13 18:00:00,0.2956,0.28358445,lstm
2020-10-13 18:00:00,0.2414,0.19724828,lstm
2020-10-13 18:00:00,0.1768,0.12193839,lstm
2020-10-13 18:00:00,0.108399995,0.064147145,lstm
2020-10-13 18:15:00,0.2414,0.19546486,lstm
2020-10-13 18:15:00,0.1768,0.11972902,lstm
2020-10-13 18:15:00,0.1084,0.05997823,lstm
2020-10-13 18:15:00,0.0448,0.020598814,lstm
2020-10-13 18:30:00,0.1768,0.11820202,lstm
2020-10-13 18:30:00,0.1084,0.061190143,lstm
2020-10-13 18:30:00,0.0448,0.022574976,lstm
2020-10-13 18:30:00,0.006799996,0.0044449866,lstm
2020-10-13 18:45:00,0.1084,0.059055373,lstm
2020-10-13 18:45:00,0.0448,0.021893173,lstm
2020-10-13 18:45:00,0.006799996,0.001225844,lstm
2020-10-13 18:45:00,0.0,-0.0018236637,lstm
2020-10-13 19:00:00,0.0448,0.027659982,lstm
2020-10-13 19:00:00,0.006799996,0.0042094886,lstm
2020-10-13 19:00:00,0.0,-0.005796969,lstm
2020-10-13 19:00:00,0.0,-0.0040076375,lstm
2020-10-13 19:15:00,0.006799996,0.010778442,lstm
2020-10-13 19:15:00,0.0,-0.00297001,lstm
2020-10-13 19:15:00,0.0,-0.006929949,lstm
2020-10-13 19:15:00,0.0,-0.0038758665,lstm
2020-10-13 19:30:00,0.0,0.004775554,lstm
2020-10-13 19:30:00,0.0,-0.0039988756,lstm
2020-10-13 19:30:00,0.0,-0.0052171648,lstm
2020-10-13 19:30:00,0.0,-0.0024247468,lstm
2020-10-13 19:45:00,0.0,0.001615271,lstm
2020-10-13 19:45:00,0.0,-0.0036696792,lstm
2020-10-13 19:45:00,0.0,-0.0033985972,lstm
2020-10-13 19:45:00,0.0,-0.0009403378,lstm
2020-10-13 20:00:00,0.0,-0.00024054945,lstm
2020-10-13 20:00:00,0.0,-0.0036550462,lstm
2020-10-13 20:00:00,0.0,-0.0025039166,lstm
2020-10-13 20:00:00,0.0,-0.0003026724,lstm
2020-10-13 20:15:00,0.0,-0.0012163073,lstm
2020-10-13 20:15:00,0.0,-0.0036978573,lstm
2020-10-13 20:15:00,0.0,-0.0020940155,lstm
2020-10-13 20:15:00,0.0,-7.982552e-05,lstm
2020-10-13 20:30:00,0.0,-0.0017050207,lstm
2020-10-13 20:30:00,0.0,-0.0037293583,lstm
2020-10-13 20:30:00,0.0,-0.0018910021,lstm
2020-10-13 20:30:00,0.0,3.5852194e-05,lstm
2020-10-13 20:45:00,0.0,-0.0019877404,lstm
2020-10-13 20:45:00,0.0,-0.003836587,lstm
2020-10-13 20:45:00,0.0,-0.0019462556,lstm
2020-10-13 20:45:00,0.0,4.285574e-05,lstm
2020-10-13 21:00:00,0.0,-0.002172798,lstm
2020-10-13 21:00:00,0.0,-0.0038595349,lstm
2020-10-13 21:00:00,0.0,-0.001906082,lstm
2020-10-13 21:00:00,0.0,0.00013101101,lstm
2020-10-13 21:15:00,0.0,-0.0022693723,lstm
2020-10-13 21:15:00,0.0,-0.003846094,lstm
2020-10-13 21:15:00,0.0,-0.001861915,lstm
2020-10-13 21:15:00,0.0,0.0001989156,lstm
2020-10-13 21:30:00,0.0,-0.0023220778,lstm
2020-10-13 21:30:00,0.0,-0.00383313,lstm
2020-10-13 21:30:00,0.0,-0.0018309802,lstm
2020-10-13 21:30:00,0.0,0.0002451092,lstm
2020-10-13 21:45:00,0.0,-0.0024327487,lstm
2020-10-13 21:45:00,0.0,-0.0039206445,lstm
2020-10-13 21:45:00,0.0,-0.0019805878,lstm
2020-10-13 21:45:00,0.0,0.0002181679,lstm
2020-10-13 22:00:00,0.0,-0.0024481416,lstm
2020-10-13 22:00:00,0.0,-0.0038843602,lstm
2020-10-13 22:00:00,0.0,-0.001962036,lstm
2020-10-13 22:00:00,0.0,0.00028418005,lstm
2020-10-13 22:15:00,0.0,-0.0024567246,lstm
2020-10-13 22:15:00,0.0,-0.0038539916,lstm
2020-10-13 22:15:00,0.0,-0.00193578,lstm
2020-10-13 22:15:00,0.0,0.00033053756,lstm
2020-10-13 22:30:00,0.0,-0.0024596453,lstm
2020-10-13 22:30:00,0.0,-0.0038286448,lstm
2020-10-13 22:30:00,0.0,-0.0019192249,lstm
2020-10-13 22:30:00,0.0,0.00036112964,lstm
2020-10-13 22:45:00,0.0,-0.0025509298,lstm
2020-10-13 22:45:00,0.0,-0.0039016008,lstm
2020-10-13 22:45:00,0.0,-0.0020800084,lstm
2020-10-13 22:45:00,0.0,0.00031402707,lstm
2020-10-13 23:00:00,0.0,-0.0025407374,lstm
2020-10-13 23:00:00,0.0,-0.0038532615,lstm
2020-10-13 23:00:00,0.0,-0.0020397007,lstm
2020-10-13 23:00:00,0.0,0.00037816167,lstm
2020-10-13 23:15:00,0.0,-0.0025287122,lstm
2020-10-13 23:15:00,0.0,-0.00382258,lstm
2020-10-13 23:15:00,0.0,-0.0020153373,lstm
2020-10-13 23:15:00,0.0,0.00040741265,lstm
2020-10-13 23:30:00,0.0,-0.002519846,lstm
2020-10-13 23:30:00,0.0,-0.0037970692,lstm
2020-10-13 23:30:00,0.0,-0.001992777,lstm
2020-10-13 23:30:00,0.0,0.00043398142,lstm
2020-10-13 23:45:00,0.0,-0.0026184916,lstm
2020-10-13 23:45:00,0.0,-0.0038562864,lstm
2020-10-13 23:45:00,0.0,-0.0021365434,lstm
2020-10-13 23:45:00,0.0,0.00038266182,lstm
2020-10-14 00:00:00,0.0,-0.0025919527,lstm
2020-10-14 00:00:00,0.0,-0.003793493,lstm
2020-10-14 00:00:00,0.0,-0.0020853132,lstm
2020-10-14 00:00:00,0.0,0.00043718517,lstm
2020-10-14 00:15:00,0.0,-0.0025722384,lstm
2020-10-14 00:15:00,0.0,-0.0037591457,lstm
2020-10-14 00:15:00,0.0,-0.002058044,lstm
2020-10-14 00:15:00,0.0,0.00045964122,lstm
2020-10-14 00:30:00,0.0,-0.0025566965,lstm
2020-10-14 00:30:00,0.0,-0.0037363023,lstm
2020-10-14 00:30:00,0.0,-0.0020438433,lstm
2020-10-14 00:30:00,0.0,0.00047324598,lstm
2020-10-14 00:45:00,0.0,-0.0026290715,lstm
2020-10-14 00:45:00,0.0,-0.0037809908,lstm
2020-10-14 00:45:00,0.0,-0.0021806508,lstm
2020-10-14 00:45:00,0.0,0.0004016757,lstm
2020-10-14 01:00:00,0.0,-0.0025882125,lstm
2020-10-14 01:00:00,0.0,-0.0037204921,lstm
2020-10-14 01:00:00,0.0,-0.0021318793,lstm
2020-10-14 01:00:00,0.0,0.00043310225,lstm
2020-10-14 01:15:00,0.0,-0.0025623292,lstm
2020-10-14 01:15:00,0.0,-0.0036979467,lstm
2020-10-14 01:15:00,0.0,-0.002112016,lstm
2020-10-14 01:15:00,0.0,0.0004362017,lstm
2020-10-14 01:30:00,0.0,-0.0025429726,lstm
2020-10-14 01:30:00,0.0,-0.0036818236,lstm
2020-10-14 01:30:00,0.0,-0.002103135,lstm
2020-10-14 01:30:00,0.0,0.00043572485,lstm
2020-10-14 01:45:00,0.0,-0.0026140958,lstm
2020-10-14 01:45:00,0.0,-0.0037222952,lstm
2020-10-14 01:45:00,0.0,-0.0022200942,lstm
2020-10-14 01:45:00,0.0,0.00035111606,lstm
2020-10-14 02:00:00,0.0,-0.0025725812,lstm
2020-10-14 02:00:00,0.0,-0.003673166,lstm
2020-10-14 02:00:00,0.0,-0.0021805465,lstm
2020-10-14 02:00:00,0.0,0.00035214424,lstm
2020-10-14 02:15:00,0.0,-0.0025365055,lstm
2020-10-14 02:15:00,0.0,-0.0036573112,lstm
2020-10-14 02:15:00,0.0,-0.002175197,lstm
2020-10-14 02:15:00,0.0,0.00032928586,lstm
2020-10-14 02:30:00,0.0,-0.0025110692,lstm
2020-10-14 02:30:00,0.0,-0.0036478639,lstm
2020-10-14 02:30:00,0.0,-0.0021723062,lstm
2020-10-14 02:30:00,0.0,0.00031618774,lstm
2020-10-14 02:45:00,0.0,-0.0025579035,lstm
2020-10-14 02:45:00,0.0,-0.0036785603,lstm
2020-10-14 02:45:00,0.0,-0.002267316,lstm
2020-10-14 02:45:00,0.0,0.00021921098,lstm
2020-10-14 03:00:00,0.0,-0.0025120676,lstm
2020-10-14 03:00:00,0.0,-0.0036456585,lstm
2020-10-14 03:00:00,0.0,-0.0022409558,lstm
2020-10-14 03:00:00,0.0,0.00019091368,lstm
2020-10-14 03:15:00,0.0,-0.0024671406,lstm
2020-10-14 03:15:00,0.0,-0.0036351383,lstm
2020-10-14 03:15:00,0.0,-0.0022454858,lstm
2020-10-14 03:15:00,0.0,0.00014740229,lstm
2020-10-14 03:30:00,0.0,-0.002437681,lstm
2020-10-14 03:30:00,0.0,-0.0036352724,lstm
2020-10-14 03:30:00,0.0,-0.002250269,lstm
2020-10-14 03:30:00,0.0,0.00012259185,lstm
2020-10-14 03:45:00,0.0,-0.0024731755,lstm
2020-10-14 03:45:00,0.0,-0.0036588311,lstm
2020-10-14 03:45:00,0.0,-0.0023120344,lstm
2020-10-14 03:45:00,0.0,2.9966235e-05,lstm
2020-10-14 04:00:00,0.0,-0.002439648,lstm
2020-10-14 04:00:00,0.0,-0.0036573112,lstm
2020-10-14 04:00:00,0.0,-0.0023093224,lstm
2020-10-14 04:00:00,0.0,-3.0979514e-05,lstm
2020-10-14 04:15:00,0.0,-0.002405256,lstm
2020-10-14 04:15:00,0.0,-0.0036673546,lstm
2020-10-14 04:15:00,0.0,-0.0023283362,lstm
2020-10-14 04:15:00,0.0,-8.700788e-05,lstm
2020-10-14 04:30:00,0.0,-0.0023650974,lstm
2020-10-14 04:30:00,0.0,-0.0036761463,lstm
2020-10-14 04:30:00,0.0,-0.002360642,lstm
2020-10-14 04:30:00,0.0,-0.00014421344,lstm
2020-10-14 04:45:00,0.0,-0.0023919642,lstm
2020-10-14 04:45:00,0.0,-0.0037063211,lstm
2020-10-14 04:45:00,0.0,-0.0024042726,lstm
2020-10-14 04:45:00,0.0,-0.00022485852,lstm
2020-10-14 05:00:00,0.0,-0.0023813844,lstm
2020-10-14 05:00:00,0.0,-0.0037388355,lstm
2020-10-14 05:00:00,0.0,-0.0024261475,lstm
2020-10-14 05:00:00,0.0,-0.00029982626,lstm
2020-10-14 05:15:00,0.0,-0.0023508817,lstm
2020-10-14 05:15:00,0.0,-0.0037742853,lstm
2020-10-14 05:15:00,0.0,-0.002475351,lstm
2020-10-14 05:15:00,0.0,-0.00037258863,lstm
2020-10-14 05:30:00,0.0,-0.0023149848,lstm
2020-10-14 05:30:00,0.0,-0.0038021505,lstm
2020-10-14 05:30:00,0.0,-0.0025239885,lstm
2020-10-14 05:30:00,0.0,-0.00042930245,lstm
2020-10-14 05:45:00,0.0,-0.0023667216,lstm
2020-10-14 05:45:00,0.0,-0.0038524717,lstm
2020-10-14 05:45:00,0.0,-0.0025471598,lstm
2020-10-14 05:45:00,0.0,-0.00046986341,lstm
2020-10-14 06:00:00,0.0,-0.002380833,lstm
2020-10-14 06:00:00,0.0,-0.0039343685,lstm
2020-10-14 06:00:00,0.0,-0.0026219785,lstm
2020-10-14 06:00:00,0.0,-0.00056515634,lstm
2020-10-14 06:15:00,0.0,-0.0023628026,lstm
2020-10-14 06:15:00,0.0,-0.004009366,lstm
2020-10-14 06:15:00,0.0,-0.002707988,lstm
2020-10-14 06:15:00,0.0,-0.0006327331,lstm
2020-10-14 06:30:00,0.0,-0.002345994,lstm
2020-10-14 06:30:00,0.0,-0.004081145,lstm
2020-10-14 06:30:00,0.0,-0.002782002,lstm
2020-10-14 06:30:00,0.0,-0.00066927075,lstm
2020-10-14 06:45:00,0.0,-0.0024039447,lstm
2020-10-14 06:45:00,0.0,-0.00415805,lstm
2020-10-14 06:45:00,0.0,-0.0027985126,lstm
2020-10-14 06:45:00,0.0,-0.00064206123,lstm
2020-10-14 07:00:00,0.0,-0.0024713427,lstm
2020-10-14 07:00:00,0.0,-0.004319623,lstm
2020-10-14 07:00:00,0.0,-0.002895698,lstm
2020-10-14 07:00:00,0.0,-0.00063689053,lstm
2020-10-14 07:15:00,0.0,-0.0024884492,lstm
2020-10-14 07:15:00,0.0,-0.004490182,lstm
2020-10-14 07:15:00,0.0,-0.003006339,lstm
2020-10-14 07:15:00,0.0,-0.00055122375,lstm
2020-10-14 07:30:00,0.0,-0.0024588704,lstm
2020-10-14 07:30:00,0.0,-0.0047122985,lstm
2020-10-14 07:30:00,0.0,-0.0031012893,lstm
2020-10-14 07:30:00,0.0,-0.00026513636,lstm
2020-10-14 07:45:00,0.0,-0.0024269521,lstm
2020-10-14 07:45:00,0.0,-0.004937306,lstm
2020-10-14 07:45:00,0.0,-0.0028934926,lstm
2020-10-14 07:45:00,0.005799994,0.00080055,lstm
2020-10-14 08:00:00,0.0,-0.002332747,lstm
2020-10-14 08:00:00,0.0,-0.0052992254,lstm
2020-10-14 08:00:00,0.005799994,-0.0018525124,lstm
2020-10-14 08:00:00,0.0388,0.0048750937,lstm
2020-10-14 08:15:00,0.0,-0.0028925836,lstm
2020-10-14 08:15:00,0.005799994,-0.0033670515,lstm
2020-10-14 08:15:00,0.0388,0.006055832,lstm
2020-10-14 08:15:00,0.095,0.026141122,lstm
2020-10-14 08:30:00,0.005799994,-0.00300619,lstm
2020-10-14 08:30:00,0.0388,0.0129066855,lstm
2020-10-14 08:30:00,0.095,0.041178852,lstm
2020-10-14 08:30:00,0.1654,0.09373991,lstm
2020-10-14 08:45:00,0.0388,0.004902646,lstm
2020-10-14 08:45:00,0.095000006,0.03261651,lstm
2020-10-14 08:45:00,0.1654,0.080047175,lstm
2020-10-14 08:45:00,0.2346,0.14840378,lstm
2020-10-14 09:00:00,0.095,0.078862205,lstm
2020-10-14 09:00:00,0.1654,0.12973046,lstm
2020-10-14 09:00:00,0.2346,0.20812804,lstm
2020-10-14 09:00:00,0.3032,0.28460246,lstm
2020-10-14 09:15:00,0.1654,0.16294569,lstm
2020-10-14 09:15:00,0.2346,0.23553963,lstm
2020-10-14 09:15:00,0.3032,0.32795513,lstm
2020-10-14 09:15:00,0.369,0.39878222,lstm
2020-10-14 09:30:00,0.2346,0.24010609,lstm
2020-10-14 09:30:00,0.3032,0.31410855,lstm
2020-10-14 09:30:00,0.369,0.3886756,lstm
2020-10-14 09:30:00,0.4324,0.45682162,lstm
2020-10-14 09:45:00,0.3032,0.30572248,lstm
2020-10-14 09:45:00,0.369,0.3759523,lstm
2020-10-14 09:45:00,0.4324,0.43298355,lstm
2020-10-14 09:45:00,0.491,0.5053336,lstm
2020-10-14 10:00:00,0.369,0.36966538,lstm
2020-10-14 10:00:00,0.4324,0.43587488,lstm
2020-10-14 10:00:00,0.491,0.48887396,lstm
2020-10-14 10:00:00,0.544,0.55760515,lstm
2020-10-14 10:15:00,0.4324,0.4348758,lstm
2020-10-14 10:15:00,0.491,0.49344078,lstm
2020-10-14 10:15:00,0.544,0.5463681,lstm
2020-10-14 10:15:00,0.591,0.6025397,lstm
2020-10-14 10:30:00,0.491,0.50471693,lstm
2020-10-14 10:30:00,0.544,0.5507618,lstm
2020-10-14 10:30:00,0.591,0.6001042,lstm
2020-10-14 10:30:00,0.6326,0.63939685,lstm
2020-10-14 10:45:00,0.544,0.57146627,lstm
2020-10-14 10:45:00,0.591,0.6057701,lstm
2020-10-14 10:45:00,0.6326,0.6489443,lstm
2020-10-14 10:45:00,0.6704,0.67710507,lstm
2020-10-14 11:00:00,0.591,0.6229973,lstm
2020-10-14 11:00:00,0.6326,0.65089846,lstm
2020-10-14 11:00:00,0.6704,0.687173,lstm
2020-10-14 11:00:00,0.7038,0.7128527,lstm
2020-10-14 11:15:00,0.63260007,0.6627959,lstm
2020-10-14 11:15:00,0.6704,0.68813795,lstm
2020-10-14 11:15:00,0.7038,0.71774864,lstm
2020-10-14 11:15:00,0.7304,0.74430424,lstm
2020-10-14 11:30:00,0.6704,0.69263273,lstm
2020-10-14 11:30:00,0.70379996,0.71687996,lstm
2020-10-14 11:30:00,0.7304,0.7407739,lstm
2020-10-14 11:30:00,0.75539994,0.7682131,lstm
2020-10-14 11:45:00,0.7038,0.71683747,lstm
2020-10-14 11:45:00,0.73039997,0.7394788,lstm
2020-10-14 11:45:00,0.75539994,0.7587386,lstm
2020-10-14 11:45:00,0.7794,0.78612864,lstm
2020-10-14 12:00:00,0.7304,0.7371532,lstm
2020-10-14 12:00:00,0.75539994,0.7578708,lstm
2020-10-14 12:00:00,0.7794,0.7739419,lstm
2020-10-14 12:00:00,0.797,0.8000396,lstm
2020-10-14 12:15:00,0.7554,0.7533407,lstm
2020-10-14 12:15:00,0.7794,0.7706872,lstm
2020-10-14 12:15:00,0.797,0.7840553,lstm
2020-10-14 12:15:00,0.8128,0.80759174,lstm
2020-10-14 12:30:00,0.7794,0.773942,lstm
2020-10-14 12:30:00,0.79699993,0.7862929,lstm
2020-10-14 12:30:00,0.8128,0.7980855,lstm
2020-10-14 12:30:00,0.8274,0.81946856,lstm
2020-10-14 12:45:00,0.797,0.79638076,lstm
2020-10-14 12:45:00,0.81279993,0.80393887,lstm
2020-10-14 12:45:00,0.82739997,0.81420547,lstm
2020-10-14 12:45:00,0.834,0.833634,lstm
2020-10-14 13:00:00,0.8128,0.80755836,lstm
2020-10-14 13:00:00,0.82739997,0.8124453,lstm
2020-10-14 13:00:00,0.834,0.82131314,lstm
2020-10-14 13:00:00,0.836,0.838454,lstm
2020-10-14 13:15:00,0.8274,0.81638587,lstm
2020-10-14 13:15:00,0.834,0.8186171,lstm
2020-10-14 13:15:00,0.836,0.8264787,lstm
2020-10-14 13:15:00,0.8368,0.8420065,lstm
2020-10-14 13:30:00,0.834,0.82358927,lstm
2020-10-14 13:30:00,0.83599997,0.8237455,lstm
2020-10-14 13:30:00,0.8368,0.8307925,lstm
2020-10-14 13:30:00,0.8384,0.8448579,lstm
2020-10-14 13:45:00,0.836,0.8253253,lstm
2020-10-14 13:45:00,0.8368,0.8224988,lstm
2020-10-14 13:45:00,0.8384,0.82629615,lstm
2020-10-14 13:45:00,0.8304,0.8368436,lstm
2020-10-14 14:00:00,0.8368,0.825165,lstm
2020-10-14 14:00:00,0.8384001,0.81854606,lstm
2020-10-14 14:00:00,0.8304,0.8189158,lstm
2020-10-14 14:00:00,0.82320005,0.82561207,lstm
2020-10-14 14:15:00,0.8384,0.82570547,lstm
2020-10-14 14:15:00,0.8304,0.8151723,lstm
2020-10-14 14:15:00,0.8231999,0.81230336,lstm
2020-10-14 14:15:00,0.806,0.81561893,lstm
2020-10-14 14:30:00,0.8304,0.8272426,lstm
2020-10-14 14:30:00,0.8232,0.8131261,lstm
2020-10-14 14:30:00,0.806,0.8073539,lstm
2020-10-14 14:30:00,0.7914,0.8077009,lstm
2020-10-14 14:45:00,0.8232,0.81851584,lstm
2020-10-14 14:45:00,0.806,0.80094934,lstm
2020-10-14 14:45:00,0.7914,0.7889002,lstm
2020-10-14 14:45:00,0.7654,0.7836862,lstm
2020-10-14 15:00:00,0.806,0.80936587,lstm
2020-10-14 15:00:00,0.79139996,0.7869692,lstm
2020-10-14 15:00:00,0.7654,0.76905936,lstm
2020-10-14 15:00:00,0.7402,0.75904477,lstm
2020-10-14 15:15:00,0.7914,0.7892659,lstm
2020-10-14 15:15:00,0.76539993,0.76327646,lstm
2020-10-14 15:15:00,0.7402,0.7390311,lstm
2020-10-14 15:15:00,0.7124,0.72305197,lstm
2020-10-14 15:30:00,0.7654,0.7751388,lstm
2020-10-14 15:30:00,0.7401999,0.7443378,lstm
2020-10-14 15:30:00,0.7124,0.71550053,lstm
2020-10-14 15:30:00,0.679,0.69629455,lstm
2020-10-14 15:45:00,0.7402,0.7512026,lstm
2020-10-14 15:45:00,0.71239996,0.7162365,lstm
2020-10-14 15:45:00,0.679,0.6830447,lstm
2020-10-14 15:45:00,0.6394,0.65840733,lstm
2020-10-14 16:00:00,0.7124,0.7317768,lstm
2020-10-14 16:00:00,0.679,0.6886138,lstm
2020-10-14 16:00:00,0.6394,0.6515606,lstm
2020-10-14 16:00:00,0.5962,0.6215761,lstm
2020-10-14 16:15:00,0.679,0.71146953,lstm
2020-10-14 16:15:00,0.6394,0.65845203,lstm
2020-10-14 16:15:00,0.5962,0.6160704,lstm
2020-10-14 16:15:00,0.549,0.5788931,lstm
2020-10-14 16:30:00,0.6394,0.68430436,lstm
2020-10-14 16:30:00,0.5962,0.6227842,lstm
2020-10-14 16:30:00,0.549,0.57384706,lstm
2020-10-14 16:30:00,0.4986,0.52951473,lstm
2020-10-14 16:45:00,0.5962,0.64112717,lstm
2020-10-14 16:45:00,0.549,0.5735315,lstm
2020-10-14 16:45:00,0.4986,0.51995754,lstm
2020-10-14 16:45:00,0.439,0.469505,lstm
2020-10-14 17:00:00,0.549,0.5812582,lstm
2020-10-14 17:00:00,0.4986,0.51255393,lstm
2020-10-14 17:00:00,0.439,0.4552154,lstm
2020-10-14 17:00:00,0.3784,0.39919737,lstm
2020-10-14 17:15:00,0.4986,0.5219422,lstm
2020-10-14 17:15:00,0.439,0.44930127,lstm
2020-10-14 17:15:00,0.37840003,0.38303348,lstm
2020-10-14 17:15:00,0.3138,0.31855866,lstm
2020-10-14 17:30:00,0.439,0.4650654,lstm
2020-10-14 17:30:00,0.3784,0.38372725,lstm
2020-10-14 17:30:00,0.3138,0.3055592,lstm
2020-10-14 17:30:00,0.2436,0.23500928,lstm
2020-10-14 17:45:00,0.3784,0.40212792,lstm
2020-10-14 17:45:00,0.3138,0.30868542,lstm
2020-10-14 17:45:00,0.2436,0.2267874,lstm
2020-10-14 17:45:00,0.1736,0.15528108,lstm
2020-10-14 18:00:00,0.3138,0.33128512,lstm
2020-10-14 18:00:00,0.2436,0.23242387,lstm
2020-10-14 18:00:00,0.1736,0.15184903,lstm
2020-10-14 18:00:00,0.1052,0.08874097,lstm
2020-10-14 18:15:00,0.2436,0.25180367,lstm
2020-10-14 18:15:00,0.1736,0.15845923,lstm
2020-10-14 18:15:00,0.1052,0.08864066,lstm
2020-10-14 18:15:00,0.0414,0.040614694,lstm
2020-10-14 18:30:00,0.1736,0.16426551,lstm
2020-10-14 18:30:00,0.1052,0.08807562,lstm
2020-10-14 18:30:00,0.0414,0.040425792,lstm
2020-10-14 18:30:00,0.0048000067,0.012585372,lstm
2020-10-14 18:45:00,0.1052,0.085890695,lstm
2020-10-14 18:45:00,0.0414,0.03563401,lstm
2020-10-14 18:45:00,0.0048000067,0.0086257905,lstm
2020-10-14 18:45:00,0.0,0.0015135854,lstm
2020-10-14 19:00:00,0.0414,0.037013695,lstm
2020-10-14 19:00:00,0.0048000067,0.008113205,lstm
2020-10-14 19:00:00,0.0,-0.004386246,lstm
2020-10-14 19:00:00,0.0,-0.0027010888,lstm
2020-10-14 19:15:00,0.0048000067,0.015054107,lstm
2020-10-14 19:15:00,0.0,-0.0013625622,lstm
2020-10-14 19:15:00,0.0,-0.0066820234,lstm
2020-10-14 19:15:00,0.0,-0.003259495,lstm
2020-10-14 19:30:00,0.0,0.0060806423,lstm
2020-10-14 19:30:00,0.0,-0.003565058,lstm
2020-10-14 19:30:00,0.0,-0.0052000135,lstm
2020-10-14 19:30:00,0.0,-0.0021048337,lstm
2020-10-14 19:45:00,0.0,0.001991421,lstm
2020-10-14 19:45:00,0.0,-0.0035628825,lstm
2020-10-14 19:45:00,0.0,-0.003360942,lstm
2020-10-14 19:45:00,0.0,-0.00073195994,lstm
2020-10-14 20:00:00,0.0,-0.00017926097,lstm
2020-10-14 20:00:00,0.0,-0.0036844611,lstm
2020-10-14 20:00:00,0.0,-0.0025290549,lstm
2020-10-14 20:00:00,0.0,-0.00020369887,lstm
2020-10-14 20:15:00,0.0,-0.0012207478,lstm
2020-10-14 20:15:00,0.0,-0.0037491918,lstm
2020-10-14 20:15:00,0.0,-0.0021259338,lstm
2020-10-14 20:15:00,0.0,-3.97861e-06,lstm
2020-10-14 20:30:00,0.0,-0.0017288327,lstm
2020-10-14 20:30:00,0.0,-0.0037930906,lstm
2020-10-14 20:30:00,0.0,-0.0019292682,lstm
2020-10-14 20:30:00,0.0,9.390712e-05,lstm
2020-10-14 20:45:00,0.0,-0.0020195693,lstm
2020-10-14 20:45:00,0.0,-0.0039036423,lstm
2020-10-14 20:45:00,0.0,-0.0019743592,lstm
2020-10-14 20:45:00,0.0,9.87947e-05,lstm
2020-10-14 21:00:00,0.0,-0.002177745,lstm
2020-10-14 21:00:00,0.0,-0.0039131492,lstm
2020-10-14 21:00:00,0.0,-0.0019444674,lstm
2020-10-14 21:00:00,0.0,0.00016884506,lstm
2020-10-14 21:15:00,0.0,-0.0022768974,lstm
2020-10-14 21:15:00,0.0,-0.003906995,lstm
2020-10-14 21:15:00,0.0,-0.0018964559,lstm
2020-10-14 21:15:00,0.0,0.0002335012,lstm
2020-10-14 21:30:00,0.0,-0.0023291856,lstm
2020-10-14 21:30:00,0.0,-0.0038939565,lstm
2020-10-14 21:30:00,0.0,-0.0018605292,lstm
2020-10-14 21:30:00,0.0,0.00026980042,lstm
2020-10-14 21:45:00,0.0,-0.002415225,lstm
2020-10-14 21:45:00,0.0,-0.0039675236,lstm
2020-10-14 21:45:00,0.0,-0.0019985288,lstm
2020-10-14 21:45:00,0.0,0.00023515522,lstm
2020-10-14 22:00:00,0.0,-0.002444014,lstm
2020-10-14 22:00:00,0.0,-0.0039452165,lstm
2020-10-14 22:00:00,0.0,-0.0019854158,lstm
2020-10-14 22:00:00,0.0,0.00029335916,lstm
2020-10-14 22:15:00,0.0,-0.0024582148,lstm
2020-10-14 22:15:00,0.0,-0.0039162785,lstm
2020-10-14 22:15:00,0.0,-0.0019589514,lstm
2020-10-14 22:15:00,0.0,0.0003361851,lstm
2020-10-14 22:30:00,0.0,-0.0024681985,lstm
2020-10-14 22:30:00,0.0,-0.0038912892,lstm
2020-10-14 22:30:00,0.0,-0.0019323826,lstm
2020-10-14 22:30:00,0.0,0.00036929548,lstm
2020-10-14 22:45:00,0.0,-0.0025411993,lstm
2020-10-14 22:45:00,0.0,-0.003946632,lstm
2020-10-14 22:45:00,0.0,-0.0020725876,lstm
2020-10-14 22:45:00,0.0,0.00032693148,lstm
2020-10-14 23:00:00,0.0,-0.002527535,lstm
2020-10-14 23:00:00,0.0,-0.0038954318,lstm
2020-10-14 23:00:00,0.0,-0.0020486414,lstm
2020-10-14 23:00:00,0.0,0.00038185716,lstm
2020-10-14 23:15:00,0.0,-0.0025184602,lstm
2020-10-14 23:15:00,0.0,-0.0038604736,lstm
2020-10-14 23:15:00,0.0,-0.0020160973,lstm
2020-10-14 23:15:00,0.0,0.00042265654,lstm
2020-10-14 23:30:00,0.0,-0.0025113225,lstm
2020-10-14 23:30:00,0.0,-0.0038362592,lstm
2020-10-14 23:30:00,0.0,-0.001993388,lstm
2020-10-14 23:30:00,0.0,0.00044693053,lstm
2020-10-14 23:45:00,0.0,-0.0025856942,lstm
2020-10-14 23:45:00,0.0,-0.0038793683,lstm
2020-10-14 23:45:00,0.0,-0.0021221638,lstm
2020-10-14 23:45:00,0.0,0.00039830804,lstm
2020-10-15 00:00:00,0.0,-0.0025850832,lstm
2020-10-15 00:00:00,0.0,-0.0038374066,lstm
2020-10-15 00:00:00,0.0,-0.0020640194,lstm
2020-10-15 00:00:00,0.0,0.00045780838,lstm
2020-10-15 00:15:00,0.0,-0.0025721192,lstm
2020-10-15 00:15:00,0.0,-0.0038055032,lstm
2020-10-15 00:15:00,0.0,-0.0020500422,lstm
2020-10-15 00:15:00,0.0,0.00046625733,lstm
2020-10-15 00:30:00,0.0,-0.0025315285,lstm
2020-10-15 00:30:00,0.0,-0.0037664175,lstm
2020-10-15 00:30:00,0.0,-0.002061218,lstm
2020-10-15 00:30:00,0.0,0.00046798587,lstm
2020-10-15 00:45:00,0.0,-0.002587527,lstm
2020-10-15 00:45:00,0.0,-0.003796488,lstm
2020-10-15 00:45:00,0.0,-0.0021665841,lstm
2020-10-15 00:45:00,0.0,0.0004248917,lstm
2020-10-15 01:00:00,0.0,-0.0025671273,lstm
2020-10-15 01:00:00,0.0,-0.0037493408,lstm
2020-10-15 01:00:00,0.0,-0.0021027178,lstm
2020-10-15 01:00:00,0.0,0.000463441,lstm
2020-10-15 01:15:00,0.0,-0.0025518537,lstm
2020-10-15 01:15:00,0.0,-0.003722757,lstm
2020-10-15 01:15:00,0.0,-0.0020831227,lstm
2020-10-15 01:15:00,0.0,0.0004634112,lstm
2020-10-15 01:30:00,0.0,-0.0025378913,lstm
2020-10-15 01:30:00,0.0,-0.0037105083,lstm
2020-10-15 01:30:00,0.0,-0.002085179,lstm
2020-10-15 01:30:00,0.0,0.00045831501,lstm
2020-10-15 01:45:00,0.0,-0.0025957823,lstm
2020-10-15 01:45:00,0.0,-0.0037409663,lstm
2020-10-15 01:45:00,0.0,-0.0021979213,lstm
2020-10-15 01:45:00,0.0,0.00037507713,lstm
2020-10-15 02:00:00,0.0,-0.0025572628,lstm
2020-10-15 02:00:00,0.0,-0.0036926568,lstm
2020-10-15 02:00:00,0.0,-0.0021693408,lstm
2020-10-15 02:00:00,0.0,0.00037448108,lstm
2020-10-15 02:15:00,0.0,-0.0025304407,lstm
2020-10-15 02:15:00,0.0,-0.0036758184,lstm
2020-10-15 02:15:00,0.0,-0.0021563768,lstm
2020-10-15 02:15:00,0.0,0.00036764145,lstm
2020-10-15 02:30:00,0.0,-0.0025174618,lstm
2020-10-15 02:30:00,0.0,-0.0036693513,lstm
2020-10-15 02:30:00,0.0,-0.002145052,lstm
2020-10-15 02:30:00,0.0,0.0003617704,lstm
2020-10-15 02:45:00,0.0,-0.0025722533,lstm
2020-10-15 02:45:00,0.0,-0.0037038475,lstm
2020-10-15 02:45:00,0.0,-0.0022227317,lstm
2020-10-15 02:45:00,0.0,0.00027185678,lstm
2020-10-15 03:00:00,0.0,-0.002549693,lstm
2020-10-15 03:00:00,0.0,-0.0036813766,lstm
2020-10-15 03:00:00,0.0,-0.0022046268,lstm
2020-10-15 03:00:00,0.0,0.00023595989,lstm
2020-10-15 03:15:00,0.0,-0.0025322586,lstm
2020-10-15 03:15:00,0.0,-0.0036858022,lstm
2020-10-15 03:15:00,0.0,-0.0022106022,lstm
2020-10-15 03:15:00,0.0,0.00019793212,lstm
2020-10-15 03:30:00,0.0,-0.002513364,lstm
2020-10-15 03:30:00,0.0,-0.0036918372,lstm
2020-10-15 03:30:00,0.0,-0.0022277087,lstm
2020-10-15 03:30:00,0.0,0.00015428662,lstm
2020-10-15 03:45:00,0.0,-0.0025527626,lstm
2020-10-15 03:45:00,0.0,-0.0037322193,lstm
2020-10-15 03:45:00,0.0,-0.0023058355,lstm
2020-10-15 03:45:00,0.0,3.799796e-05,lstm
2020-10-15 04:00:00,0.0,-0.0025452971,lstm
2020-10-15 04:00:00,0.0,-0.0037468672,lstm
2020-10-15 04:00:00,0.0,-0.0023045838,lstm
2020-10-15 04:00:00,0.0,-2.5868416e-05,lstm
2020-10-15 04:15:00,0.0,-0.0025231242,lstm
2020-10-15 04:15:00,0.0,-0.0037737042,lstm
2020-10-15 04:15:00,0.0,-0.0023459345,lstm
2020-10-15 04:15:00,0.0,-0.00010749698,lstm
2020-10-15 04:30:00,0.0,-0.0025027245,lstm
2020-10-15 04:30:00,0.0,-0.0037995726,lstm
2020-10-15 04:30:00,0.0,-0.0023816675,lstm
2020-10-15 04:30:00,0.0,-0.00016365945,lstm
2020-10-15 04:45:00,0.0,-0.0025488436,lstm
2020-10-15 04:45:00,0.0,-0.0038541108,lstm
2020-10-15 04:45:00,0.0,-0.002438873,lstm
2020-10-15 04:45:00,0.0,-0.00026765466,lstm
2020-10-15 05:00:00,0.0,-0.0025720894,lstm
2020-10-15 05:00:00,0.0,-0.0039122105,lstm
2020-10-15 05:00:00,0.0,-0.0024680644,lstm
2020-10-15 05:00:00,0.0,-0.00035099685,lstm
2020-10-15 05:15:00,0.0,-0.0025550723,lstm
2020-10-15 05:15:00,0.0,-0.0039673746,lstm
2020-10-15 05:15:00,0.0,-0.0025441498,lstm
2020-10-15 05:15:00,0.0,-0.00045751035,lstm
2020-10-15 05:30:00,0.0,-0.0025285482,lstm
2020-10-15 05:30:00,0.0,-0.0040193945,lstm
2020-10-15 05:30:00,0.0,-0.0026137829,lstm
2020-10-15 05:30:00,0.0,-0.0005362928,lstm
2020-10-15 05:45:00,0.0,-0.0025770664,lstm
2020-10-15 05:45:00,0.0,-0.004093483,lstm
2020-10-15 05:45:00,0.0,-0.0026558936,lstm
2020-10-15 05:45:00,0.0,-0.0006185174,lstm
2020-10-15 06:00:00,0.0,-0.0026028603,lstm
2020-10-15 06:00:00,0.0,-0.004200697,lstm
2020-10-15 06:00:00,0.0,-0.0027320236,lstm
2020-10-15 06:00:00,0.0,-0.000722751,lstm
2020-10-15 06:15:00,0.0,-0.0025984198,lstm
2020-10-15 06:15:00,0.0,-0.0042967796,lstm
2020-10-15 06:15:00,0.0,-0.0028195083,lstm
2020-10-15 06:15:00,0.0,-0.0007958859,lstm
2020-10-15 06:30:00,0.0,-0.0025885254,lstm
2020-10-15 06:30:00,0.0,-0.0043886155,lstm
2020-10-15 06:30:00,0.0,-0.0029064268,lstm
2020-10-15 06:30:00,0.0,-0.00085040927,lstm
2020-10-15 06:45:00,0.0,-0.002642855,lstm
2020-10-15 06:45:00,0.0,-0.0044887066,lstm
2020-10-15 06:45:00,0.0,-0.0029458404,lstm
2020-10-15 06:45:00,0.0,-0.0008454323,lstm
2020-10-15 07:00:00,0.0,-0.0027134567,lstm
2020-10-15 07:00:00,0.0,-0.004661247,lstm
2020-10-15 07:00:00,0.0,-0.0030235946,lstm
2020-10-15 07:00:00,0.0,-0.0008186996,lstm
2020-10-15 07:15:00,0.0,-0.0027415454,lstm
2020-10-15 07:15:00,0.0,-0.0048405975,lstm
2020-10-15 07:15:00,0.0,-0.003105998,lstm
2020-10-15 07:15:00,0.0,-0.0007028878,lstm
2020-10-15 07:30:00,0.0,-0.0027135313,lstm
2020-10-15 07:30:00,0.0,-0.0050555766,lstm
2020-10-15 07:30:00,0.0,-0.0032000244,lstm
2020-10-15 07:30:00,0.0,-0.00044998527,lstm
2020-10-15 07:45:00,0.0,-0.0026810318,lstm
2020-10-15 07:45:00,0.0,-0.0052505583,lstm
2020-10-15 07:45:00,0.0,-0.003025189,lstm
2020-10-15 07:45:00,0.0046000034,0.0004297793,lstm
2020-10-15 08:00:00,0.0,-0.0025657564,lstm
2020-10-15 08:00:00,0.0,-0.005551234,lstm
2020-10-15 08:00:00,0.0046000034,-0.0022197962,lstm
2020-10-15 08:00:00,0.040000007,0.0034659058,lstm
2020-10-15 08:15:00,0.0,-0.0026196986,lstm
2020-10-15 08:15:00,0.0046000034,-0.0044951737,lstm
2020-10-15 08:15:00,0.040000007,0.0035827458,lstm
2020-10-15 08:15:00,0.109,0.019370377,lstm
2020-10-15 08:30:00,0.0046000034,-0.0032961369,lstm
2020-10-15 08:30:00,0.03999999,0.0109229535,lstm
2020-10-15 08:30:00,0.109,0.038297474,lstm
2020-10-15 08:30:00,0.1868,0.08841288,lstm
2020-10-15 08:45:00,0.03999999,0.0038658977,lstm
2020-10-15 08:45:00,0.109,0.033054665,lstm
2020-10-15 08:45:00,0.1868,0.08198141,lstm
2020-10-15 08:45:00,0.2608,0.15288597,lstm
2020-10-15 09:00:00,0.109,0.08136108,lstm
2020-10-15 09:00:00,0.1868,0.13363229,lstm
2020-10-15 09:00:00,0.2608,0.21480784,lstm
2020-10-15 09:00:00,0.3308,0.294104,lstm
2020-10-15 09:15:00,0.1868,0.18038183,lstm
2020-10-15 09:15:00,0.2608,0.25235033,lstm
2020-10-15 09:15:00,0.3308,0.34661537,lstm
2020-10-15 09:15:00,0.3972,0.41948104,lstm
2020-10-15 09:30:00,0.2608,0.2551512,lstm
2020-10-15 09:30:00,0.3308,0.32544518,lstm
2020-10-15 09:30:00,0.3972,0.39710307,lstm
2020-10-15 09:30:00,0.46000004,0.46812052,lstm
2020-10-15 09:45:00,0.3308,0.32156003,lstm
2020-10-15 09:45:00,0.3972,0.38804927,lstm
2020-10-15 09:45:00,0.46000004,0.44403917,lstm
2020-10-15 09:45:00,0.5196,0.5174142,lstm
2020-10-15 10:00:00,0.3972,0.38547134,lstm
2020-10-15 10:00:00,0.46,0.44829544,lstm
2020-10-15 10:00:00,0.5196,0.5018349,lstm
2020-10-15 10:00:00,0.5772,0.5687775,lstm
2020-10-15 10:15:00,0.46,0.45321512,lstm
2020-10-15 10:15:00,0.5196,0.50746036,lstm
2020-10-15 10:15:00,0.5772,0.5607172,lstm
2020-10-15 10:15:00,0.6286,0.61238515,lstm
2020-10-15 10:30:00,0.5196,0.52338773,lstm
2020-10-15 10:30:00,0.5772,0.5648793,lstm
2020-10-15 10:30:00,0.6286,0.61400044,lstm
2020-10-15 10:30:00,0.677,0.6487606,lstm
2020-10-15 10:45:00,0.5772,0.58866334,lstm
2020-10-15 10:45:00,0.6286,0.6194328,lstm
2020-10-15 10:45:00,0.677,0.6626673,lstm
2020-10-15 10:45:00,0.7178,0.68876827,lstm
2020-10-15 11:00:00,0.6286,0.64025295,lstm
2020-10-15 11:00:00,0.677,0.66592574,lstm
2020-10-15 11:00:00,0.7178,0.70256823,lstm
2020-10-15 11:00:00,0.7538,0.72835463,lstm
2020-10-15 11:15:00,0.677,0.67938733,lstm
2020-10-15 11:15:00,0.7178,0.70412385,lstm
2020-10-15 11:15:00,0.7538,0.734254,lstm
2020-10-15 11:15:00,0.7856,0.7619607,lstm
2020-10-15 11:30:00,0.7178,0.7104012,lstm
2020-10-15 11:30:00,0.7537999,0.73551106,lstm
2020-10-15 11:30:00,0.7856,0.7602454,lstm
2020-10-15 11:30:00,0.8116,0.78972644,lstm
2020-10-15 11:45:00,0.7538,0.7325002,lstm
2020-10-15 11:45:00,0.78559995,0.7571547,lstm
2020-10-15 11:45:00,0.8116,0.77723855,lstm
2020-10-15 11:45:00,0.8322,0.80628705,lstm
2020-10-15 12:00:00,0.7856,0.7512685,lstm
2020-10-15 12:00:00,0.81159997,0.7740257,lstm
2020-10-15 12:00:00,0.8322,0.7909477,lstm
2020-10-15 12:00:00,0.8474,0.818292,lstm
2020-10-15 12:15:00,0.8116,0.7697745,lstm
2020-10-15 12:15:00,0.83219993,0.7887789,lstm
2020-10-15 12:15:00,0.84739995,0.8033044,lstm
2020-10-15 12:15:00,0.8528,0.82801324,lstm
2020-10-15 12:30:00,0.8322,0.78799343,lstm
2020-10-15 12:30:00,0.84739995,0.80130875,lstm
2020-10-15 12:30:00,0.8528,0.81353754,lstm
2020-10-15 12:30:00,0.863,0.8346352,lstm
2020-10-15 12:45:00,0.8474,0.80594915,lstm
2020-10-15 12:45:00,0.8528,0.8131057,lstm
2020-10-15 12:45:00,0.863,0.822788,lstm
2020-10-15 12:45:00,0.8672,0.84039783,lstm
2020-10-15 13:00:00,0.8528,0.8149476,lstm
2020-10-15 13:00:00,0.8629999,0.8183234,lstm
2020-10-15 13:00:00,0.8672,0.82613826,lstm
2020-10-15 13:00:00,0.8712,0.84125656,lstm
2020-10-15 13:15:00,0.863,0.8138369,lstm
2020-10-15 13:15:00,0.8672,0.81428576,lstm
2020-10-15 13:15:00,0.8712,0.819675,lstm
2020-10-15 13:15:00,0.8706,0.8320623,lstm
2020-10-15 13:30:00,0.8672,0.82308644,lstm
2020-10-15 13:30:00,0.87119997,0.8204981,lstm
2020-10-15 13:30:00,0.8706,0.8253033,lstm
2020-10-15 13:30:00,0.8696,0.83753705,lstm
2020-10-15 13:45:00,0.8712001,0.82738096,lstm
2020-10-15 13:45:00,0.8706,0.8220953,lstm
2020-10-15 13:45:00,0.8696,0.8235787,lstm
2020-10-15 13:45:00,0.8634,0.83294916,lstm
2020-10-15 14:00:00,0.8706,0.8346164,lstm
2020-10-15 14:00:00,0.86959994,0.82572067,lstm
2020-10-15 14:00:00,0.8634,0.8244256,lstm
2020-10-15 14:00:00,0.851,0.83095026,lstm
2020-10-15 14:15:00,0.8696,0.8381774,lstm
2020-10-15 14:15:00,0.8634,0.82588136,lstm
2020-10-15 14:15:00,0.8510001,0.8210322,lstm
2020-10-15 14:15:00,0.8354,0.82399,lstm
2020-10-15 14:30:00,0.8634,0.8409308,lstm
2020-10-15 14:30:00,0.85099995,0.82496107,lstm
2020-10-15 14:30:00,0.8354,0.8165567,lstm
2020-10-15 14:30:00,0.818,0.8162985,lstm
2020-10-15 14:45:00,0.851,0.8392736,lstm
2020-10-15 14:45:00,0.8354,0.81949914,lstm
2020-10-15 14:45:00,0.818,0.8054268,lstm
2020-10-15 14:45:00,0.7974,0.8011166,lstm
2020-10-15 15:00:00,0.8353999,0.8289909,lstm
2020-10-15 15:00:00,0.81799996,0.80560875,lstm
2020-10-15 15:00:00,0.7974,0.7850622,lstm
2020-10-15 15:00:00,0.7724,0.77594155,lstm
2020-10-15 15:15:00,0.818,0.81688017,lstm
2020-10-15 15:15:00,0.7974,0.78957725,lstm
2020-10-15 15:15:00,0.7724,0.76299495,lstm
2020-10-15 15:15:00,0.7408,0.7500299,lstm
2020-10-15 15:30:00,0.7974,0.8036228,lstm
2020-10-15 15:30:00,0.7724,0.77346647,lstm
2020-10-15 15:30:00,0.7408,0.7422721,lstm
2020-10-15 15:30:00,0.706,0.7263429,lstm
2020-10-15 15:45:00,0.7724,0.7856352,lstm
2020-10-15 15:45:00,0.7408,0.75313807,lstm
2020-10-15 15:45:00,0.706,0.7180213,lstm
2020-10-15 15:45:00,0.6672,0.6983698,lstm
2020-10-15 16:00:00,0.7408,0.7644022,lstm
2020-10-15 16:00:00,0.706,0.7289597,lstm
2020-10-15 16:00:00,0.6672,0.69165504,lstm
2020-10-15 16:00:00,0.6248,0.66805285,lstm
2020-10-15 16:15:00,0.706,0.74022686,lstm
2020-10-15 16:15:00,0.6672,0.7002437,lstm
2020-10-15 16:15:00,0.6248,0.66055506,lstm
2020-10-15 16:15:00,0.58039993,0.63157654,lstm
2020-10-15 16:30:00,0.6672,0.715737,lstm
2020-10-15 16:30:00,0.6248,0.6662383,lstm
2020-10-15 16:30:00,0.5804,0.6217366,lstm
2020-10-15 16:30:00,0.5286,0.5846149,lstm
2020-10-15 16:45:00,0.6248,0.678976,lstm
2020-10-15 16:45:00,0.5804,0.6167041,lstm
2020-10-15 16:45:00,0.5286,0.5653297,lstm
2020-10-15 16:45:00,0.47140002,0.51871437,lstm
2020-10-15 17:00:00,0.5804,0.6201524,lstm
2020-10-15 17:00:00,0.5286,0.553894,lstm
2020-10-15 17:00:00,0.47140002,0.4978845,lstm
2020-10-15 17:00:00,0.4096,0.44658828,lstm
2020-10-15 17:15:00,0.5286,0.5627568,lstm
2020-10-15 17:15:00,0.4714,0.49442598,lstm
2020-10-15 17:15:00,0.40959996,0.43079036,lstm
2020-10-15 17:15:00,0.3446,0.3715452,lstm
2020-10-15 17:30:00,0.4714,0.50875473,lstm
2020-10-15 17:30:00,0.4096,0.4322483,lstm
2020-10-15 17:30:00,0.3446,0.35753483,lstm
2020-10-15 17:30:00,0.2748,0.28929877,lstm
2020-10-15 17:45:00,0.4096,0.4497787,lstm
2020-10-15 17:45:00,0.3446,0.3589418,lstm
2020-10-15 17:45:00,0.2748,0.2758176,lstm
2020-10-15 17:45:00,0.2026,0.20091604,lstm
2020-10-15 18:00:00,0.3446,0.37824944,lstm
2020-10-15 18:00:00,0.2748,0.27682295,lstm
2020-10-15 18:00:00,0.2026,0.19133468,lstm
2020-10-15 18:00:00,0.1286,0.120156944,lstm
2020-10-15 18:15:00,0.2748,0.3003594,lstm
2020-10-15 18:15:00,0.2026,0.19947891,lstm
2020-10-15 18:15:00,0.1286,0.11813367,lstm
2020-10-15 18:15:00,0.050600007,0.059616894,lstm
2020-10-15 18:30:00,0.2026,0.21480165,lstm
2020-10-15 18:30:00,0.1286,0.12723893,lstm
2020-10-15 18:30:00,0.050600007,0.06103486,lstm
2020-10-15 18:30:00,0.006400004,0.022312522,lstm
2020-10-15 18:45:00,0.1286,0.126502,lstm
2020-10-15 18:45:00,0.050599992,0.062252775,lstm
2020-10-15 18:45:00,0.006400004,0.019583374,lstm
2020-10-15 18:45:00,0.0,0.0046510547,lstm
2020-10-15 19:00:00,0.050599992,0.05882065,lstm
2020-10-15 19:00:00,0.006400004,0.018745124,lstm
2020-10-15 19:00:00,0.0,-0.0024590045,lstm
2020-10-15 19:00:00,0.0,-0.002890706,lstm
2020-10-15 19:15:00,0.006400004,0.02417688,lstm
2020-10-15 19:15:00,0.0,0.0009327233,lstm
2020-10-15 19:15:00,0.0,-0.00821434,lstm
2020-10-15 19:15:00,0.0,-0.0048630685,lstm
2020-10-15 19:30:00,0.0,0.009872824,lstm
2020-10-15 19:30:00,0.0,-0.0032853037,lstm
2020-10-15 19:30:00,0.0,-0.0065765977,lstm
2020-10-15 19:30:00,0.0,-0.0034480542,lstm
2020-10-15 19:45:00,0.0,0.0035262108,lstm
2020-10-15 19:45:00,0.0,-0.0036087036,lstm
2020-10-15 19:45:00,0.0,-0.0040775985,lstm
2020-10-15 19:45:00,0.0,-0.0015209615,lstm
2020-10-15 20:00:00,0.0,0.00039231777,lstm
2020-10-15 20:00:00,0.0,-0.003771618,lstm
2020-10-15 20:00:00,0.0,-0.0028308332,lstm
2020-10-15 20:00:00,0.0,-0.0006810576,lstm
2020-10-15 20:15:00,0.0,-0.0010202527,lstm
2020-10-15 20:15:00,0.0,-0.0038262755,lstm
2020-10-15 20:15:00,0.0,-0.0022167265,lstm
2020-10-15 20:15:00,0.0,-0.00035464764,lstm
2020-10-15 20:30:00,0.0,-0.0016775876,lstm
2020-10-15 20:30:00,0.0,-0.003855884,lstm
2020-10-15 20:30:00,0.0,-0.0019090176,lstm
2020-10-15 20:30:00,0.0,-0.00019405782,lstm
2020-10-15 20:45:00,0.0,-0.002012983,lstm
2020-10-15 20:45:00,0.0,-0.003958285,lstm
2020-10-15 20:45:00,0.0,-0.0019107461,lstm
2020-10-15 20:45:00,0.0,-0.00016202033,lstm
2020-10-15 21:00:00,0.0,-0.002202168,lstm
2020-10-15 21:00:00,0.0,-0.003975883,lstm
2020-10-15 21:00:00,0.0,-0.0018577725,lstm
2020-10-15 21:00:00,0.0,-7.390976e-05,lstm
2020-10-15 21:15:00,0.0,-0.002302125,lstm
2020-10-15 21:15:00,0.0,-0.003967136,lstm
2020-10-15 21:15:00,0.0,-0.0018101931,lstm
2020-10-15 21:15:00,0.0,-7.31647e-06,lstm
2020-10-15 21:30:00,0.0,-0.0023534745,lstm
2020-10-15 21:30:00,0.0,-0.003950745,lstm
2020-10-15 21:30:00,0.0,-0.001775369,lstm
2020-10-15 21:30:00,0.0,3.9696693e-05,lstm
2020-10-15 21:45:00,0.0,-0.002431184,lstm
2020-10-15 21:45:00,0.0,-0.0040220767,lstm
2020-10-15 21:45:00,0.0,-0.0019091517,lstm
2020-10-15 21:45:00,0.0,1.1578202e-05,lstm
2020-10-15 22:00:00,0.0,-0.002457872,lstm
2020-10-15 22:00:00,0.0,-0.0039984435,lstm
2020-10-15 22:00:00,0.0,-0.0019026697,lstm
2020-10-15 22:00:00,0.0,7.265806e-05,lstm
2020-10-15 22:15:00,0.0,-0.0024769902,lstm
2020-10-15 22:15:00,0.0,-0.003977254,lstm
2020-10-15 22:15:00,0.0,-0.0018814951,lstm
2020-10-15 22:15:00,0.0,0.00012041628,lstm
2020-10-15 22:30:00,0.0,-0.002486363,lstm
2020-10-15 22:30:00,0.0,-0.0039586127,lstm
2020-10-15 22:30:00,0.0,-0.0018662065,lstm
2020-10-15 22:30:00,0.0,0.00015193224,lstm
2020-10-15 22:45:00,0.0,-0.0025487393,lstm
2020-10-15 22:45:00,0.0,-0.0040173233,lstm
2020-10-15 22:45:00,0.0,-0.0020156056,lstm
2020-10-15 22:45:00,0.0,0.00011013448,lstm
2020-10-15 23:00:00,0.0,-0.0025508404,lstm
2020-10-15 23:00:00,0.0,-0.0039782673,lstm
2020-10-15 23:00:00,0.0,-0.0019933134,lstm
2020-10-15 23:00:00,0.0,0.00017407537,lstm
2020-10-15 23:15:00,0.0,-0.0025481284,lstm
2020-10-15 23:15:00,0.0,-0.003949791,lstm
2020-10-15 23:15:00,0.0,-0.001976207,lstm
2020-10-15 23:15:00,0.0,0.00021287799,lstm
2020-10-15 23:30:00,0.0,-0.0025482774,lstm
2020-10-15 23:30:00,0.0,-0.0039258003,lstm
2020-10-15 23:30:00,0.0,-0.001955822,lstm
2020-10-15 23:30:00,0.0,0.00024735928,lstm
2020-10-15 23:45:00,0.0,-0.0026103407,lstm
2020-10-15 23:45:00,0.0,-0.0039688945,lstm
2020-10-15 23:45:00,0.0,-0.0020911992,lstm
2020-10-15 23:45:00,0.0,0.00019954145,lstm
2020-10-16 00:00:00,0.0,-0.002597496,lstm
2020-10-16 00:00:00,0.0,-0.0039148033,lstm
2020-10-16 00:00:00,0.0,-0.0020553023,lstm
2020-10-16 00:00:00,0.0,0.00026018918,lstm
2020-10-16 00:15:00,0.0,-0.0025790036,lstm
2020-10-16 00:15:00,0.0,-0.0038769543,lstm
2020-10-16 00:15:00,0.0,-0.0020391792,lstm
2020-10-16 00:15:00,0.0,0.00029227138,lstm
2020-10-16 00:30:00,0.0,-0.002572909,lstm
2020-10-16 00:30:00,0.0,-0.0038555264,lstm
2020-10-16 00:30:00,0.0,-0.0020130873,lstm
2020-10-16 00:30:00,0.0,0.0003234595,lstm
2020-10-16 00:45:00,0.0,-0.0026341379,lstm
2020-10-16 00:45:00,0.0,-0.0038960874,lstm
2020-10-16 00:45:00,0.0,-0.0021145046,lstm
2020-10-16 00:45:00,0.0,0.00026021898,lstm
2020-10-16 01:00:00,0.0,-0.0026325881,lstm
2020-10-16 01:00:00,0.0,-0.0038621277,lstm
2020-10-16 01:00:00,0.0,-0.002068609,lstm
2020-10-16 01:00:00,0.0,0.00028461218,lstm
2020-10-16 01:15:00,0.0,-0.002625078,lstm
2020-10-16 01:15:00,0.0,-0.0038476735,lstm
2020-10-16 01:15:00,0.0,-0.0020710677,lstm
2020-10-16 01:15:00,0.0,0.00027438998,lstm
2020-10-16 01:30:00,0.0,-0.002598077,lstm
2020-10-16 01:30:00,0.0,-0.0038300455,lstm
2020-10-16 01:30:00,0.0,-0.002091825,lstm
2020-10-16 01:30:00,0.0,0.00026521087,lstm
2020-10-16 01:45:00,0.0,-0.0026410222,lstm
2020-10-16 01:45:00,0.0,-0.0038675219,lstm
2020-10-16 01:45:00,0.0,-0.0021961182,lstm
2020-10-16 01:45:00,0.0,0.00018274784,lstm
2020-10-16 02:00:00,0.0,-0.0026203245,lstm
2020-10-16 02:00:00,0.0,-0.0038369894,lstm
2020-10-16 02:00:00,0.0,-0.0021616071,lstm
2020-10-16 02:00:00,0.0,0.00018312037,lstm
2020-10-16 02:15:00,0.0,-0.002602011,lstm
2020-10-16 02:15:00,0.0,-0.0038309693,lstm
2020-10-16 02:15:00,0.0,-0.0021511912,lstm
2020-10-16 02:15:00,0.0,0.00016568601,lstm
2020-10-16 02:30:00,0.0,-0.0025876611,lstm
2020-10-16 02:30:00,0.0,-0.0038307756,lstm
2020-10-16 02:30:00,0.0,-0.0021567494,lstm
2020-10-16 02:30:00,0.0,0.00014144182,lstm
2020-10-16 02:45:00,0.0,-0.0026362538,lstm
2020-10-16 02:45:00,0.0,-0.00387536,lstm
2020-10-16 02:45:00,0.0,-0.00224559,lstm
2020-10-16 02:45:00,0.0,3.0308962e-05,lstm
2020-10-16 03:00:00,0.0,-0.0026314259,lstm
2020-10-16 03:00:00,0.0,-0.0038769692,lstm
2020-10-16 03:00:00,0.0,-0.0022392422,lstm
2020-10-16 03:00:00,0.0,-1.5228987e-05,lstm
2020-10-16 03:15:00,0.0,-0.0026201606,lstm
2020-10-16 03:15:00,0.0,-0.0038886368,lstm
2020-10-16 03:15:00,0.0,-0.0022443384,lstm
2020-10-16 03:15:00,0.0,-5.993247e-05,lstm
2020-10-16 03:30:00,0.0,-0.0026135743,lstm
2020-10-16 03:30:00,0.0,-0.0039110333,lstm
2020-10-16 03:30:00,0.0,-0.0022592843,lstm
2020-10-16 03:30:00,0.0,-0.00010330975,lstm
2020-10-16 03:45:00,0.0,-0.0026684552,lstm
2020-10-16 03:45:00,0.0,-0.0039706677,lstm
2020-10-16 03:45:00,0.0,-0.0023308247,lstm
2020-10-16 03:45:00,0.0,-0.00022985041,lstm
2020-10-16 04:00:00,0.0,-0.0026712269,lstm
2020-10-16 04:00:00,0.0,-0.004006475,lstm
2020-10-16 04:00:00,0.0,-0.0023560524,lstm
2020-10-16 04:00:00,0.0,-0.00032413006,lstm
2020-10-16 04:15:00,0.0,-0.0026604533,lstm
2020-10-16 04:15:00,0.0,-0.0040498376,lstm
2020-10-16 04:15:00,0.0,-0.0023845285,lstm
2020-10-16 04:15:00,0.0,-0.00039984286,lstm
2020-10-16 04:30:00,0.0,-0.0026477277,lstm
2020-10-16 04:30:00,0.0,-0.0040901005,lstm
2020-10-16 04:30:00,0.0,-0.0024252683,lstm
2020-10-16 04:30:00,0.0,-0.00047530234,lstm
2020-10-16 04:45:00,0.0,-0.0027033985,lstm
2020-10-16 04:45:00,0.0,-0.004169628,lstm
2020-10-16 04:45:00,0.0,-0.002493441,lstm
2020-10-16 04:45:00,0.0,-0.0006040931,lstm
2020-10-16 05:00:00,0.0,-0.0027203858,lstm
2020-10-16 05:00:00,0.0,-0.0042465776,lstm
2020-10-16 05:00:00,0.0,-0.0025414228,lstm
2020-10-16 05:00:00,0.0,-0.0007176846,lstm
2020-10-16 05:15:00,0.0,-0.0027153194,lstm
2020-10-16 05:15:00,0.0,-0.004320532,lstm
2020-10-16 05:15:00,0.0,-0.0026018769,lstm
2020-10-16 05:15:00,0.0,-0.00081285834,lstm
2020-10-16 05:30:00,0.0,-0.0027109683,lstm
2020-10-16 05:30:00,0.0,-0.0043912083,lstm
2020-10-16 05:30:00,0.0,-0.0026514232,lstm
2020-10-16 05:30:00,0.0,-0.0008855164,lstm
2020-10-16 05:45:00,0.0,-0.0027852356,lstm
2020-10-16 05:45:00,0.0,-0.0044967383,lstm
2020-10-16 05:45:00,0.0,-0.0026964843,lstm
2020-10-16 05:45:00,0.0,-0.00097587705,lstm
2020-10-16 06:00:00,0.0,-0.0028339773,lstm
2020-10-16 06:00:00,0.0,-0.0046330392,lstm
2020-10-16 06:00:00,0.0,-0.0027736276,lstm
2020-10-16 06:00:00,0.0,-0.0010758489,lstm
2020-10-16 06:15:00,0.0,-0.0028372705,lstm
2020-10-16 06:15:00,0.0,-0.004755765,lstm
2020-10-16 06:15:00,0.0,-0.0028455555,lstm
2020-10-16 06:15:00,0.0,-0.0011327267,lstm
2020-10-16 06:30:00,0.0,-0.0028332174,lstm
2020-10-16 06:30:00,0.0,-0.004876122,lstm
2020-10-16 06:30:00,0.0,-0.002926916,lstm
2020-10-16 06:30:00,0.0,-0.0011645406,lstm
2020-10-16 06:45:00,0.0,-0.002900347,lstm
2020-10-16 06:45:00,0.0,-0.0050033033,lstm
2020-10-16 06:45:00,0.0,-0.0029120594,lstm
2020-10-16 06:45:00,0.0,-0.0010737479,lstm
2020-10-16 07:00:00,0.0,-0.0029560328,lstm
2020-10-16 07:00:00,0.0,-0.005189985,lstm
2020-10-16 07:00:00,0.0,-0.0029382557,lstm
2020-10-16 07:00:00,0.0,-0.0009394884,lstm
2020-10-16 07:15:00,0.0,-0.0029357225,lstm
2020-10-16 07:15:00,0.0,-0.005367726,lstm
2020-10-16 07:15:00,0.0,-0.0029903054,lstm
2020-10-16 07:15:00,0.0,-0.00068974495,lstm
2020-10-16 07:30:00,0.0,-0.00284791,lstm
2020-10-16 07:30:00,0.0,-0.0055378973,lstm
2020-10-16 07:30:00,0.0,-0.0029494762,lstm
2020-10-16 07:30:00,0.0,-0.00020690262,lstm
2020-10-16 07:45:00,0.0,-0.002756834,lstm
2020-10-16 07:45:00,0.0,-0.005642712,lstm
2020-10-16 07:45:00,0.0,-0.002592951,lstm
2020-10-16 07:45:00,0.0039999783,0.0009266734,lstm
2020-10-16 08:00:00,0.0,-0.0025773495,lstm
2020-10-16 08:00:00,0.0,-0.0057400614,lstm
2020-10-16 08:00:00,0.003999993,-0.0016281605,lstm
2020-10-16 08:00:00,0.03820002,0.0037977397,lstm
2020-10-16 08:15:00,0.0,-0.002251044,lstm
2020-10-16 08:15:00,0.003999993,-0.0048080385,lstm
2020-10-16 08:15:00,0.038200006,0.003002569,lstm
2020-10-16 08:15:00,0.1086,0.01562041,lstm
2020-10-16 08:30:00,0.003999993,-0.002770692,lstm
2020-10-16 08:30:00,0.03819999,0.008420259,lstm
2020-10-16 08:30:00,0.1086,0.03415805,lstm
2020-10-16 08:30:00,0.1898,0.078481175,lstm
2020-10-16 08:45:00,0.03819999,0.003337428,lstm
2020-10-16 08:45:00,0.1086,0.034688547,lstm
2020-10-16 08:45:00,0.1898,0.084474735,lstm
2020-10-16 08:45:00,0.2626,0.15673023,lstm
2020-10-16 09:00:00,0.1086,0.07745886,lstm
2020-10-16 09:00:00,0.1898,0.13324723,lstm
2020-10-16 09:00:00,0.2626,0.21662739,lstm
2020-10-16 09:00:00,0.3302,0.29921386,lstm
2020-10-16 09:15:00,0.1898,0.17712227,lstm
2020-10-16 09:15:00,0.2626,0.25019392,lstm
2020-10-16 09:15:00,0.3302,0.34414515,lstm
2020-10-16 09:15:00,0.3934,0.4197756,lstm
2020-10-16 09:30:00,0.2626,0.25138462,lstm
2020-10-16 09:30:00,0.3302,0.3209564,lstm
2020-10-16 09:30:00,0.3934,0.39072686,lstm
2020-10-16 09:30:00,0.45860004,0.4653738,lstm
2020-10-16 09:45:00,0.3302,0.31593037,lstm
2020-10-16 09:45:00,0.3934,0.38302284,lstm
2020-10-16 09:45:00,0.45860004,0.43924385,lstm
2020-10-16 09:45:00,0.5214,0.51409775,lstm
2020-10-16 10:00:00,0.3934,0.37995398,lstm
2020-10-16 10:00:00,0.4586,0.4437219,lstm
2020-10-16 10:00:00,0.5214,0.49850136,lstm
2020-10-16 10:00:00,0.5758,0.5641801,lstm
2020-10-16 10:15:00,0.4586,0.44800404,lstm
2020-10-16 10:15:00,0.5214,0.50312287,lstm
2020-10-16 10:15:00,0.5758,0.5570988,lstm
2020-10-16 10:15:00,0.6242,0.60624236,lstm
2020-10-16 10:30:00,0.5214,0.5210197,lstm
2020-10-16 10:30:00,0.5758,0.5636892,lstm
2020-10-16 10:30:00,0.6242,0.61377674,lstm
2020-10-16 10:30:00,0.666,0.64786536,lstm
2020-10-16 10:45:00,0.5758,0.5892785,lstm
2020-10-16 10:45:00,0.6242,0.62252426,lstm
2020-10-16 10:45:00,0.666,0.666908,lstm
2020-10-16 10:45:00,0.699,0.6947034,lstm
2020-10-16 11:00:00,0.6242,0.63971865,lstm
2020-10-16 11:00:00,0.666,0.66932714,lstm
2020-10-16 11:00:00,0.699,0.70673543,lstm
2020-10-16 11:00:00,0.728,0.73498356,lstm
2020-10-16 11:15:00,0.666,0.6779566,lstm
2020-10-16 11:15:00,0.699,0.7071278,lstm
2020-10-16 11:15:00,0.728,0.7379037,lstm
2020-10-16 11:15:00,0.7552,0.76832837,lstm
2020-10-16 11:30:00,0.699,0.70494974,lstm
2020-10-16 11:30:00,0.7279999,0.734606,lstm
2020-10-16 11:30:00,0.7552,0.7596762,lstm
2020-10-16 11:30:00,0.7878,0.79095906,lstm
2020-10-16 11:45:00,0.728,0.72178495,lstm
2020-10-16 11:45:00,0.7552,0.75019336,lstm
2020-10-16 11:45:00,0.7878,0.7701902,lstm
2020-10-16 11:45:00,0.81820005,0.79988754,lstm
2020-10-16 12:00:00,0.7552,0.73644316,lstm
2020-10-16 12:00:00,0.7878001,0.76195073,lstm
2020-10-16 12:00:00,0.8182,0.77832323,lstm
2020-10-16 12:00:00,0.8366,0.80575,lstm
2020-10-16 12:15:00,0.7878,0.75374836,lstm
2020-10-16 12:15:00,0.8182,0.7750478,lstm
2020-10-16 12:15:00,0.8366,0.78888994,lstm
2020-10-16 12:15:00,0.851,0.8139546,lstm
2020-10-16 12:30:00,0.8182,0.7815907,lstm
2020-10-16 12:30:00,0.83659995,0.7978898,lstm
2020-10-16 12:30:00,0.8510001,0.8104391,lstm
2020-10-16 12:30:00,0.8628,0.8342487,lstm
2020-10-16 12:45:00,0.83659995,0.80763435,lstm
2020-10-16 12:45:00,0.85099995,0.81919265,lstm
2020-10-16 12:45:00,0.8628,0.8298079,lstm
2020-10-16 12:45:00,0.869,0.8512072,lstm
2020-10-16 13:00:00,0.851,0.8186251,lstm
2020-10-16 13:00:00,0.8628,0.8268428,lstm
2020-10-16 13:00:00,0.869,0.83543104,lstm
2020-10-16 13:00:00,0.8684,0.85307586,lstm
2020-10-16 13:15:00,0.8628,0.8266013,lstm
2020-10-16 13:15:00,0.86899996,0.83151245,lstm
2020-10-16 13:15:00,0.8684,0.8388119,lstm
2020-10-16 13:15:00,0.86800003,0.8540998,lstm
2020-10-16 13:30:00,0.869,0.83324355,lstm
2020-10-16 13:30:00,0.8684,0.835436,lstm
2020-10-16 13:30:00,0.86800003,0.84153754,lstm
2020-10-16 13:30:00,0.8658,0.854636,lstm
2020-10-16 13:45:00,0.8684,0.83761626,lstm
2020-10-16 13:45:00,0.8679999,0.83582366,lstm
2020-10-16 13:45:00,0.8658,0.8386975,lstm
2020-10-16 13:45:00,0.8634,0.84801126,lstm
2020-10-16 14:00:00,0.868,0.8372448,lstm
2020-10-16 14:00:00,0.8658,0.8307278,lstm
2020-10-16 14:00:00,0.8634,0.8292689,lstm
2020-10-16 14:00:00,0.851,0.8337367,lstm
2020-10-16 14:15:00,0.8658,0.8409255,lstm
2020-10-16 14:15:00,0.8634,0.8292109,lstm
2020-10-16 14:15:00,0.8510001,0.82395583,lstm
2020-10-16 14:15:00,0.8342,0.82516867,lstm
2020-10-16 14:30:00,0.8634,0.842128,lstm
2020-10-16 14:30:00,0.85099995,0.82679534,lstm
2020-10-16 14:30:00,0.8342,0.8175084,lstm
2020-10-16 14:30:00,0.8152,0.81573415,lstm
2020-10-16 14:45:00,0.851,0.84329164,lstm
2020-10-16 14:45:00,0.8342,0.8245026,lstm
2020-10-16 14:45:00,0.8152,0.8100129,lstm
2020-10-16 14:45:00,0.7924,0.80538356,lstm
2020-10-16 15:00:00,0.8342,0.83173096,lstm
2020-10-16 15:00:00,0.8152,0.8103248,lstm
2020-10-16 15:00:00,0.7924,0.78869337,lstm
2020-10-16 15:00:00,0.7704,0.7791514,lstm
2020-10-16 15:15:00,0.8152,0.8176396,lstm
2020-10-16 15:15:00,0.7924001,0.79256535,lstm
2020-10-16 15:15:00,0.7704,0.7643888,lstm
2020-10-16 15:15:00,0.7392,0.75099623,lstm
2020-10-16 15:30:00,0.7924,0.80271024,lstm
2020-10-16 15:30:00,0.7703999,0.77445436,lstm
2020-10-16 15:30:00,0.7392,0.7414647,lstm
2020-10-16 15:30:00,0.707,0.7250864,lstm
2020-10-16 15:45:00,0.7704,0.78382254,lstm
2020-10-16 15:45:00,0.7392,0.75265276,lstm
2020-10-16 15:45:00,0.707,0.7154573,lstm
2020-10-16 15:45:00,0.6714,0.6950942,lstm
2020-10-16 16:00:00,0.7392,0.7655267,lstm
2020-10-16 16:00:00,0.707,0.73046327,lstm
2020-10-16 16:00:00,0.6714,0.6907971,lstm
2020-10-16 16:00:00,0.6272,0.66668254,lstm
2020-10-16 16:15:00,0.707,0.7415469,lstm
2020-10-16 16:15:00,0.6714,0.70050895,lstm
2020-10-16 16:15:00,0.6272,0.65850604,lstm
2020-10-16 16:15:00,0.5796,0.62803113,lstm
2020-10-16 16:30:00,0.6714,0.71820813,lstm
2020-10-16 16:30:00,0.6272,0.66554844,lstm
2020-10-16 16:30:00,0.5796,0.61973614,lstm
2020-10-16 16:30:00,0.5282,0.5812168,lstm
2020-10-16 16:45:00,0.6272,0.683888,lstm
2020-10-16 16:45:00,0.5796,0.6190796,lstm
2020-10-16 16:45:00,0.5282,0.5669537,lstm
2020-10-16 16:45:00,0.47119993,0.5190624,lstm
2020-10-16 17:00:00,0.5796,0.62901354,lstm
2020-10-16 17:00:00,0.5282,0.5607202,lstm
2020-10-16 17:00:00,0.4712,0.5021842,lstm
2020-10-16 17:00:00,0.4084,0.44744223,lstm
2020-10-16 17:15:00,0.5282,0.5649797,lstm
2020-10-16 17:15:00,0.4712,0.4957534,lstm
2020-10-16 17:15:00,0.4084,0.4317885,lstm
2020-10-16 17:15:00,0.336,0.37084794,lstm
2020-10-16 17:30:00,0.4712,0.5105114,lstm
2020-10-16 17:30:00,0.4084,0.43353993,lstm
2020-10-16 17:30:00,0.336,0.36100173,lstm
2020-10-16 17:30:00,0.2626,0.29270595,lstm
2020-10-16 17:45:00,0.4084,0.4513968,lstm
2020-10-16 17:45:00,0.336,0.36187482,lstm
2020-10-16 17:45:00,0.2626,0.28036463,lstm
2020-10-16 17:45:00,0.1902,0.2056,lstm
2020-10-16 18:00:00,0.336,0.38218367,lstm
2020-10-16 18:00:00,0.2626,0.28168416,lstm
2020-10-16 18:00:00,0.1902,0.1974792,lstm
2020-10-16 18:00:00,0.1106,0.12608647,lstm
2020-10-16 18:15:00,0.2626,0.29915175,lstm
2020-10-16 18:15:00,0.1902,0.19870186,lstm
2020-10-16 18:15:00,0.1106,0.11949605,lstm
2020-10-16 18:15:00,0.0308,0.062182635,lstm
2020-10-16 18:30:00,0.1902,0.2100533,lstm
2020-10-16 18:30:00,0.1106,0.121140346,lstm
2020-10-16 18:30:00,0.0308,0.060930252,lstm
2020-10-16 18:30:00,0.0013999939,0.02213934,lstm
2020-10-16 18:45:00,0.1106,0.12149582,lstm
2020-10-16 18:45:00,0.0308,0.05695997,lstm
2020-10-16 18:45:00,0.0013999939,0.020078063,lstm
2020-10-16 18:45:00,0.0,0.004438922,lstm
2020-10-16 19:00:00,0.0308,0.054807067,lstm
2020-10-16 19:00:00,0.0013999939,0.016301408,lstm
2020-10-16 19:00:00,0.0,-0.0023528934,lstm
2020-10-16 19:00:00,0.0,-0.0024058074,lstm
2020-10-16 19:15:00,0.0013999939,0.022031397,lstm
2020-10-16 19:15:00,0.0,0.0003899485,lstm
2020-10-16 19:15:00,0.0,-0.0078956485,lstm
2020-10-16 19:15:00,0.0,-0.0042126775,lstm
2020-10-16 19:30:00,0.0,0.008992538,lstm
2020-10-16 19:30:00,0.0,-0.0029854476,lstm
2020-10-16 19:30:00,0.0,-0.0056878477,lstm
2020-10-16 19:30:00,0.0,-0.0025182366,lstm
2020-10-16 19:45:00,0.0,0.0030201972,lstm
2020-10-16 19:45:00,0.0,-0.0035437495,lstm
2020-10-16 19:45:00,0.0,-0.0036969185,lstm
2020-10-16 19:45:00,0.0,-0.0010362267,lstm
2020-10-16 20:00:00,0.0,0.00016541779,lstm
2020-10-16 20:00:00,0.0,-0.0038167834,lstm
2020-10-16 20:00:00,0.0,-0.002775997,lstm
2020-10-16 20:00:00,0.0,-0.00048603117,lstm
2020-10-16 20:15:00,0.0,-0.0010972321,lstm
2020-10-16 20:15:00,0.0,-0.0039003938,lstm
2020-10-16 20:15:00,0.0,-0.002285391,lstm
2020-10-16 20:15:00,0.0,-0.00024211407,lstm
2020-10-16 20:30:00,0.0,-0.001703009,lstm
2020-10-16 20:30:00,0.0,-0.0039465874,lstm
2020-10-16 20:30:00,0.0,-0.0020245463,lstm
2020-10-16 20:30:00,0.0,-0.00010827184,lstm
2020-10-16 20:45:00,0.0,-0.0020119697,lstm
2020-10-16 20:45:00,0.0,-0.00404495,lstm
2020-10-16 20:45:00,0.0,-0.002035603,lstm
2020-10-16 20:45:00,0.0,-8.3491206e-05,lstm
2020-10-16 21:00:00,0.0,-0.0021937042,lstm
2020-10-16 21:00:00,0.0,-0.0040617585,lstm
2020-10-16 21:00:00,0.0,-0.0019947141,lstm
2020-10-16 21:00:00,0.0,-2.9951334e-06,lstm
2020-10-16 21:15:00,0.0,-0.0022884011,lstm
2020-10-16 21:15:00,0.0,-0.004051313,lstm
2020-10-16 21:15:00,0.0,-0.0019522011,lstm
2020-10-16 21:15:00,0.0,6.15567e-05,lstm
2020-10-16 21:30:00,0.0,-0.0023390949,lstm
2020-10-16 21:30:00,0.0,-0.004039228,lstm
2020-10-16 21:30:00,0.0,-0.0019229352,lstm
2020-10-16 21:30:00,0.0,0.000108003616,lstm
2020-10-16 21:45:00,0.0,-0.0024016798,lstm
2020-10-16 21:45:00,0.0,-0.0040890127,lstm
2020-10-16 21:45:00,0.0,-0.002039507,lstm
2020-10-16 21:45:00,0.0,9.325147e-05,lstm
2020-10-16 22:00:00,0.0,-0.0024350882,lstm
2020-10-16 22:00:00,0.0,-0.0040662587,lstm
2020-10-16 22:00:00,0.0,-0.0020273179,lstm
2020-10-16 22:00:00,0.0,0.00015538931,lstm
2020-10-16 22:15:00,0.0,-0.0024446994,lstm
2020-10-16 22:15:00,0.0,-0.0040399283,lstm
2020-10-16 22:15:00,0.0,-0.002013594,lstm
2020-10-16 22:15:00,0.0,0.0001975447,lstm
2020-10-16 22:30:00,0.0,-0.002445519,lstm
2020-10-16 22:30:00,0.0,-0.0040153563,lstm
2020-10-16 22:30:00,0.0,-0.0019941032,lstm
2020-10-16 22:30:00,0.0,0.00023572147,lstm
2020-10-16 22:45:00,0.0,-0.0024897754,lstm
2020-10-16 22:45:00,0.0,-0.0040527284,lstm
2020-10-16 22:45:00,0.0,-0.002112925,lstm
2020-10-16 22:45:00,0.0,0.00020703673,lstm
2020-10-16 23:00:00,0.0,-0.0024938285,lstm
2020-10-16 23:00:00,0.0,-0.0040195584,lstm
2020-10-16 23:00:00,0.0,-0.0020867586,lstm
2020-10-16 23:00:00,0.0,0.00026372075,lstm
2020-10-16 23:15:00,0.0,-0.0024916977,lstm
2020-10-16 23:15:00,0.0,-0.003991157,lstm
2020-10-16 23:15:00,0.0,-0.0020648688,lstm
2020-10-16 23:15:00,0.0,0.0002965927,lstm
2020-10-16 23:30:00,0.0,-0.0024918318,lstm
2020-10-16 23:30:00,0.0,-0.003967285,lstm
2020-10-16 23:30:00,0.0,-0.002044648,lstm
2020-10-16 23:30:00,0.0,0.00032527745,lstm
2020-10-16 23:45:00,0.0,-0.002539605,lstm
2020-10-16 23:45:00,0.0,-0.0039903373,lstm
2020-10-16 23:45:00,0.0,-0.002151817,lstm
2020-10-16 23:45:00,0.0,0.0002863109,lstm
2020-10-17 00:00:00,0.0,-0.0025306493,lstm
2020-10-17 00:00:00,0.0,-0.0039381534,lstm
2020-10-17 00:00:00,0.0,-0.0021141768,lstm
2020-10-17 00:00:00,0.0,0.00033812225,lstm
2020-10-17 00:15:00,0.0,-0.0025222749,lstm
2020-10-17 00:15:00,0.0,-0.003908992,lstm
2020-10-17 00:15:00,0.0,-0.0020857155,lstm
2020-10-17 00:15:00,0.0,0.00036735833,lstm
2020-10-17 00:30:00,0.0,-0.0025138706,lstm
2020-10-17 00:30:00,0.0,-0.003885746,lstm
2020-10-17 00:30:00,0.0,-0.0020695478,lstm
2020-10-17 00:30:00,0.0,0.00038327277,lstm
2020-10-17 00:45:00,0.0,-0.0025453866,lstm
2020-10-17 00:45:00,0.0,-0.003907278,lstm
2020-10-17 00:45:00,0.0,-0.002167508,lstm
2020-10-17 00:45:00,0.0,0.00032563508,lstm
2020-10-17 01:00:00,0.0,-0.002526179,lstm
2020-10-17 01:00:00,0.0,-0.0038620383,lstm
2020-10-17 01:00:00,0.0,-0.0021295547,lstm
2020-10-17 01:00:00,0.0,0.000352934,lstm
2020-10-17 01:15:00,0.0,-0.002510935,lstm
2020-10-17 01:15:00,0.0,-0.0038421303,lstm
2020-10-17 01:15:00,0.0,-0.0021124631,lstm
2020-10-17 01:15:00,0.0,0.00036014616,lstm
2020-10-17 01:30:00,0.0,-0.0025009066,lstm
2020-10-17 01:30:00,0.0,-0.0038333982,lstm
2020-10-17 01:30:00,0.0,-0.0021001846,lstm
2020-10-17 01:30:00,0.0,0.00036130846,lstm
2020-10-17 01:45:00,0.0,-0.0025377125,lstm
2020-10-17 01:45:00,0.0,-0.0038551986,lstm
2020-10-17 01:45:00,0.0,-0.0021968633,lstm
2020-10-17 01:45:00,0.0,0.0002760589,lstm
2020-10-17 02:00:00,0.0,-0.0025150478,lstm
2020-10-17 02:00:00,0.0,-0.0038172007,lstm
2020-10-17 02:00:00,0.0,-0.00215967,lstm
2020-10-17 02:00:00,0.0,0.00028328598,lstm
2020-10-17 02:15:00,0.0,-0.0024948865,lstm
2020-10-17 02:15:00,0.0,-0.003810361,lstm
2020-10-17 02:15:00,0.0,-0.0021592528,lstm
2020-10-17 02:15:00,0.0,0.00026379526,lstm
2020-10-17 02:30:00,0.0,-0.002472952,lstm
2020-10-17 02:30:00,0.0,-0.0038069487,lstm
2020-10-17 02:30:00,0.0,-0.002164334,lstm
2020-10-17 02:30:00,0.0,0.00024572015,lstm
2020-10-17 02:45:00,0.0,-0.002497375,lstm
2020-10-17 02:45:00,0.0,-0.0038259178,lstm
2020-10-17 02:45:00,0.0,-0.0022401363,lstm
2020-10-17 02:45:00,0.0,0.00015100837,lstm
2020-10-17 03:00:00,0.0,-0.0024742782,lstm
2020-10-17 03:00:00,0.0,-0.0038080812,lstm
2020-10-17 03:00:00,0.0,-0.002214998,lstm
2020-10-17 03:00:00,0.0,0.00012801588,lstm
2020-10-17 03:15:00,0.0,-0.002453491,lstm
2020-10-17 03:15:00,0.0,-0.0038094372,lstm
2020-10-17 03:15:00,0.0,-0.0022163242,lstm
2020-10-17 03:15:00,0.0,9.351969e-05,lstm
2020-10-17 03:30:00,0.0,-0.0024357438,lstm
2020-10-17 03:30:00,0.0,-0.0038162768,lstm
2020-10-17 03:30:00,0.0,-0.002236843,lstm
2020-10-17 03:30:00,0.0,5.8323145e-05,lstm
2020-10-17 03:45:00,0.0,-0.0024646223,lstm
2020-10-17 03:45:00,0.0,-0.0038388371,lstm
2020-10-17 03:45:00,0.0,-0.0022944063,lstm
2020-10-17 03:45:00,0.0,-3.734231e-05,lstm
2020-10-17 04:00:00,0.0,-0.0024503171,lstm
2020-10-17 04:00:00,0.0,-0.003844127,lstm
2020-10-17 04:00:00,0.0,-0.0022952557,lstm
2020-10-17 04:00:00,0.0,-9.4756484e-05,lstm
2020-10-17 04:15:00,0.0,-0.0024269372,lstm
2020-10-17 04:15:00,0.0,-0.0038631856,lstm
2020-10-17 04:15:00,0.0,-0.002321601,lstm
2020-10-17 04:15:00,0.0,-0.00015465915,lstm
2020-10-17 04:30:00,0.0,-0.0024051964,lstm
2020-10-17 04:30:00,0.0,-0.00388515,lstm
2020-10-17 04:30:00,0.0,-0.0023503304,lstm
2020-10-17 04:30:00,0.0,-0.00020343065,lstm
2020-10-17 04:45:00,0.0,-0.0024427176,lstm
2020-10-17 04:45:00,0.0,-0.0039287657,lstm
2020-10-17 04:45:00,0.0,-0.0024019182,lstm
2020-10-17 04:45:00,0.0,-0.00030122697,lstm
2020-10-17 05:00:00,0.0,-0.0024476945,lstm
2020-10-17 05:00:00,0.0,-0.0039730966,lstm
2020-10-17 05:00:00,0.0,-0.0024236292,lstm
2020-10-17 05:00:00,0.0,-0.00037813187,lstm
2020-10-17 05:15:00,0.0,-0.0024377704,lstm
2020-10-17 05:15:00,0.0,-0.0040289164,lstm
2020-10-17 05:15:00,0.0,-0.0024707764,lstm
2020-10-17 05:15:00,0.0,-0.0004543513,lstm
2020-10-17 05:30:00,0.0,-0.0024252534,lstm
2020-10-17 05:30:00,0.0,-0.0040846914,lstm
2020-10-17 05:30:00,0.0,-0.0025268793,lstm
2020-10-17 05:30:00,0.0,-0.00051927567,lstm
2020-10-17 05:45:00,0.0,-0.002475664,lstm
2020-10-17 05:45:00,0.0,-0.0041585118,lstm
2020-10-17 05:45:00,0.0,-0.0025666356,lstm
2020-10-17 05:45:00,0.0,-0.00059229136,lstm
2020-10-17 06:00:00,0.0,-0.0025018007,lstm
2020-10-17 06:00:00,0.0,-0.004262641,lstm
2020-10-17 06:00:00,0.0,-0.0026237816,lstm
2020-10-17 06:00:00,0.0,-0.00067158043,lstm
2020-10-17 06:15:00,0.0,-0.002498567,lstm
2020-10-17 06:15:00,0.0,-0.004363358,lstm
2020-10-17 06:15:00,0.0,-0.0026975423,lstm
2020-10-17 06:15:00,0.0,-0.0007253885,lstm
2020-10-17 06:30:00,0.0,-0.0024861246,lstm
2020-10-17 06:30:00,0.0,-0.004457608,lstm
2020-10-17 06:30:00,0.0,-0.0027718544,lstm
2020-10-17 06:30:00,0.0,-0.0007580668,lstm
2020-10-17 06:45:00,0.0,-0.0025505126,lstm
2020-10-17 06:45:00,0.0,-0.004564926,lstm
2020-10-17 06:45:00,0.0,-0.0027664304,lstm
2020-10-17 06:45:00,0.0,-0.00070236623,lstm
2020-10-17 07:00:00,0.0,-0.0026005208,lstm
2020-10-17 07:00:00,0.0,-0.0047320724,lstm
2020-10-17 07:00:00,0.0,-0.0027952492,lstm
2020-10-17 07:00:00,0.0,-0.0006326884,lstm
2020-10-17 07:15:00,0.0,-0.002584532,lstm
2020-10-17 07:15:00,0.0,-0.0048974156,lstm
2020-10-17 07:15:00,0.0,-0.0028413832,lstm
2020-10-17 07:15:00,0.0,-0.0004863441,lstm
2020-10-17 07:30:00,0.0,-0.0025390983,lstm
2020-10-17 07:30:00,0.0,-0.0050700456,lstm
2020-10-17 07:30:00,0.0,-0.0028232187,lstm
2020-10-17 07:30:00,0.0,-0.0001617223,lstm
2020-10-17 07:45:00,0.0,-0.002499804,lstm
2020-10-17 07:45:00,0.0,-0.0052039623,lstm
2020-10-17 07:45:00,0.0,-0.0025525838,lstm
2020-10-17 07:45:00,0.0021999925,0.0007031709,lstm
2020-10-17 08:00:00,0.0,-0.0023377687,lstm
2020-10-17 08:00:00,0.0,-0.005359009,lstm
2020-10-17 08:00:00,0.0021999925,-0.0018550009,lstm
2020-10-17 08:00:00,0.023599997,0.0029461086,lstm
2020-10-17 08:15:00,0.0,-0.001962617,lstm
2020-10-17 08:15:00,0.0022000074,-0.0047099143,lstm
2020-10-17 08:15:00,0.023599997,0.0018905103,lstm
2020-10-17 08:15:00,0.0778,0.012643069,lstm
2020-10-17 08:30:00,0.0022000074,-0.002490595,lstm
2020-10-17 08:30:00,0.023599997,0.0062570125,lstm
2020-10-17 08:30:00,0.0778,0.02823487,lstm
2020-10-17 08:30:00,0.1464,0.067004874,lstm
2020-10-17 08:45:00,0.023599997,0.002789691,lstm
2020-10-17 08:45:00,0.0778,0.03222516,lstm
2020-10-17 08:45:00,0.1464,0.078190655,lstm
2020-10-17 08:45:00,0.227,0.14679965,lstm
2020-10-17 09:00:00,0.0778,0.052291572,lstm
2020-10-17 09:00:00,0.1464,0.105973475,lstm
2020-10-17 09:00:00,0.227,0.18285757,lstm
2020-10-17 09:00:00,0.302,0.2649307,lstm
2020-10-17 09:15:00,0.1464,0.13631293,lstm
2020-10-17 09:15:00,0.227,0.20920272,lstm
2020-10-17 09:15:00,0.302,0.30070314,lstm
2020-10-17 09:15:00,0.373,0.3768164,lstm
2020-10-17 09:30:00,0.227,0.2076282,lstm
2020-10-17 09:30:00,0.302,0.28235194,lstm
2020-10-17 09:30:00,0.373,0.35711154,lstm
2020-10-17 09:30:00,0.436,0.43013507,lstm
2020-10-17 09:45:00,0.302,0.28396562,lstm
2020-10-17 09:45:00,0.373,0.35388464,lstm
2020-10-17 09:45:00,0.436,0.41251826,lstm
2020-10-17 09:45:00,0.49340004,0.48810875,lstm
2020-10-17 10:00:00,0.37300003,0.35080457,lstm
2020-10-17 10:00:00,0.436,0.4160543,lstm
2020-10-17 10:00:00,0.49340004,0.47045118,lstm
2020-10-17 10:00:00,0.54459995,0.5396911,lstm
2020-10-17 10:15:00,0.436,0.42116213,lstm
2020-10-17 10:15:00,0.4934,0.47816882,lstm
2020-10-17 10:15:00,0.5446,0.5323092,lstm
2020-10-17 10:15:00,0.5728,0.58656114,lstm
2020-10-17 10:30:00,0.4934,0.4911016,lstm
2020-10-17 10:30:00,0.5446,0.5373931,lstm
2020-10-17 10:30:00,0.5728,0.5882922,lstm
2020-10-17 10:30:00,0.6156,0.6266074,lstm
2020-10-17 10:45:00,0.5446,0.5588615,lstm
2020-10-17 10:45:00,0.5728,0.5958809,lstm
2020-10-17 10:45:00,0.6156,0.6414201,lstm
2020-10-17 10:45:00,0.6564,0.6713412,lstm
2020-10-17 11:00:00,0.5728,0.6120107,lstm
2020-10-17 11:00:00,0.6156,0.6447402,lstm
2020-10-17 11:00:00,0.6564,0.6833945,lstm
2020-10-17 11:00:00,0.6884,0.71270704,lstm
2020-10-17 11:15:00,0.6156,0.6392677,lstm
2020-10-17 11:15:00,0.6564,0.6714991,lstm
2020-10-17 11:15:00,0.6884,0.70274377,lstm
2020-10-17 11:15:00,0.708,0.73116064,lstm
2020-10-17 11:30:00,0.6564,0.6760403,lstm
2020-10-17 11:30:00,0.68840003,0.7072717,lstm
2020-10-17 11:30:00,0.708,0.73381037,lstm
2020-10-17 11:30:00,0.7294,0.7653984,lstm
2020-10-17 11:45:00,0.6884,0.70243794,lstm
2020-10-17 11:45:00,0.70799994,0.7339202,lstm
2020-10-17 11:45:00,0.7294,0.7559846,lstm
2020-10-17 11:45:00,0.7512,0.7875765,lstm
2020-10-17 12:00:00,0.708,0.7190827,lstm
2020-10-17 12:00:00,0.7293999,0.74918914,lstm
2020-10-17 12:00:00,0.7512,0.76756924,lstm
2020-10-17 12:00:00,0.7686,0.79655266,lstm
2020-10-17 12:15:00,0.7294,0.7281827,lstm
2020-10-17 12:15:00,0.75119996,0.75378287,lstm
2020-10-17 12:15:00,0.7686,0.7684346,lstm
2020-10-17 12:15:00,0.7828,0.79284286,lstm
2020-10-17 12:30:00,0.7512,0.747263,lstm
2020-10-17 12:30:00,0.7686,0.7662653,lstm
2020-10-17 12:30:00,0.7828,0.7784382,lstm
2020-10-17 12:30:00,0.7948,0.80007213,lstm
2020-10-17 12:45:00,0.7686,0.7693985,lstm
2020-10-17 12:45:00,0.78279996,0.78252614,lstm
2020-10-17 12:45:00,0.7948,0.7918257,lstm
2020-10-17 12:45:00,0.8044,0.8108031,lstm
2020-10-17 13:00:00,0.7828,0.7825263,lstm
2020-10-17 13:00:00,0.79480004,0.79175127,lstm
2020-10-17 13:00:00,0.80439997,0.79884046,lstm
2020-10-17 13:00:00,0.81139994,0.815177,lstm
2020-10-17 13:15:00,0.7948,0.7911589,lstm
2020-10-17 13:15:00,0.80439997,0.79729354,lstm
2020-10-17 13:15:00,0.8114,0.80274224,lstm
2020-10-17 13:15:00,0.81759995,0.8170325,lstm
2020-10-17 13:30:00,0.8044,0.7990855,lstm
2020-10-17 13:30:00,0.81139994,0.80224955,lstm
2020-10-17 13:30:00,0.8176,0.8060052,lstm
2020-10-17 13:30:00,0.8122,0.8183475,lstm
2020-10-17 13:45:00,0.8114,0.8070778,lstm
2020-10-17 13:45:00,0.8176,0.80650806,lstm
2020-10-17 13:45:00,0.8122,0.807118,lstm
2020-10-17 13:45:00,0.8154,0.81669194,lstm
2020-10-17 14:00:00,0.8176,0.8118577,lstm
2020-10-17 14:00:00,0.81219995,0.80714834,lstm
2020-10-17 14:00:00,0.8154,0.80394125,lstm
2020-10-17 14:00:00,0.804,0.80939794,lstm
2020-10-17 14:15:00,0.8122,0.81725466,lstm
2020-10-17 14:15:00,0.8154,0.80798507,lstm
2020-10-17 14:15:00,0.804,0.80088174,lstm
2020-10-17 14:15:00,0.793,0.80242515,lstm
2020-10-17 14:30:00,0.8154,0.8183525,lstm
2020-10-17 14:30:00,0.804,0.80899405,lstm
2020-10-17 14:30:00,0.793,0.79718083,lstm
2020-10-17 14:30:00,0.7738,0.79472286,lstm
2020-10-17 14:45:00,0.804,0.8176442,lstm
2020-10-17 14:45:00,0.7930001,0.80522954,lstm
2020-10-17 14:45:00,0.7738,0.78848696,lstm
2020-10-17 14:45:00,0.7502,0.78203,lstm
2020-10-17 15:00:00,0.793,0.7910526,lstm
2020-10-17 15:00:00,0.7738,0.77691615,lstm
2020-10-17 15:00:00,0.7502,0.7546811,lstm
2020-10-17 15:00:00,0.7248,0.7398391,lstm
2020-10-17 15:15:00,0.7738001,0.7698974,lstm
2020-10-17 15:15:00,0.7501999,0.74509335,lstm
2020-10-17 15:15:00,0.7248,0.719475,lstm
2020-10-17 15:15:00,0.6928,0.6975768,lstm
2020-10-17 15:30:00,0.7502,0.7415265,lstm
2020-10-17 15:30:00,0.7248,0.70531213,lstm
2020-10-17 15:30:00,0.6928,0.6774296,lstm
2020-10-17 15:30:00,0.662,0.64932436,lstm
2020-10-17 15:45:00,0.7248,0.7150232,lstm
2020-10-17 15:45:00,0.6928,0.6683433,lstm
2020-10-17 15:45:00,0.66199994,0.63507676,lstm
2020-10-17 15:45:00,0.6174,0.60345143,lstm
2020-10-17 16:00:00,0.6928,0.6918645,lstm
2020-10-17 16:00:00,0.662,0.6393732,lstm
2020-10-17 16:00:00,0.6174,0.5984678,lstm
2020-10-17 16:00:00,0.5734,0.5636398,lstm
2020-10-17 16:15:00,0.662,0.67073286,lstm
2020-10-17 16:15:00,0.6174,0.6148057,lstm
2020-10-17 16:15:00,0.5734,0.5656307,lstm
2020-10-17 16:15:00,0.5324,0.5255351,lstm
2020-10-17 16:30:00,0.6174,0.6525986,lstm
2020-10-17 16:30:00,0.5734,0.59191084,lstm
2020-10-17 16:30:00,0.5324,0.53754574,lstm
2020-10-17 16:30:00,0.4798,0.49290442,lstm
2020-10-17 16:45:00,0.5734,0.6166463,lstm
2020-10-17 16:45:00,0.5324,0.55143905,lstm
2020-10-17 16:45:00,0.4798,0.49661422,lstm
2020-10-17 16:45:00,0.4244,0.44841152,lstm
2020-10-17 17:00:00,0.5324,0.57726026,lstm
2020-10-17 17:00:00,0.4798,0.50584495,lstm
2020-10-17 17:00:00,0.4244,0.4488653,lstm
2020-10-17 17:00:00,0.367,0.39591378,lstm
2020-10-17 17:15:00,0.4798,0.53908527,lstm
2020-10-17 17:15:00,0.4244,0.46049604,lstm
2020-10-17 17:15:00,0.367,0.39413077,lstm
2020-10-17 17:15:00,0.2992,0.33255053,lstm
2020-10-17 17:30:00,0.42439997,0.48936144,lstm
2020-10-17 17:30:00,0.367,0.4038401,lstm
2020-10-17 17:30:00,0.2992,0.324928,lstm
2020-10-17 17:30:00,0.2304,0.25282574,lstm
2020-10-17 17:45:00,0.367,0.43003666,lstm
2020-10-17 17:45:00,0.2992,0.33482906,lstm
2020-10-17 17:45:00,0.2304,0.24624518,lstm
2020-10-17 17:45:00,0.1576,0.16771553,lstm
2020-10-17 18:00:00,0.2992,0.35034478,lstm
2020-10-17 18:00:00,0.2304,0.2497826,lstm
2020-10-17 18:00:00,0.1576,0.15966776,lstm
2020-10-17 18:00:00,0.0878,0.08999101,lstm
2020-10-17 18:15:00,0.2304,0.24673072,lstm
2020-10-17 18:15:00,0.1576,0.1538035,lstm
2020-10-17 18:15:00,0.0878,0.08096528,lstm
2020-10-17 18:15:00,0.026600003,0.032379285,lstm
2020-10-17 18:30:00,0.1576,0.1549151,lstm
2020-10-17 18:30:00,0.0878,0.07986729,lstm
2020-10-17 18:30:00,0.026600003,0.034332767,lstm
2020-10-17 18:30:00,0.0018000007,0.0068064034,lstm
2020-10-17 18:45:00,0.0878,0.07686029,lstm
2020-10-17 18:45:00,0.026600003,0.028963462,lstm
2020-10-17 18:45:00,0.0018000007,0.005045712,lstm
2020-10-17 18:45:00,0.0,-0.002261117,lstm
2020-10-17 19:00:00,0.026600003,0.032579765,lstm
2020-10-17 19:00:00,0.0018000007,0.005046189,lstm
2020-10-17 19:00:00,0.0,-0.0057044327,lstm
2020-10-17 19:00:00,0.0,-0.004912555,lstm
2020-10-17 19:15:00,0.0018000007,0.01292631,lstm
2020-10-17 19:15:00,0.0,-0.002631992,lstm
2020-10-17 19:15:00,0.0,-0.0071073025,lstm
2020-10-17 19:15:00,0.0,-0.004276082,lstm
2020-10-17 19:30:00,0.0,0.0050765723,lstm
2020-10-17 19:30:00,0.0,-0.003777966,lstm
2020-10-17 19:30:00,0.0,-0.0048476458,lstm
2020-10-17 19:30:00,0.0,-0.0020844638,lstm
2020-10-17 19:45:00,0.0,0.0012753606,lstm
2020-10-17 19:45:00,0.0,-0.0036037713,lstm
2020-10-17 19:45:00,0.0,-0.0031733364,lstm
2020-10-17 19:45:00,0.0,-0.0005483031,lstm
2020-10-17 20:00:00,0.0,-0.0005842447,lstm
2020-10-17 20:00:00,0.0,-0.0036703795,lstm
2020-10-17 20:00:00,0.0,-0.0024509132,lstm
2020-10-17 20:00:00,0.0,-3.5375357e-05,lstm
2020-10-17 20:15:00,0.0,-0.0014375746,lstm
2020-10-17 20:15:00,0.0,-0.0037317872,lstm
2020-10-17 20:15:00,0.0,-0.002090633,lstm
2020-10-17 20:15:00,0.0,0.00011995435,lstm
2020-10-17 20:30:00,0.0,-0.0018609166,lstm
2020-10-17 20:30:00,0.0,-0.0037818104,lstm
2020-10-17 20:30:00,0.0,-0.0019092262,lstm
2020-10-17 20:30:00,0.0,0.00018073618,lstm
2020-10-17 20:45:00,0.0,-0.0020856708,lstm
2020-10-17 20:45:00,0.0,-0.0038914084,lstm
2020-10-17 20:45:00,0.0,-0.001961425,lstm
2020-10-17 20:45:00,0.0,0.00015334785,lstm
2020-10-17 21:00:00,0.0,-0.0022245795,lstm
2020-10-17 21:00:00,0.0,-0.0039224476,lstm
2020-10-17 21:00:00,0.0,-0.0019444674,lstm
2020-10-17 21:00:00,0.0,0.00019137561,lstm
2020-10-17 21:15:00,0.0,-0.002308458,lstm
2020-10-17 21:15:00,0.0,-0.0039287806,lstm
2020-10-17 21:15:00,0.0,-0.0019057244,lstm
2020-10-17 21:15:00,0.0,0.0002310723,lstm
2020-10-17 21:30:00,0.0,-0.002349794,lstm
2020-10-17 21:30:00,0.0,-0.003925726,lstm
2020-10-17 21:30:00,0.0,-0.0018803924,lstm
2020-10-17 21:30:00,0.0,0.0002502799,lstm
2020-10-17 21:45:00,0.0,-0.0024207085,lstm
2020-10-17 21:45:00,0.0,-0.0040005893,lstm
2020-10-17 21:45:00,0.0,-0.0020142794,lstm
2020-10-17 21:45:00,0.0,0.00021271408,lstm
2020-10-17 22:00:00,0.0,-0.0024528056,lstm
2020-10-17 22:00:00,0.0,-0.003988117,lstm
2020-10-17 22:00:00,0.0,-0.002006933,lstm
2020-10-17 22:00:00,0.0,0.0002619475,lstm
2020-10-17 22:15:00,0.0,-0.002470553,lstm
2020-10-17 22:15:00,0.0,-0.0039691925,lstm
2020-10-17 22:15:00,0.0,-0.0019841194,lstm
2020-10-17 22:15:00,0.0,0.0002978295,lstm
2020-10-17 22:30:00,0.0,-0.002474457,lstm
2020-10-17 22:30:00,0.0,-0.003948882,lstm
2020-10-17 22:30:00,0.0,-0.001967445,lstm
2020-10-17 22:30:00,0.0,0.0003222376,lstm
2020-10-17 22:45:00,0.0,-0.0025324523,lstm
2020-10-17 22:45:00,0.0,-0.0040042996,lstm
2020-10-17 22:45:00,0.0,-0.0020971596,lstm
2020-10-17 22:45:00,0.0,0.00028188527,lstm
2020-10-17 23:00:00,0.0,-0.002525404,lstm
2020-10-17 23:00:00,0.0,-0.003965825,lstm
2020-10-17 23:00:00,0.0,-0.0020840317,lstm
2020-10-17 23:00:00,0.0,0.0003285706,lstm
2020-10-17 23:15:00,0.0,-0.0025143921,lstm
2020-10-17 23:15:00,0.0,-0.003935918,lstm
2020-10-17 23:15:00,0.0,-0.002064675,lstm
2020-10-17 23:15:00,0.0,0.00036664307,lstm
2020-10-17 23:30:00,0.0,-0.0024998933,lstm
2020-10-17 23:30:00,0.0,-0.0039051622,lstm
2020-10-17 23:30:00,0.0,-0.0020463914,lstm
2020-10-17 23:30:00,0.0,0.0003978163,lstm
2020-10-17 23:45:00,0.0,-0.002550736,lstm
2020-10-17 23:45:00,0.0,-0.0039339513,lstm
2020-10-17 23:45:00,0.0,-0.0021575987,lstm
2020-10-17 23:45:00,0.0,0.00036264956,lstm
2020-10-18 00:00:00,0.0,-0.0025376081,lstm
2020-10-18 00:00:00,0.0,-0.003881216,lstm
2020-10-18 00:00:00,0.0,-0.0021042675,lstm
2020-10-18 00:00:00,0.0,0.000420779,lstm
2020-10-18 00:15:00,0.0,-0.0025359988,lstm
2020-10-18 00:15:00,0.0,-0.003857404,lstm
2020-10-18 00:15:00,0.0,-0.002069503,lstm
2020-10-18 00:15:00,0.0,0.0004489571,lstm
2020-10-18 00:30:00,0.0,-0.002534762,lstm
2020-10-18 00:30:00,0.0,-0.00384219,lstm
2020-10-18 00:30:00,0.0,-0.00205639,lstm
2020-10-18 00:30:00,0.0,0.0004580915,lstm
2020-10-18 00:45:00,0.0,-0.002575338,lstm
2020-10-18 00:45:00,0.0,-0.003866434,lstm
2020-10-18 00:45:00,0.0,-0.0021760315,lstm
2020-10-18 00:45:00,0.0,0.00039052963,lstm
2020-10-18 01:00:00,0.0,-0.0025505126,lstm
2020-10-18 01:00:00,0.0,-0.0038170367,lstm
2020-10-18 01:00:00,0.0,-0.0021357685,lstm
2020-10-18 01:00:00,0.0,0.00042524934,lstm
2020-10-18 01:15:00,0.0,-0.0025282055,lstm
2020-10-18 01:15:00,0.0,-0.0037896186,lstm
2020-10-18 01:15:00,0.0,-0.002127573,lstm
2020-10-18 01:15:00,0.0,0.00042912364,lstm
2020-10-18 01:30:00,0.0,-0.0025005043,lstm
2020-10-18 01:30:00,0.0,-0.0037648082,lstm
2020-10-18 01:30:00,0.0,-0.0021138936,lstm
2020-10-18 01:30:00,0.0,0.00043688715,lstm
2020-10-18 01:45:00,0.0,-0.0025345236,lstm
2020-10-18 01:45:00,0.0,-0.0037886947,lstm
2020-10-18 01:45:00,0.0,-0.0022051185,lstm
2020-10-18 01:45:00,0.0,0.00035767257,lstm
2020-10-18 02:00:00,0.0,-0.0025035888,lstm
2020-10-18 02:00:00,0.0,-0.0037444234,lstm
2020-10-18 02:00:00,0.0,-0.0021572262,lstm
2020-10-18 02:00:00,0.0,0.00036801398,lstm
2020-10-18 02:15:00,0.0,-0.0024773479,lstm
2020-10-18 02:15:00,0.0,-0.0037296563,lstm
2020-10-18 02:15:00,0.0,-0.0021506697,lstm
2020-10-18 02:15:00,0.0,0.0003504604,lstm
2020-10-18 02:30:00,0.0,-0.0024601072,lstm
2020-10-18 02:30:00,0.0,-0.0037243962,lstm
2020-10-18 02:30:00,0.0,-0.0021461993,lstm
2020-10-18 02:30:00,0.0,0.00034078956,lstm
2020-10-18 02:45:00,0.0,-0.0024932474,lstm
2020-10-18 02:45:00,0.0,-0.003745094,lstm
2020-10-18 02:45:00,0.0,-0.0022173673,lstm
2020-10-18 02:45:00,0.0,0.00025054812,lstm
2020-10-18 03:00:00,0.0,-0.002467066,lstm
2020-10-18 03:00:00,0.0,-0.0037208796,lstm
2020-10-18 03:00:00,0.0,-0.0021964312,lstm
2020-10-18 03:00:00,0.0,0.00022122264,lstm
2020-10-18 03:15:00,0.0,-0.0024421215,lstm
2020-10-18 03:15:00,0.0,-0.0037236512,lstm
2020-10-18 03:15:00,0.0,-0.0022023916,lstm
2020-10-18 03:15:00,0.0,0.0001848489,lstm
2020-10-18 03:30:00,0.0,-0.0024193078,lstm
2020-10-18 03:30:00,0.0,-0.0037286729,lstm
2020-10-18 03:30:00,0.0,-0.0022194684,lstm
2020-10-18 03:30:00,0.0,0.00014907122,lstm
2020-10-18 03:45:00,0.0,-0.002440825,lstm
2020-10-18 03:45:00,0.0,-0.0037525743,lstm
2020-10-18 03:45:00,0.0,-0.0022792816,lstm
2020-10-18 03:45:00,0.0,5.0842762e-05,lstm
2020-10-18 04:00:00,0.0,-0.0024240464,lstm
2020-10-18 04:00:00,0.0,-0.0037558079,lstm
2020-10-18 04:00:00,0.0,-0.0022725463,lstm
2020-10-18 04:00:00,0.0,-1.475215e-06,lstm
2020-10-18 04:15:00,0.0,-0.0024012774,lstm
2020-10-18 04:15:00,0.0,-0.003776431,lstm
2020-10-18 04:15:00,0.0,-0.002293095,lstm
2020-10-18 04:15:00,0.0,-5.9574842e-05,lstm
2020-10-18 04:30:00,0.0,-0.002388686,lstm
2020-10-18 04:30:00,0.0,-0.0038047284,lstm
2020-10-18 04:30:00,0.0,-0.0023232996,lstm
2020-10-18 04:30:00,0.0,-0.00010845065,lstm
2020-10-18 04:45:00,0.0,-0.0024253428,lstm
2020-10-18 04:45:00,0.0,-0.0038499087,lstm
2020-10-18 04:45:00,0.0,-0.0023749769,lstm
2020-10-18 04:45:00,0.0,-0.0002077967,lstm
2020-10-18 05:00:00,0.0,-0.002424553,lstm
2020-10-18 05:00:00,0.0,-0.0038960278,lstm
2020-10-18 05:00:00,0.0,-0.0024048388,lstm
2020-10-18 05:00:00,0.0,-0.00028926134,lstm
2020-10-18 05:15:00,0.0,-0.002409473,lstm
2020-10-18 05:15:00,0.0,-0.003949642,lstm
2020-10-18 05:15:00,0.0,-0.002459079,lstm
2020-10-18 05:15:00,0.0,-0.0003631413,lstm
2020-10-18 05:30:00,0.0,-0.0023979396,lstm
2020-10-18 05:30:00,0.0,-0.0040015727,lstm
2020-10-18 05:30:00,0.0,-0.0025026798,lstm
2020-10-18 05:30:00,0.0,-0.00041727722,lstm
2020-10-18 05:45:00,0.0,-0.0024518967,lstm
2020-10-18 05:45:00,0.0,-0.00407885,lstm
2020-10-18 05:45:00,0.0,-0.0025472492,lstm
2020-10-18 05:45:00,0.0,-0.0004993975,lstm
2020-10-18 06:00:00,0.0,-0.002478063,lstm
2020-10-18 06:00:00,0.0,-0.004185036,lstm
2020-10-18 06:00:00,0.0,-0.00259538,lstm
2020-10-18 06:00:00,0.0,-0.00057181716,lstm
2020-10-18 06:15:00,0.0,-0.0024769902,lstm
2020-10-18 06:15:00,0.0,-0.0042877346,lstm
2020-10-18 06:15:00,0.0,-0.0026759207,lstm
2020-10-18 06:15:00,0.0,-0.0006349087,lstm
2020-10-18 06:30:00,0.0,-0.0024590194,lstm
2020-10-18 06:30:00,0.0,-0.0043824464,lstm
2020-10-18 06:30:00,0.0,-0.0027487576,lstm
2020-10-18 06:30:00,0.0,-0.0006709546,lstm
2020-10-18 06:45:00,0.0,-0.002517268,lstm
2020-10-18 06:45:00,0.0,-0.004490331,lstm
2020-10-18 06:45:00,0.0,-0.0027522743,lstm
2020-10-18 06:45:00,0.0,-0.00063306093,lstm
2020-10-18 07:00:00,0.0,-0.0025461912,lstm
2020-10-18 07:00:00,0.0,-0.0046486855,lstm
2020-10-18 07:00:00,0.0,-0.0027856976,lstm
2020-10-18 07:00:00,0.0,-0.0005773306,lstm
2020-10-18 07:15:00,0.0,-0.0025326163,lstm
2020-10-18 07:15:00,0.0,-0.004800558,lstm
2020-10-18 07:15:00,0.0,-0.0028038472,lstm
2020-10-18 07:15:00,0.0,-0.0004158765,lstm
2020-10-18 07:30:00,0.0,-0.0024838746,lstm
2020-10-18 07:30:00,0.0,-0.004963115,lstm
2020-10-18 07:30:00,0.0,-0.0027750283,lstm
2020-10-18 07:30:00,0.0,-0.000101447105,lstm
2020-10-18 07:45:00,0.0,-0.0024385303,lstm
2020-10-18 07:45:00,0.0,-0.0050887764,lstm
2020-10-18 07:45:00,0.0,-0.0024917126,lstm
2020-10-18 07:45:00,0.002000004,0.00073969364,lstm
2020-10-18 08:00:00,0.0,-0.0022805482,lstm
2020-10-18 08:00:00,0.0,-0.00522162,lstm
2020-10-18 08:00:00,0.002000004,-0.0017344207,lstm
2020-10-18 08:00:00,0.024200022,0.0029674768,lstm
2020-10-18 08:15:00,0.0,-0.0018810332,lstm
2020-10-18 08:15:00,0.002000004,-0.004586756,lstm
2020-10-18 08:15:00,0.024200007,0.0018900335,lstm
2020-10-18 08:15:00,0.0872,0.012296155,lstm
2020-10-18 08:30:00,0.002000004,-0.0023529977,lstm
2020-10-18 08:30:00,0.024199992,0.0059894323,lstm
2020-10-18 08:30:00,0.0872,0.027296692,lstm
2020-10-18 08:30:00,0.1658,0.06474939,lstm
2020-10-18 08:45:00,0.024199992,0.0027102977,lstm
2020-10-18 08:45:00,0.0872,0.031554908,lstm
2020-10-18 08:45:00,0.1658,0.076434284,lstm
2020-10-18 08:45:00,0.241,0.1437334,lstm
2020-10-18 09:00:00,0.0872,0.05511439,lstm
2020-10-18 09:00:00,0.1658,0.10927399,lstm
2020-10-18 09:00:00,0.241,0.18597667,lstm
2020-10-18 09:00:00,0.3128,0.26715863,lstm
2020-10-18 09:15:00,0.1658,0.16046526,lstm
2020-10-18 09:15:00,0.241,0.23387244,lstm
2020-10-18 09:15:00,0.3128,0.32619125,lstm
2020-10-18 09:15:00,0.379,0.3996338,lstm
2020-10-18 09:30:00,0.241,0.24392557,lstm
2020-10-18 09:30:00,0.3128,0.31542027,lstm
2020-10-18 09:30:00,0.379,0.38705817,lstm
2020-10-18 09:30:00,0.4408,0.45690012,lstm
2020-10-18 09:45:00,0.3128,0.3144623,lstm
2020-10-18 09:45:00,0.379,0.38143274,lstm
2020-10-18 09:45:00,0.4408,0.43551922,lstm
2020-10-18 09:45:00,0.4956,0.5080009,lstm
2020-10-18 10:00:00,0.379,0.38163888,lstm
2020-10-18 10:00:00,0.4408,0.44479975,lstm
2020-10-18 10:00:00,0.4956,0.49521625,lstm
2020-10-18 10:00:00,0.5496,0.5627322,lstm
2020-10-18 10:15:00,0.4408,0.4484256,lstm
2020-10-18 10:15:00,0.4956,0.50420797,lstm
2020-10-18 10:15:00,0.5496,0.55455905,lstm
2020-10-18 10:15:00,0.602,0.60865283,lstm
2020-10-18 10:30:00,0.4956,0.5176416,lstm
2020-10-18 10:30:00,0.5496,0.5618135,lstm
2020-10-18 10:30:00,0.602,0.6094463,lstm
2020-10-18 10:30:00,0.647,0.6474728,lstm
2020-10-18 10:45:00,0.5496,0.5812257,lstm
2020-10-18 10:45:00,0.602,0.61506855,lstm
2020-10-18 10:45:00,0.647,0.6581418,lstm
2020-10-18 10:45:00,0.6786,0.68654704,lstm
2020-10-18 11:00:00,0.602,0.63419396,lstm
2020-10-18 11:00:00,0.647,0.66207606,lstm
2020-10-18 11:00:00,0.6786,0.699532,lstm
2020-10-18 11:00:00,0.712,0.7269774,lstm
2020-10-18 11:15:00,0.647,0.6785369,lstm
2020-10-18 11:15:00,0.6786,0.70409095,lstm
2020-10-18 11:15:00,0.712,0.73532695,lstm
2020-10-18 11:15:00,0.745,0.76504576,lstm
2020-10-18 11:30:00,0.6786,0.71258855,lstm
2020-10-18 11:30:00,0.712,0.73754513,lstm
2020-10-18 11:30:00,0.745,0.7627914,lstm
2020-10-18 11:30:00,0.7676,0.7937027,lstm
2020-10-18 11:45:00,0.712,0.7339765,lstm
2020-10-18 11:45:00,0.745,0.75725746,lstm
2020-10-18 11:45:00,0.7676,0.7767418,lstm
2020-10-18 11:45:00,0.787,0.8055568,lstm
2020-10-18 12:00:00,0.745,0.756561,lstm
2020-10-18 12:00:00,0.76759994,0.77618337,lstm
2020-10-18 12:00:00,0.787,0.79249674,lstm
2020-10-18 12:00:00,0.802,0.8196012,lstm
2020-10-18 12:15:00,0.7676,0.7784739,lstm
2020-10-18 12:15:00,0.78699994,0.79440653,lstm
2020-10-18 12:15:00,0.80200005,0.80901814,lstm
2020-10-18 12:15:00,0.815,0.8336183,lstm
2020-10-18 12:30:00,0.787,0.7938332,lstm
2020-10-18 12:30:00,0.8019999,0.80541456,lstm
2020-10-18 12:30:00,0.815,0.81781673,lstm
2020-10-18 12:30:00,0.8258,0.8378992,lstm
2020-10-18 12:45:00,0.802,0.81191,lstm
2020-10-18 12:45:00,0.81499994,0.81738687,lstm
2020-10-18 12:45:00,0.8258,0.8276454,lstm
2020-10-18 12:45:00,0.8358,0.8442278,lstm
2020-10-18 13:00:00,0.815,0.82244915,lstm
2020-10-18 13:00:00,0.82579994,0.8240658,lstm
2020-10-18 13:00:00,0.8358,0.8328024,lstm
2020-10-18 13:00:00,0.8418,0.84647536,lstm
2020-10-18 13:15:00,0.82580006,0.8279129,lstm
2020-10-18 13:15:00,0.83579993,0.82717896,lstm
2020-10-18 13:15:00,0.8418,0.8351272,lstm
2020-10-18 13:15:00,0.8454,0.8471385,lstm
2020-10-18 13:30:00,0.8358,0.8315599,lstm
2020-10-18 13:30:00,0.8418,0.82908475,lstm
2020-10-18 13:30:00,0.8454,0.8362959,lstm
2020-10-18 13:30:00,0.84559995,0.8468454,lstm
2020-10-18 13:45:00,0.8418,0.8370467,lstm
2020-10-18 13:45:00,0.8454,0.83207417,lstm
2020-10-18 13:45:00,0.84559995,0.837489,lstm
2020-10-18 13:45:00,0.8406001,0.8461255,lstm
2020-10-18 14:00:00,0.8454,0.83893585,lstm
2020-10-18 14:00:00,0.8456,0.8318219,lstm
2020-10-18 14:00:00,0.8406,0.8351674,lstm
2020-10-18 14:00:00,0.8326,0.8408756,lstm
2020-10-18 14:15:00,0.8456,0.8403331,lstm
2020-10-18 14:15:00,0.8406,0.8306166,lstm
2020-10-18 14:15:00,0.8326,0.83191234,lstm
2020-10-18 14:15:00,0.8084,0.8348759,lstm
2020-10-18 14:30:00,0.8406,0.8394559,lstm
2020-10-18 14:30:00,0.8326001,0.82740724,lstm
2020-10-18 14:30:00,0.8084,0.8265354,lstm
2020-10-18 14:30:00,0.7894,0.8266781,lstm
2020-10-18 14:45:00,0.8326,0.83452487,lstm
2020-10-18 14:45:00,0.8083999,0.81952465,lstm
2020-10-18 14:45:00,0.7894,0.8147092,lstm
2020-10-18 14:45:00,0.7688,0.8107501,lstm
2020-10-18 15:00:00,0.8084,0.8251181,lstm
2020-10-18 15:00:00,0.7894,0.806461,lstm
2020-10-18 15:00:00,0.7688,0.7979371,lstm
2020-10-18 15:00:00,0.7412,0.789307,lstm
2020-10-18 15:15:00,0.7893999,0.7968946,lstm
2020-10-18 15:15:00,0.7688,0.773165,lstm
2020-10-18 15:15:00,0.7412,0.7585397,lstm
2020-10-18 15:15:00,0.7084,0.740952,lstm
2020-10-18 15:30:00,0.7688,0.77684075,lstm
2020-10-18 15:30:00,0.7412,0.7420753,lstm
2020-10-18 15:30:00,0.7084,0.72294766,lstm
2020-10-18 15:30:00,0.6128,0.6999811,lstm
2020-10-18 15:45:00,0.7412,0.75374836,lstm
2020-10-18 15:45:00,0.7084,0.70857584,lstm
2020-10-18 15:45:00,0.6128,0.6847149,lstm
2020-10-18 15:45:00,0.5372,0.6555998,lstm
2020-10-18 16:00:00,0.7084,0.7249037,lstm
2020-10-18 16:00:00,0.6128,0.67371875,lstm
2020-10-18 16:00:00,0.5372,0.64493763,lstm
2020-10-18 16:00:00,0.5386,0.6124849,lstm
2020-10-18 16:15:00,0.6128,0.69443446,lstm
2020-10-18 16:15:00,0.5372,0.64112115,lstm
2020-10-18 16:15:00,0.5386,0.60539186,lstm
2020-10-18 16:15:00,0.5034,0.57077354,lstm
2020-10-18 16:30:00,0.5372,0.61694777,lstm
2020-10-18 16:30:00,0.5386,0.5778756,lstm
2020-10-18 16:30:00,0.5034,0.5382658,lstm
2020-10-18 16:30:00,0.4482,0.49835116,lstm
2020-10-18 16:45:00,0.5386,0.55690277,lstm
2020-10-18 16:45:00,0.5034,0.51316106,lstm
2020-10-18 16:45:00,0.4482,0.47848386,lstm
2020-10-18 16:45:00,0.4306,0.43857583,lstm
2020-10-18 17:00:00,0.5034,0.55095243,lstm
2020-10-18 17:00:00,0.4482,0.4877495,lstm
2020-10-18 17:00:00,0.4306,0.44640607,lstm
2020-10-18 17:00:00,0.3644,0.39805132,lstm
2020-10-18 17:15:00,0.4482,0.5141318,lstm
2020-10-18 17:15:00,0.4306,0.4426964,lstm
2020-10-18 17:15:00,0.3644,0.38757938,lstm
2020-10-18 17:15:00,0.235,0.3279398,lstm
2020-10-18 17:30:00,0.4306,0.4536963,lstm
2020-10-18 17:30:00,0.3644,0.37282032,lstm
2020-10-18 17:30:00,0.235,0.3024599,lstm
2020-10-18 17:30:00,0.1134,0.23101202,lstm
2020-10-18 17:45:00,0.3644,0.4107982,lstm
2020-10-18 17:45:00,0.235,0.31575337,lstm
2020-10-18 17:45:00,0.1134,0.23020378,lstm
2020-10-18 17:45:00,0.089,0.15311578,lstm
2020-10-18 18:00:00,0.235,0.3293391,lstm
2020-10-18 18:00:00,0.1134,0.23183225,lstm
2020-10-18 18:00:00,0.089,0.14680627,lstm
2020-10-18 18:00:00,0.0352,0.08226446,lstm
2020-10-18 18:15:00,0.1134,0.21076143,lstm
2020-10-18 18:15:00,0.089,0.12617356,lstm
2020-10-18 18:15:00,0.0352,0.07017827,lstm
2020-10-18 18:15:00,0.008200005,0.027323514,lstm
2020-10-18 18:30:00,0.089,0.09709039,lstm
2020-10-18 18:30:00,0.0352,0.047164112,lstm
2020-10-18 18:30:00,0.008200005,0.021327496,lstm
2020-10-18 18:30:00,0.0,0.0015271157,lstm
2020-10-18 18:45:00,0.0352,0.048575744,lstm
2020-10-18 18:45:00,0.008200005,0.018138647,lstm
2020-10-18 18:45:00,0.0,0.0053267777,lstm
2020-10-18 18:45:00,0.0,-0.00085663795,lstm
2020-10-18 19:00:00,0.008200005,0.019304171,lstm
2020-10-18 19:00:00,0.0,0.002788335,lstm
2020-10-18 19:00:00,0.0,-0.0029972643,lstm
2020-10-18 19:00:00,0.0,-0.0020187497,lstm
2020-10-18 19:15:00,0.0,0.0076561123,lstm
2020-10-18 19:15:00,0.0,-0.0016513616,lstm
2020-10-18 19:15:00,0.0,-0.0035669506,lstm
2020-10-18 19:15:00,0.0,-0.001295507,lstm
2020-10-18 19:30:00,0.0,0.0024015456,lstm
2020-10-18 19:30:00,0.0,-0.0028681606,lstm
2020-10-18 19:30:00,0.0,-0.0029491186,lstm
2020-10-18 19:30:00,0.0,-0.00041931868,lstm
2020-10-18 19:45:00,0.0,4.5374036e-05,lstm
2020-10-18 19:45:00,0.0,-0.003359452,lstm
2020-10-18 19:45:00,0.0,-0.0024166703,lstm
2020-10-18 19:45:00,0.0,-2.2605062e-05,lstm
2020-10-18 20:00:00,0.0,-0.0011311024,lstm
2020-10-18 20:00:00,0.0,-0.0036615431,lstm
2020-10-18 20:00:00,0.0,-0.00220114,lstm
2020-10-18 20:00:00,0.0,4.6268106e-05,lstm
2020-10-18 20:15:00,0.0,-0.0016930401,lstm
2020-10-18 20:15:00,0.0,-0.0038156658,lstm
2020-10-18 20:15:00,0.0,-0.0020689368,lstm
2020-10-18 20:15:00,0.0,7.5772405e-05,lstm
2020-10-18 20:30:00,0.0,-0.0019251853,lstm
2020-10-18 20:30:00,0.0,-0.0039046258,lstm
2020-10-18 20:30:00,0.0,-0.0020055324,lstm
2020-10-18 20:30:00,0.0,4.759431e-05,lstm
2020-10-18 20:45:00,0.0,-0.0020697564,lstm
2020-10-18 20:45:00,0.0,-0.0040090084,lstm
2020-10-18 20:45:00,0.0,-0.0020890236,lstm
2020-10-18 20:45:00,0.0,7.688999e-06,lstm
2020-10-18 21:00:00,0.0,-0.0022155493,lstm
2020-10-18 21:00:00,0.0,-0.0040396154,lstm
2020-10-18 21:00:00,0.0,-0.002073869,lstm
2020-10-18 21:00:00,0.0,7.18385e-05,lstm
2020-10-18 21:15:00,0.0,-0.002295643,lstm
2020-10-18 21:15:00,0.0,-0.004045829,lstm
2020-10-18 21:15:00,0.0,-0.002037868,lstm
2020-10-18 21:15:00,0.0,0.00012028217,lstm
2020-10-18 21:30:00,0.0,-0.0023377389,lstm
2020-10-18 21:30:00,0.0,-0.0040380955,lstm
2020-10-18 21:30:00,0.0,-0.0020038486,lstm
2020-10-18 21:30:00,0.0,0.00015348196,lstm
2020-10-18 21:45:00,0.0,-0.0024018586,lstm
2020-10-18 21:45:00,0.0,-0.004087642,lstm
2020-10-18 21:45:00,0.0,-0.0021086335,lstm
2020-10-18 21:45:00,0.0,0.00014324486,lstm
2020-10-18 22:00:00,0.0,-0.0024335086,lstm
2020-10-18 22:00:00,0.0,-0.00407961,lstm
2020-10-18 22:00:00,0.0,-0.002103433,lstm
2020-10-18 22:00:00,0.0,0.00019037724,lstm
2020-10-18 22:15:00,0.0,-0.002446115,lstm
2020-10-18 22:15:00,0.0,-0.004066229,lstm
2020-10-18 22:15:00,0.0,-0.002082318,lstm
2020-10-18 22:15:00,0.0,0.00022186339,lstm
2020-10-18 22:30:00,0.0,-0.0024466217,lstm
2020-10-18 22:30:00,0.0,-0.0040463656,lstm
2020-10-18 22:30:00,0.0,-0.0020679832,lstm
2020-10-18 22:30:00,0.0,0.00024858117,lstm
2020-10-18 22:45:00,0.0,-0.002492845,lstm
2020-10-18 22:45:00,0.0,-0.0040802807,lstm
2020-10-18 22:45:00,0.0,-0.00218001,lstm
2020-10-18 22:45:00,0.0,0.00022348762,lstm
2020-10-18 23:00:00,0.0,-0.0024914742,lstm
2020-10-18 23:00:00,0.0,-0.0040456355,lstm
2020-10-18 23:00:00,0.0,-0.0021645278,lstm
2020-10-18 23:00:00,0.0,0.00027668476,lstm
2020-10-18 23:15:00,0.0,-0.0024906844,lstm
2020-10-18 23:15:00,0.0,-0.0040150583,lstm
2020-10-18 23:15:00,0.0,-0.0021327436,lstm
2020-10-18 23:15:00,0.0,0.00032253563,lstm
2020-10-18 23:30:00,0.0,-0.0024860948,lstm
2020-10-18 23:30:00,0.0,-0.0039874613,lstm
2020-10-18 23:30:00,0.0,-0.002107665,lstm
2020-10-18 23:30:00,0.0,0.0003540218,lstm
2020-10-18 23:45:00,0.0,-0.0025267303,lstm
2020-10-18 23:45:00,0.0,-0.0040097237,lstm
2020-10-18 23:45:00,0.0,-0.0022138804,lstm
2020-10-18 23:45:00,0.0,0.00031511486,lstm
2020-10-19 00:00:00,0.0,-0.0025159419,lstm
2020-10-19 00:00:00,0.0,-0.003963247,lstm
2020-10-19 00:00:00,0.0,-0.0021749735,lstm
2020-10-19 00:00:00,0.0,0.0003657639,lstm
2020-10-19 00:15:00,0.0,-0.0024987906,lstm
2020-10-19 00:15:00,0.0,-0.003918126,lstm
2020-10-19 00:15:00,0.0,-0.0021498352,lstm
2020-10-19 00:15:00,0.0,0.00039434433,lstm
2020-10-19 00:30:00,0.0,-0.0024890006,lstm
2020-10-19 00:30:00,0.0,-0.003896147,lstm
2020-10-19 00:30:00,0.0,-0.0021202266,lstm
2020-10-19 00:30:00,0.0,0.00042295456,lstm
2020-10-19 00:45:00,0.0,-0.002516508,lstm
2020-10-19 00:45:00,0.0,-0.0039089173,lstm
2020-10-19 00:45:00,0.0,-0.0022063106,lstm
2020-10-19 00:45:00,0.0,0.0003671199,lstm
2020-10-19 01:00:00,0.0,-0.0024971366,lstm
2020-10-19 01:00:00,0.0,-0.003859967,lstm
2020-10-19 01:00:00,0.0,-0.002164796,lstm
2020-10-19 01:00:00,0.0,0.0003964454,lstm
2020-10-19 01:15:00,0.0,-0.0024818778,lstm
2020-10-19 01:15:00,0.0,-0.003838271,lstm
2020-10-19 01:15:00,0.0,-0.00214535,lstm
2020-10-19 01:15:00,0.0,0.0004043132,lstm
2020-10-19 01:30:00,0.0,-0.002470389,lstm
2020-10-19 01:30:00,0.0,-0.003821373,lstm
2020-10-19 01:30:00,0.0,-0.0021324158,lstm
2020-10-19 01:30:00,0.0,0.0004066676,lstm
2020-10-19 01:45:00,0.0,-0.0025029182,lstm
2020-10-19 01:45:00,0.0,-0.003841415,lstm
2020-10-19 01:45:00,0.0,-0.002215162,lstm
2020-10-19 01:45:00,0.0,0.00033006072,lstm
2020-10-19 02:00:00,0.0,-0.0024834573,lstm
2020-10-19 02:00:00,0.0,-0.0038066804,lstm
2020-10-19 02:00:00,0.0,-0.002180323,lstm
2020-10-19 02:00:00,0.0,0.00033336878,lstm
2020-10-19 02:15:00,0.0,-0.002467364,lstm
2020-10-19 02:15:00,0.0,-0.0037959814,lstm
2020-10-19 02:15:00,0.0,-0.0021703392,lstm
2020-10-19 02:15:00,0.0,0.00032046437,lstm
2020-10-19 02:30:00,0.0,-0.0024549365,lstm
2020-10-19 02:30:00,0.0,-0.0037935674,lstm
2020-10-19 02:30:00,0.0,-0.0021740198,lstm
2020-10-19 02:30:00,0.0,0.00030115247,lstm
2020-10-19 02:45:00,0.0,-0.002482012,lstm
2020-10-19 02:45:00,0.0,-0.0038136542,lstm
2020-10-19 02:45:00,0.0,-0.0022432655,lstm
2020-10-19 02:45:00,0.0,0.00020927191,lstm
2020-10-19 03:00:00,0.0,-0.0024635792,lstm
2020-10-19 03:00:00,0.0,-0.0037973076,lstm
2020-10-19 03:00:00,0.0,-0.002224192,lstm
2020-10-19 03:00:00,0.0,0.00018188357,lstm
2020-10-19 03:15:00,0.0,-0.0024441034,lstm
2020-10-19 03:15:00,0.0,-0.0038021952,lstm
2020-10-19 03:15:00,0.0,-0.0022304207,lstm
2020-10-19 03:15:00,0.0,0.00014618039,lstm
2020-10-19 03:30:00,0.0,-0.0024304986,lstm
2020-10-19 03:30:00,0.0,-0.0038116872,lstm
2020-10-19 03:30:00,0.0,-0.0022434741,lstm
2020-10-19 03:30:00,0.0,0.00011189282,lstm
2020-10-19 03:45:00,0.0,-0.0024630576,lstm
2020-10-19 03:45:00,0.0,-0.003842786,lstm
2020-10-19 03:45:00,0.0,-0.002303198,lstm
2020-10-19 03:45:00,0.0,8.538365e-06,lstm
2020-10-19 04:00:00,0.0,-0.0024521947,lstm
2020-10-19 04:00:00,0.0,-0.0038532019,lstm
2020-10-19 04:00:00,0.0,-0.0023061037,lstm
2020-10-19 04:00:00,0.0,-4.8816204e-05,lstm
2020-10-19 04:15:00,0.0,-0.0024348646,lstm
2020-10-19 04:15:00,0.0,-0.0038776249,lstm
2020-10-19 04:15:00,0.0,-0.0023326129,lstm
2020-10-19 04:15:00,0.0,-0.00010637939,lstm
2020-10-19 04:30:00,0.0,-0.0024182498,lstm
2020-10-19 04:30:00,0.0,-0.0039050728,lstm
2020-10-19 04:30:00,0.0,-0.002374038,lstm
2020-10-19 04:30:00,0.0,-0.00016130507,lstm
2020-10-19 04:45:00,0.0,-0.0024519116,lstm
2020-10-19 04:45:00,0.0,-0.003948733,lstm
2020-10-19 04:45:00,0.0,-0.0024150312,lstm
2020-10-19 04:45:00,0.0,-0.00025755167,lstm
2020-10-19 05:00:00,0.0,-0.0024446994,lstm
2020-10-19 05:00:00,0.0,-0.003996536,lstm
2020-10-19 05:00:00,0.0,-0.0024512112,lstm
2020-10-19 05:00:00,0.0,-0.00034606457,lstm
2020-10-19 05:15:00,0.0,-0.0024197549,lstm
2020-10-19 05:15:00,0.0,-0.004046619,lstm
2020-10-19 05:15:00,0.0,-0.0024956465,lstm
2020-10-19 05:15:00,0.0,-0.00041379035,lstm
2020-10-19 05:30:00,0.0,-0.0023984164,lstm
2020-10-19 05:30:00,0.0,-0.0040964633,lstm
2020-10-19 05:30:00,0.0,-0.0025473535,lstm
2020-10-19 05:30:00,0.0,-0.00047415495,lstm
2020-10-19 05:45:00,0.0,-0.0024453104,lstm
2020-10-19 05:45:00,0.0,-0.0041674376,lstm
2020-10-19 05:45:00,0.0,-0.0025709867,lstm
2020-10-19 05:45:00,0.0,-0.00053681433,lstm
2020-10-19 06:00:00,0.0,-0.0024722517,lstm
2020-10-19 06:00:00,0.0,-0.0042666644,lstm
2020-10-19 06:00:00,0.0,-0.0025992393,lstm
2020-10-19 06:00:00,0.0,-0.0005956292,lstm
2020-10-19 06:15:00,0.0,-0.002470687,lstm
2020-10-19 06:15:00,0.0,-0.0043687075,lstm
2020-10-19 06:15:00,0.0,-0.0026667863,lstm
2020-10-19 06:15:00,0.0,-0.00064893067,lstm
2020-10-19 06:30:00,0.0,-0.0024480224,lstm
2020-10-19 06:30:00,0.0,-0.0044630915,lstm
2020-10-19 06:30:00,0.0,-0.0027426928,lstm
2020-10-19 06:30:00,0.0,-0.0006802529,lstm
2020-10-19 06:45:00,0.0,-0.0024914294,lstm
2020-10-19 06:45:00,0.0,-0.004560545,lstm
2020-10-19 06:45:00,0.0,-0.0027318597,lstm
2020-10-19 06:45:00,0.0,-0.0006169677,lstm
2020-10-19 07:00:00,0.0,-0.0025098622,lstm
2020-10-19 07:00:00,0.0,-0.004700199,lstm
2020-10-19 07:00:00,0.0,-0.0027274787,lstm
2020-10-19 07:00:00,0.0,-0.00051929057,lstm
2020-10-19 07:15:00,0.0,-0.0024781972,lstm
2020-10-19 07:15:00,0.0,-0.0048359334,lstm
2020-10-19 07:15:00,0.0,-0.0027199388,lstm
2020-10-19 07:15:00,0.0,-0.00033517182,lstm
2020-10-19 07:30:00,0.0,-0.0024154782,lstm
2020-10-19 07:30:00,0.0,-0.0049750656,lstm
2020-10-19 07:30:00,0.0,-0.0026769042,lstm
2020-10-19 07:30:00,0.0,-1.6152859e-05,lstm
2020-10-19 07:45:00,0.0,-0.0023572743,lstm
2020-10-19 07:45:00,0.0,-0.005066395,lstm
2020-10-19 07:45:00,0.0,-0.0023743063,lstm
2020-10-19 07:45:00,0.0,0.00079384446,lstm
2020-10-19 08:00:00,0.0,-0.0021986067,lstm
2020-10-19 08:00:00,0.0,-0.0051569194,lstm
2020-10-19 08:00:00,0.0,-0.0016710609,lstm
2020-10-19 08:00:00,0.0072000027,0.0027362555,lstm
2020-10-19 08:15:00,0.0,-0.0017905533,lstm
2020-10-19 08:15:00,0.0,-0.004713744,lstm
2020-10-19 08:15:00,0.0072000027,0.0011472404,lstm
2020-10-19 08:15:00,0.051,0.00999105,lstm
2020-10-19 08:30:00,0.0,-0.0022066385,lstm
2020-10-19 08:30:00,0.0072000027,0.0030632615,lstm
2020-10-19 08:30:00,0.051,0.021128967,lstm
2020-10-19 08:30:00,0.12099999,0.052552566,lstm
2020-10-19 08:45:00,0.0072000027,0.00072063506,lstm
2020-10-19 08:45:00,0.051,0.026197955,lstm
2020-10-19 08:45:00,0.121,0.06704731,lstm
2020-10-19 08:45:00,0.1948,0.12974638,lstm
2020-10-19 09:00:00,0.050999984,0.0150946975,lstm
2020-10-19 09:00:00,0.121,0.053490862,lstm
2020-10-19 09:00:00,0.1948,0.11214189,lstm
2020-10-19 09:00:00,0.266,0.18533893,lstm
2020-10-19 09:15:00,0.121,0.102993056,lstm
2020-10-19 09:15:00,0.1948,0.15983722,lstm
2020-10-19 09:15:00,0.266,0.237531,lstm
2020-10-19 09:15:00,0.3346,0.3066784,lstm
2020-10-19 09:30:00,0.1948,0.18775485,lstm
2020-10-19 09:30:00,0.266,0.25152224,lstm
2020-10-19 09:30:00,0.3346,0.32598883,lstm
2020-10-19 09:30:00,0.3942,0.39036405,lstm
2020-10-19 09:45:00,0.266,0.25905773,lstm
2020-10-19 09:45:00,0.3346,0.3222975,lstm
2020-10-19 09:45:00,0.3942,0.38062832,lstm
2020-10-19 09:45:00,0.4548,0.450647,lstm
2020-10-19 10:00:00,0.33459997,0.32662416,lstm
2020-10-19 10:00:00,0.3942,0.387519,lstm
2020-10-19 10:00:00,0.4548,0.4372653,lstm
2020-10-19 10:00:00,0.5074,0.50732815,lstm
2020-10-19 10:15:00,0.3942,0.39359087,lstm
2020-10-19 10:15:00,0.4548,0.45098007,lstm
2020-10-19 10:15:00,0.5074,0.49999183,lstm
2020-10-19 10:15:00,0.5584,0.56202036,lstm
2020-10-19 10:30:00,0.4548,0.45928115,lstm
2020-10-19 10:30:00,0.5074,0.5094572,lstm
2020-10-19 10:30:00,0.5584,0.5573152,lstm
2020-10-19 10:30:00,0.606,0.60482776,lstm
2020-10-19 10:45:00,0.5074,0.5322559,lstm
2020-10-19 10:45:00,0.5584,0.5718287,lstm
2020-10-19 10:45:00,0.606,0.6168283,lstm
2020-10-19 10:45:00,0.6472,0.6510027,lstm
2020-10-19 11:00:00,0.5584,0.5899702,lstm
2020-10-19 11:00:00,0.60599995,0.62331235,lstm
2020-10-19 11:00:00,0.6472,0.66343343,lstm
2020-10-19 11:00:00,0.6786,0.69290215,lstm
2020-10-19 11:15:00,0.606,0.6405003,lstm
2020-10-19 11:15:00,0.6472,0.6706645,lstm
2020-10-19 11:15:00,0.6786,0.7050504,lstm
2020-10-19 11:15:00,0.7184,0.7356342,lstm
2020-10-19 11:30:00,0.6472,0.68138397,lstm
2020-10-19 11:30:00,0.6786,0.71059895,lstm
2020-10-19 11:30:00,0.7184,0.7390874,lstm
2020-10-19 11:30:00,0.7508,0.77153987,lstm
2020-10-19 11:45:00,0.6786,0.7140006,lstm
2020-10-19 11:45:00,0.7184,0.74200404,lstm
2020-10-19 11:45:00,0.7508,0.7651471,lstm
2020-10-19 11:45:00,0.7744,0.7974795,lstm
2020-10-19 12:00:00,0.7184,0.73437905,lstm
2020-10-19 12:00:00,0.7508,0.7605901,lstm
2020-10-19 12:00:00,0.7744,0.7794038,lstm
2020-10-19 12:00:00,0.7816,0.80880415,lstm
2020-10-19 12:15:00,0.7508,0.7612504,lstm
2020-10-19 12:15:00,0.7744,0.78330827,lstm
2020-10-19 12:15:00,0.7816,0.8002944,lstm
2020-10-19 12:15:00,0.7206,0.82854104,lstm
2020-10-19 12:30:00,0.77440006,0.781399,lstm
2020-10-19 12:30:00,0.7816,0.7995963,lstm
2020-10-19 12:30:00,0.7206,0.81468076,lstm
2020-10-19 12:30:00,0.6614,0.83898264,lstm
2020-10-19 12:45:00,0.78159994,0.80097765,lstm
2020-10-19 12:45:00,0.7206,0.8129221,lstm
2020-10-19 12:45:00,0.6614,0.8252542,lstm
2020-10-19 12:45:00,0.6448,0.8448647,lstm
2020-10-19 13:00:00,0.7206,0.8076631,lstm
2020-10-19 13:00:00,0.6614,0.8139399,lstm
2020-10-19 13:00:00,0.6448,0.8222261,lstm
2020-10-19 13:00:00,0.605,0.8355358,lstm
2020-10-19 13:15:00,0.6614,0.7054781,lstm
2020-10-19 13:15:00,0.6448,0.71128833,lstm
2020-10-19 13:15:00,0.605,0.70836264,lstm
2020-10-19 13:15:00,0.5756,0.7061796,lstm
2020-10-19 13:30:00,0.6448,0.62786376,lstm
2020-10-19 13:30:00,0.605,0.62542105,lstm
2020-10-19 13:30:00,0.5756,0.6229969,lstm
2020-10-19 13:30:00,0.5504,0.62372005,lstm
2020-10-19 13:45:00,0.605,0.6346743,lstm
2020-10-19 13:45:00,0.5756,0.628368,lstm
2020-10-19 13:45:00,0.5504,0.6262356,lstm
2020-10-19 13:45:00,0.506,0.6342766,lstm
2020-10-19 14:00:00,0.5756,0.5780852,lstm
2020-10-19 14:00:00,0.5504,0.58347607,lstm
2020-10-19 14:00:00,0.506,0.5812532,lstm
2020-10-19 14:00:00,0.4932,0.59108,lstm
2020-10-19 14:15:00,0.5504,0.5385622,lstm
2020-10-19 14:15:00,0.506,0.5487759,lstm
2020-10-19 14:15:00,0.4932,0.55071056,lstm
2020-10-19 14:15:00,0.48940003,0.5645359,lstm
2020-10-19 14:30:00,0.506,0.5046934,lstm
2020-10-19 14:30:00,0.4932,0.5202887,lstm
2020-10-19 14:30:00,0.48940003,0.5250006,lstm
2020-10-19 14:30:00,0.47760004,0.53946364,lstm
2020-10-19 14:45:00,0.4932,0.46391752,lstm
2020-10-19 14:45:00,0.4894,0.4838957,lstm
2020-10-19 14:45:00,0.47759998,0.48757088,lstm
2020-10-19 14:45:00,0.47640002,0.4980523,lstm
2020-10-19 15:00:00,0.4894,0.46778673,lstm
2020-10-19 15:00:00,0.4776,0.4814083,lstm
2020-10-19 15:00:00,0.47640002,0.48514712,lstm
2020-10-19 15:00:00,0.39860004,0.4950692,lstm
2020-10-19 15:15:00,0.4776,0.47994587,lstm
2020-10-19 15:15:00,0.4764,0.4869117,lstm
2020-10-19 15:15:00,0.3986,0.49116158,lstm
2020-10-19 15:15:00,0.3614,0.50005466,lstm
2020-10-19 15:30:00,0.4764,0.4691254,lstm
2020-10-19 15:30:00,0.3986,0.4723147,lstm
2020-10-19 15:30:00,0.3614,0.47656453,lstm
2020-10-19 15:30:00,0.3604,0.48093367,lstm
2020-10-19 15:45:00,0.3986,0.48121703,lstm
2020-10-19 15:45:00,0.3614,0.47360128,lstm
2020-10-19 15:45:00,0.36040002,0.47639382,lstm
2020-10-19 15:45:00,0.3586,0.47652274,lstm
2020-10-19 16:00:00,0.3614,0.41807336,lstm
2020-10-19 16:00:00,0.3604,0.41880006,lstm
2020-10-19 16:00:00,0.3586,0.41717815,lstm
2020-10-19 16:00:00,0.36579996,0.41075853,lstm
2020-10-19 16:15:00,0.3604,0.37614238,lstm
2020-10-19 16:15:00,0.3586,0.36596805,lstm
2020-10-19 16:15:00,0.3658,0.3583112,lstm
2020-10-19 16:15:00,0.359,0.35259682,lstm
2020-10-19 16:30:00,0.3586,0.30363557,lstm
2020-10-19 16:30:00,0.3658,0.28769794,lstm
2020-10-19 16:30:00,0.359,0.28037688,lstm
2020-10-19 16:30:00,0.2462,0.27823997,lstm
2020-10-19 16:45:00,0.3658,0.2569532,lstm
2020-10-19 16:45:00,0.359,0.23968637,lstm
2020-10-19 16:45:00,0.2462,0.23317105,lstm
2020-10-19 16:45:00,0.3552,0.22821975,lstm
2020-10-19 17:00:00,0.359,0.28300124,lstm
2020-10-19 17:00:00,0.2462,0.25617304,lstm
2020-10-19 17:00:00,0.3552,0.24005705,lstm
2020-10-19 17:00:00,0.3036,0.22475016,lstm
2020-10-19 17:15:00,0.2462,0.35624725,lstm
2020-10-19 17:15:00,0.3552,0.30936798,lstm
2020-10-19 17:15:00,0.3036,0.2637204,lstm
2020-10-19 17:15:00,0.2758,0.22157857,lstm
2020-10-19 17:30:00,0.3552,0.3017624,lstm
2020-10-19 17:30:00,0.3036,0.2493503,lstm
2020-10-19 17:30:00,0.2758,0.19621292,lstm
2020-10-19 17:30:00,0.2124,0.14185022,lstm
2020-10-19 17:45:00,0.3036,0.30405927,lstm
2020-10-19 17:45:00,0.2758,0.23024909,lstm
2020-10-19 17:45:00,0.2124,0.15990247,lstm
2020-10-19 17:45:00,0.1204,0.10488807,lstm
2020-10-19 18:00:00,0.2758,0.23214129,lstm
2020-10-19 18:00:00,0.2124,0.15736708,lstm
2020-10-19 18:00:00,0.1204,0.09512126,lstm
2020-10-19 18:00:00,0.051200002,0.048128605,lstm
2020-10-19 18:15:00,0.2124,0.16916823,lstm
2020-10-19 18:15:00,0.120400004,0.10171005,lstm
2020-10-19 18:15:00,0.051200002,0.051308766,lstm
2020-10-19 18:15:00,0.010800004,0.0157253,lstm
2020-10-19 18:30:00,0.1204,0.09774673,lstm
2020-10-19 18:30:00,0.051200002,0.04691966,lstm
2020-10-19 18:30:00,0.010800004,0.016166225,lstm
2020-10-19 18:30:00,0.0,0.0016871095,lstm
2020-10-19 18:45:00,0.051200002,0.043999672,lstm
2020-10-19 18:45:00,0.010800004,0.01167208,lstm
2020-10-19 18:45:00,0.0,-0.0035621822,lstm
2020-10-19 18:45:00,0.0,-0.004176602,lstm
2020-10-19 19:00:00,0.010799989,0.018255472,lstm
2020-10-19 19:00:00,0.0,-0.000627324,lstm
2020-10-19 19:00:00,0.0,-0.0072621405,lstm
2020-10-19 19:00:00,0.0,-0.0045699477,lstm
2020-10-19 19:15:00,0.0,0.007525414,lstm
2020-10-19 19:15:00,0.0,-0.0035231113,lstm
2020-10-19 19:15:00,0.0,-0.005891204,lstm
2020-10-19 19:15:00,0.0,-0.0028455704,lstm
2020-10-19 19:30:00,0.0,0.0026528984,lstm
2020-10-19 19:30:00,0.0,-0.0035905987,lstm
2020-10-19 19:30:00,0.0,-0.0038347542,lstm
2020-10-19 19:30:00,0.0,-0.0011370033,lstm
2020-10-19 19:45:00,0.0,0.0002347678,lstm
2020-10-19 19:45:00,0.0,-0.0036774427,lstm
2020-10-19 19:45:00,0.0,-0.0027478188,lstm
2020-10-19 19:45:00,0.0,-0.00038157403,lstm
2020-10-19 20:00:00,0.0,-0.00093601644,lstm
2020-10-19 20:00:00,0.0,-0.0037768483,lstm
2020-10-19 20:00:00,0.0,-0.0023169518,lstm
2020-10-19 20:00:00,0.0,-0.00017656386,lstm
2020-10-19 20:15:00,0.0,-0.0015279353,lstm
2020-10-19 20:15:00,0.0,-0.0038318485,lstm
2020-10-19 20:15:00,0.0,-0.0020925403,lstm
2020-10-19 20:15:00,0.0,-6.134808e-05,lstm
2020-10-19 20:30:00,0.0,-0.0018603504,lstm
2020-10-19 20:30:00,0.0,-0.0038668364,lstm
2020-10-19 20:30:00,0.0,-0.0019598156,lstm
2020-10-19 20:30:00,0.0,2.0176172e-05,lstm
2020-10-19 20:45:00,0.0,-0.0020595342,lstm
2020-10-19 20:45:00,0.0,-0.003963068,lstm
2020-10-19 20:45:00,0.0,-0.0020195395,lstm
2020-10-19 20:45:00,0.0,2.5779009e-05,lstm
2020-10-19 21:00:00,0.0,-0.0021940917,lstm
2020-10-19 21:00:00,0.0,-0.0039817095,lstm
2020-10-19 21:00:00,0.0,-0.0020041019,lstm
2020-10-19 21:00:00,0.0,9.36836e-05,lstm
2020-10-19 21:15:00,0.0,-0.0022672713,lstm
2020-10-19 21:15:00,0.0,-0.0039735287,lstm
2020-10-19 21:15:00,0.0,-0.001972124,lstm
2020-10-19 21:15:00,0.0,0.00015611947,lstm
2020-10-19 21:30:00,0.0,-0.0022870898,lstm
2020-10-19 21:30:00,0.0,-0.0039514154,lstm
2020-10-19 21:30:00,0.0,-0.0019514263,lstm
2020-10-19 21:30:00,0.0,0.00019851327,lstm
2020-10-19 21:45:00,0.0,-0.0023916662,lstm
2020-10-19 21:45:00,0.0,-0.004007414,lstm
2020-10-19 21:45:00,0.0,-0.0020480156,lstm
2020-10-19 21:45:00,0.0,0.00020927191,lstm
2020-10-19 22:00:00,0.0,-0.0024251044,lstm
2020-10-19 22:00:00,0.0,-0.0039955974,lstm
2020-10-19 22:00:00,0.0,-0.0020397007,lstm
2020-10-19 22:00:00,0.0,0.000265643,lstm
2020-10-19 22:15:00,0.0,-0.0024415553,lstm
2020-10-19 22:15:00,0.0,-0.003964275,lstm
2020-10-19 22:15:00,0.0,-0.0020109713,lstm
2020-10-19 22:15:00,0.0,0.00031749904,lstm
2020-10-19 22:30:00,0.0,-0.0024520457,lstm
2020-10-19 22:30:00,0.0,-0.00394544,lstm
2020-10-19 22:30:00,0.0,-0.001984045,lstm
2020-10-19 22:30:00,0.0,0.00035221875,lstm
2020-10-19 22:45:00,0.0,-0.0025131404,lstm
2020-10-19 22:45:00,0.0,-0.003991574,lstm
2020-10-19 22:45:00,0.0,-0.0021051317,lstm
2020-10-19 22:45:00,0.0,0.0003142804,lstm
2020-10-19 23:00:00,0.0,-0.0025150478,lstm
2020-10-19 23:00:00,0.0,-0.003955856,lstm
2020-10-19 23:00:00,0.0,-0.0020856112,lstm
2020-10-19 23:00:00,0.0,0.00036367774,lstm
2020-10-19 23:15:00,0.0,-0.002510488,lstm
2020-10-19 23:15:00,0.0,-0.003916681,lstm
2020-10-19 23:15:00,0.0,-0.00205867,lstm
2020-10-19 23:15:00,0.0,0.00040470064,lstm
2020-10-19 23:30:00,0.0,-0.0025068521,lstm
2020-10-19 23:30:00,0.0,-0.0038874447,lstm
2020-10-19 23:30:00,0.0,-0.0020321906,lstm
2020-10-19 23:30:00,0.0,0.00043950975,lstm
2020-10-19 23:45:00,0.0,-0.0025637299,lstm
2020-10-19 23:45:00,0.0,-0.003918171,lstm
2020-10-19 23:45:00,0.0,-0.0021481067,lstm
2020-10-19 23:45:00,0.0,0.00039543211,lstm
2020-10-20 00:00:00,0.0,-0.00254789,lstm
2020-10-20 00:00:00,0.0,-0.00386177,lstm
2020-10-20 00:00:00,0.0,-0.0021094978,lstm
2020-10-20 00:00:00,0.0,0.00044712424,lstm
2020-10-20 00:15:00,0.0,-0.0025395453,lstm
2020-10-20 00:15:00,0.0,-0.0038332492,lstm
2020-10-20 00:15:00,0.0,-0.0020786822,lstm
2020-10-20 00:15:00,0.0,0.0004787147,lstm
2020-10-20 00:30:00,0.0,-0.00253357,lstm
2020-10-20 00:30:00,0.0,-0.0038093925,lstm
2020-10-20 00:30:00,0.0,-0.002056554,lstm
2020-10-20 00:30:00,0.0,0.00049602985,lstm
2020-10-20 00:45:00,0.0,-0.0025772154,lstm
2020-10-20 00:45:00,0.0,-0.003832996,lstm
2020-10-20 00:45:00,0.0,-0.0021645874,lstm
2020-10-20 00:45:00,0.0,0.0004325956,lstm
2020-10-20 01:00:00,0.0,-0.0025561303,lstm
2020-10-20 01:00:00,0.0,-0.0037844926,lstm
2020-10-20 01:00:00,0.0,-0.0021189153,lstm
2020-10-20 01:00:00,0.0,0.00046434999,lstm
2020-10-20 01:15:00,0.0,-0.0025421977,lstm
2020-10-20 01:15:00,0.0,-0.003764823,lstm
2020-10-20 01:15:00,0.0,-0.0021017045,lstm
2020-10-20 01:15:00,0.0,0.00046777725,lstm
2020-10-20 01:30:00,0.0,-0.0025305748,lstm
2020-10-20 01:30:00,0.0,-0.0037495345,lstm
2020-10-20 01:30:00,0.0,-0.0020961612,lstm
2020-10-20 01:30:00,0.0,0.0004659593,lstm
2020-10-20 01:45:00,0.0,-0.002573371,lstm
2020-10-20 01:45:00,0.0,-0.0037730634,lstm
2020-10-20 01:45:00,0.0,-0.0021981895,lstm
2020-10-20 01:45:00,0.0,0.00037957728,lstm
2020-10-20 02:00:00,0.0,-0.0025491714,lstm
2020-10-20 02:00:00,0.0,-0.0037342906,lstm
2020-10-20 02:00:00,0.0,-0.0021587163,lstm
2020-10-20 02:00:00,0.0,0.00038601458,lstm
2020-10-20 02:15:00,0.0,-0.0025301576,lstm
2020-10-20 02:15:00,0.0,-0.0037236065,lstm
2020-10-20 02:15:00,0.0,-0.0021505207,lstm
2020-10-20 02:15:00,0.0,0.0003684759,lstm
2020-10-20 02:30:00,0.0,-0.0025096238,lstm
2020-10-20 02:30:00,0.0,-0.0037169456,lstm
2020-10-20 02:30:00,0.0,-0.0021615326,lstm
2020-10-20 02:30:00,0.0,0.00034424663,lstm
2020-10-20 02:45:00,0.0,-0.0025474876,lstm
2020-10-20 02:45:00,0.0,-0.003745079,lstm
2020-10-20 02:45:00,0.0,-0.0022457987,lstm
2020-10-20 02:45:00,0.0,0.00024969876,lstm
2020-10-20 03:00:00,0.0,-0.0025257915,lstm
2020-10-20 03:00:00,0.0,-0.0037246346,lstm
2020-10-20 03:00:00,0.0,-0.0022164881,lstm
2020-10-20 03:00:00,0.0,0.00022771955,lstm
2020-10-20 03:15:00,0.0,-0.0024996102,lstm
2020-10-20 03:15:00,0.0,-0.0037247688,lstm
2020-10-20 03:15:00,0.0,-0.0022303462,lstm
2020-10-20 03:15:00,0.0,0.00018084049,lstm
2020-10-20 03:30:00,0.0,-0.002479121,lstm
2020-10-20 03:30:00,0.0,-0.0037317574,lstm
2020-10-20 03:30:00,0.0,-0.0022461861,lstm
2020-10-20 03:30:00,0.0,0.00014923513,lstm
2020-10-20 03:45:00,0.0,-0.0024979562,lstm
2020-10-20 03:45:00,0.0,-0.0037620366,lstm
2020-10-20 03:45:00,0.0,-0.0023318827,lstm
2020-10-20 03:45:00,0.0,2.2798777e-05,lstm
2020-10-20 04:00:00,0.0,-0.0024641454,lstm
2020-10-20 04:00:00,0.0,-0.003761381,lstm
2020-10-20 04:00:00,0.0,-0.0023317784,lstm
2020-10-20 04:00:00,0.0,-3.4943223e-05,lstm
2020-10-20 04:15:00,0.0,-0.0024360716,lstm
2020-10-20 04:15:00,0.0,-0.0037767738,lstm
2020-10-20 04:15:00,0.0,-0.0023428053,lstm
2020-10-20 04:15:00,0.0,-8.1673265e-05,lstm
2020-10-20 04:30:00,0.0,-0.002411142,lstm
2020-10-20 04:30:00,0.0,-0.0037928373,lstm
2020-10-20 04:30:00,0.0,-0.0023696423,lstm
2020-10-20 04:30:00,0.0,-0.00013190508,lstm
2020-10-20 04:45:00,0.0,-0.0024436861,lstm
2020-10-20 04:45:00,0.0,-0.0038368106,lstm
2020-10-20 04:45:00,0.0,-0.0024244785,lstm
2020-10-20 04:45:00,0.0,-0.00023531914,lstm
2020-10-20 05:00:00,0.0,-0.0024339557,lstm
2020-10-20 05:00:00,0.0,-0.0038788617,lstm
2020-10-20 05:00:00,0.0,-0.0024582744,lstm
2020-10-20 05:00:00,0.0,-0.00032523274,lstm
2020-10-20 05:15:00,0.0,-0.0024133027,lstm
2020-10-20 05:15:00,0.0,-0.003926292,lstm
2020-10-20 05:15:00,0.0,-0.0025079548,lstm
2020-10-20 05:15:00,0.0,-0.0003979951,lstm
2020-10-20 05:30:00,0.0,-0.0023953915,lstm
2020-10-20 05:30:00,0.0,-0.0039718747,lstm
2020-10-20 05:30:00,0.0,-0.0025577247,lstm
2020-10-20 05:30:00,0.0,-0.0004569888,lstm
2020-10-20 05:45:00,0.0,-0.0024427027,lstm
2020-10-20 05:45:00,0.0,-0.0040406287,lstm
2020-10-20 05:45:00,0.0,-0.0026067197,lstm
2020-10-20 05:45:00,0.0,-0.00053817034,lstm
2020-10-20 06:00:00,0.0,-0.0024691075,lstm
2020-10-20 06:00:00,0.0,-0.004138738,lstm
2020-10-20 06:00:00,0.0,-0.0026658177,lstm
2020-10-20 06:00:00,0.0,-0.0006181896,lstm
2020-10-20 06:15:00,0.0,-0.0024668425,lstm
2020-10-20 06:15:00,0.0,-0.0042328686,lstm
2020-10-20 06:15:00,0.0,-0.0027468652,lstm
2020-10-20 06:15:00,0.0,-0.0006814301,lstm
2020-10-20 06:30:00,0.0,-0.0024461746,lstm
2020-10-20 06:30:00,0.0,-0.004317075,lstm
2020-10-20 06:30:00,0.0,-0.0028308034,lstm
2020-10-20 06:30:00,0.0,-0.0007266551,lstm
2020-10-20 06:45:00,0.0,-0.0024972856,lstm
2020-10-20 06:45:00,0.0,-0.004409373,lstm
2020-10-20 06:45:00,0.0,-0.002846107,lstm
2020-10-20 06:45:00,0.0,-0.0007032901,lstm
2020-10-20 07:00:00,0.0,-0.0025413632,lstm
2020-10-20 07:00:00,0.0,-0.004563749,lstm
2020-10-20 07:00:00,0.0,-0.0029045343,lstm
2020-10-20 07:00:00,0.0,-0.00067968667,lstm
2020-10-20 07:15:00,0.0,-0.0025361627,lstm
2020-10-20 07:15:00,0.0,-0.0047150403,lstm
2020-10-20 07:15:00,0.0,-0.00297077,lstm
2020-10-20 07:15:00,0.0,-0.0005863309,lstm
2020-10-20 07:30:00,0.0,-0.0024993867,lstm
2020-10-20 07:30:00,0.0,-0.004879862,lstm
2020-10-20 07:30:00,0.0,-0.0030020028,lstm
2020-10-20 07:30:00,0.0,-0.0003592223,lstm
2020-10-20 07:45:00,0.0,-0.0024881214,lstm
2020-10-20 07:45:00,0.0,-0.005024582,lstm
2020-10-20 07:45:00,0.0,-0.0028215498,lstm
2020-10-20 07:45:00,0.00079999864,0.00030982494,lstm
2020-10-20 08:00:00,0.0,-0.0023863316,lstm
2020-10-20 08:00:00,0.0,-0.0052568465,lstm
2020-10-20 08:00:00,0.00079999864,-0.0023258626,lstm
2020-10-20 08:00:00,0.014799997,0.0021255761,lstm
2020-10-20 08:15:00,0.0,-0.002049312,lstm
2020-10-20 08:15:00,0.00079999864,-0.0050462633,lstm
2020-10-20 08:15:00,0.014799997,0.00041607022,lstm
2020-10-20 08:15:00,0.0582,0.010053575,lstm
2020-10-20 08:30:00,0.00079999864,-0.00293006,lstm
2020-10-20 08:30:00,0.014799997,0.0029589236,lstm
2020-10-20 08:30:00,0.0582,0.021198168,lstm
2020-10-20 08:30:00,0.1244,0.055726632,lstm
2020-10-20 08:45:00,0.014799997,0.00013966858,lstm
2020-10-20 08:45:00,0.0582,0.02448541,lstm
2020-10-20 08:45:00,0.1244,0.064791024,lstm
2020-10-20 08:45:00,0.196,0.12879476,lstm
2020-10-20 09:00:00,0.0582,0.036002725,lstm
2020-10-20 09:00:00,0.1244,0.08336746,lstm
2020-10-20 09:00:00,0.196,0.15481906,lstm
2020-10-20 09:00:00,0.2602,0.23581924,lstm
2020-10-20 09:15:00,0.1244,0.11702162,lstm
2020-10-20 09:15:00,0.196,0.18543653,lstm
2020-10-20 09:15:00,0.2602,0.27533054,lstm
2020-10-20 09:15:00,0.3244,0.34816104,lstm
2020-10-20 09:30:00,0.196,0.20362471,lstm
2020-10-20 09:30:00,0.2602,0.2764046,lstm
2020-10-20 09:30:00,0.3244,0.35455954,lstm
2020-10-20 09:30:00,0.3886,0.41743428,lstm
2020-10-20 09:45:00,0.2602,0.27714142,lstm
2020-10-20 09:45:00,0.3244,0.34517482,lstm
2020-10-20 09:45:00,0.3886,0.403275,lstm
2020-10-20 09:45:00,0.44600004,0.4697653,lstm
2020-10-20 10:00:00,0.3244,0.3358208,lstm
2020-10-20 10:00:00,0.3886,0.40023994,lstm
2020-10-20 10:00:00,0.44600004,0.4501701,lstm
2020-10-20 10:00:00,0.5008,0.51669884,lstm
2020-10-20 10:15:00,0.3886,0.39593303,lstm
2020-10-20 10:15:00,0.446,0.45540285,lstm
2020-10-20 10:15:00,0.5008,0.50494814,lstm
2020-10-20 10:15:00,0.5494,0.5653299,lstm
2020-10-20 10:30:00,0.446,0.46065342,lstm
2020-10-20 10:30:00,0.5008,0.51129544,lstm
2020-10-20 10:30:00,0.5494,0.5600436,lstm
2020-10-20 10:30:00,0.5966,0.60803556,lstm
2020-10-20 10:45:00,0.5008,0.52923244,lstm
2020-10-20 10:45:00,0.5494,0.5690421,lstm
2020-10-20 10:45:00,0.5966,0.6146047,lstm
2020-10-20 10:45:00,0.6374,0.6486765,lstm
2020-10-20 11:00:00,0.5494,0.58883655,lstm
2020-10-20 11:00:00,0.5966,0.62064266,lstm
2020-10-20 11:00:00,0.6374,0.6614578,lstm
2020-10-20 11:00:00,0.671,0.6898153,lstm
2020-10-20 11:15:00,0.5966,0.6360502,lstm
2020-10-20 11:15:00,0.6374,0.66434693,lstm
2020-10-20 11:15:00,0.671,0.69917244,lstm
2020-10-20 11:15:00,0.7014,0.727524,lstm
2020-10-20 11:30:00,0.6374,0.6777582,lstm
2020-10-20 11:30:00,0.671,0.7046505,lstm
2020-10-20 11:30:00,0.7014,0.7335048,lstm
2020-10-20 11:30:00,0.7212,0.7639823,lstm
2020-10-20 11:45:00,0.671,0.71082425,lstm
2020-10-20 11:45:00,0.7013999,0.7367737,lstm
2020-10-20 11:45:00,0.7212,0.75989985,lstm
2020-10-20 11:45:00,0.7292,0.7907711,lstm
2020-10-20 12:00:00,0.7014,0.7338939,lstm
2020-10-20 12:00:00,0.7212,0.7582865,lstm
2020-10-20 12:00:00,0.7292,0.77709156,lstm
2020-10-20 12:00:00,0.6632,0.8059873,lstm
2020-10-20 12:15:00,0.7212,0.75516266,lstm
2020-10-20 12:15:00,0.7292,0.7762121,lstm
2020-10-20 12:15:00,0.6632,0.79230213,lstm
2020-10-20 12:15:00,0.691,0.81853616,lstm
2020-10-20 12:30:00,0.7292,0.7689046,lstm
2020-10-20 12:30:00,0.6632,0.7855848,lstm
2020-10-20 12:30:00,0.691,0.7989301,lstm
2020-10-20 12:30:00,0.80639994,0.8204328,lstm
2020-10-20 12:45:00,0.6632,0.7782155,lstm
2020-10-20 12:45:00,0.691,0.78828275,lstm
2020-10-20 12:45:00,0.8064,0.7978917,lstm
2020-10-20 12:45:00,0.7984,0.8138848,lstm
2020-10-20 13:00:00,0.691,0.6598445,lstm
2020-10-20 13:00:00,0.80639994,0.66789305,lstm
2020-10-20 13:00:00,0.7983999,0.66677606,lstm
2020-10-20 13:00:00,0.7836,0.66674006,lstm
2020-10-20 13:15:00,0.8064,0.75043195,lstm
2020-10-20 13:15:00,0.7983999,0.7402525,lstm
2020-10-20 13:15:00,0.7836,0.7475691,lstm
2020-10-20 13:15:00,0.794,0.7602824,lstm
2020-10-20 13:30:00,0.7984,0.8171041,lstm
2020-10-20 13:30:00,0.7836,0.8083751,lstm
2020-10-20 13:30:00,0.794,0.81955016,lstm
2020-10-20 13:30:00,0.795,0.8399179,lstm
2020-10-20 13:45:00,0.7836,0.80231017,lstm
2020-10-20 13:45:00,0.794,0.80236614,lstm
2020-10-20 13:45:00,0.795,0.8091564,lstm
2020-10-20 13:45:00,0.7836,0.816983,lstm
2020-10-20 14:00:00,0.794,0.79287696,lstm
2020-10-20 14:00:00,0.79499996,0.78706443,lstm
2020-10-20 14:00:00,0.7836,0.7873674,lstm
2020-10-20 14:00:00,0.7738,0.7895777,lstm
2020-10-20 14:15:00,0.795,0.8054898,lstm
2020-10-20 14:15:00,0.7836,0.79142916,lstm
2020-10-20 14:15:00,0.7738,0.7899179,lstm
2020-10-20 14:15:00,0.77340007,0.79135233,lstm
2020-10-20 14:30:00,0.7836,0.80918896,lstm
2020-10-20 14:30:00,0.7738,0.7930834,lstm
2020-10-20 14:30:00,0.7734,0.7886251,lstm
2020-10-20 14:30:00,0.7548,0.78591126,lstm
2020-10-20 14:45:00,0.7738001,0.79877126,lstm
2020-10-20 14:45:00,0.77339995,0.77843916,lstm
2020-10-20 14:45:00,0.7548,0.76741487,lstm
2020-10-20 14:45:00,0.7388,0.7571192,lstm
2020-10-20 15:00:00,0.7734,0.7860448,lstm
2020-10-20 15:00:00,0.75479996,0.75778735,lstm
2020-10-20 15:00:00,0.7388,0.7412408,lstm
2020-10-20 15:00:00,0.7192,0.7242649,lstm
2020-10-20 15:15:00,0.7548,0.77778417,lstm
2020-10-20 15:15:00,0.7387999,0.7388269,lstm
2020-10-20 15:15:00,0.7192,0.71925217,lstm
2020-10-20 15:15:00,0.686,0.6973471,lstm
2020-10-20 15:30:00,0.7388,0.7493025,lstm
2020-10-20 15:30:00,0.7192,0.7047031,lstm
2020-10-20 15:30:00,0.686,0.680766,lstm
2020-10-20 15:30:00,0.6444,0.6523775,lstm
2020-10-20 15:45:00,0.7192,0.72668844,lstm
2020-10-20 15:45:00,0.686,0.67369425,lstm
2020-10-20 15:45:00,0.6444,0.6440225,lstm
2020-10-20 15:45:00,0.6052,0.6125234,lstm
2020-10-20 16:00:00,0.686,0.70119953,lstm
2020-10-20 16:00:00,0.6444,0.64554864,lstm
2020-10-20 16:00:00,0.6052,0.6090389,lstm
2020-10-20 16:00:00,0.5592,0.57508856,lstm
2020-10-20 16:15:00,0.6444,0.67084646,lstm
2020-10-20 16:15:00,0.6052,0.61624485,lstm
2020-10-20 16:15:00,0.5592,0.57200617,lstm
2020-10-20 16:15:00,0.5112,0.53400344,lstm
2020-10-20 16:30:00,0.6052,0.6410723,lstm
2020-10-20 16:30:00,0.5592,0.5852767,lstm
2020-10-20 16:30:00,0.5112,0.5363843,lstm
2020-10-20 16:30:00,0.45860004,0.49489975,lstm
2020-10-20 16:45:00,0.5592,0.61081827,lstm
2020-10-20 16:45:00,0.5112,0.5480478,lstm
2020-10-20 16:45:00,0.45860004,0.49795473,lstm
2020-10-20 16:45:00,0.4022,0.4522723,lstm
2020-10-20 17:00:00,0.5112,0.5681441,lstm
2020-10-20 17:00:00,0.4586,0.4986954,lstm
2020-10-20 17:00:00,0.4022,0.4435984,lstm
2020-10-20 17:00:00,0.3424,0.38920334,lstm
2020-10-20 17:15:00,0.4586,0.5184406,lstm
2020-10-20 17:15:00,0.4022,0.4428714,lstm
2020-10-20 17:15:00,0.3424,0.3788448,lstm
2020-10-20 17:15:00,0.2702,0.3147984,lstm
2020-10-20 17:30:00,0.4022,0.45227748,lstm
2020-10-20 17:30:00,0.3424,0.37251842,lstm
2020-10-20 17:30:00,0.2702,0.28885308,lstm
2020-10-20 17:30:00,0.201,0.22115181,lstm
2020-10-20 17:45:00,0.3424,0.39183283,lstm
2020-10-20 17:45:00,0.2702,0.30028728,lstm
2020-10-20 17:45:00,0.201,0.2130886,lstm
2020-10-20 17:45:00,0.129,0.14132091,lstm
2020-10-20 18:00:00,0.2702,0.31338227,lstm
2020-10-20 18:00:00,0.201,0.21751496,lstm
2020-10-20 18:00:00,0.129,0.13558592,lstm
2020-10-20 18:00:00,0.057799995,0.07304023,lstm
2020-10-20 18:15:00,0.201,0.21219736,lstm
2020-10-20 18:15:00,0.129,0.1258702,lstm
2020-10-20 18:15:00,0.057799995,0.06644282,lstm
2020-10-20 18:15:00,0.011600003,0.023396075,lstm
2020-10-20 18:30:00,0.129,0.121961966,lstm
2020-10-20 18:30:00,0.057799995,0.057916775,lstm
2020-10-20 18:30:00,0.011600003,0.023955166,lstm
2020-10-20 18:30:00,0.0,0.0031614304,lstm
2020-10-20 18:45:00,0.057799995,0.057164133,lstm
2020-10-20 18:45:00,0.011600003,0.018621847,lstm
2020-10-20 18:45:00,0.0,0.0010520071,lstm
2020-10-20 18:45:00,0.0,-0.002337709,lstm
2020-10-20 19:00:00,0.011600003,0.023484737,lstm
2020-10-20 19:00:00,0.0,0.0018521845,lstm
2020-10-20 19:00:00,0.0,-0.0060546994,lstm
2020-10-20 19:00:00,0.0,-0.0038977116,lstm
2020-10-20 19:15:00,0.0,0.009306073,lstm
2020-10-20 19:15:00,0.0,-0.0028236955,lstm
2020-10-20 19:15:00,0.0,-0.005836606,lstm
2020-10-20 19:15:00,0.0,-0.002828315,lstm
2020-10-20 19:30:00,0.0,0.0032591224,lstm
2020-10-20 19:30:00,0.0,-0.003331855,lstm
2020-10-20 19:30:00,0.0,-0.00386253,lstm
2020-10-20 19:30:00,0.0,-0.0010783523,lstm
2020-10-20 19:45:00,0.0,0.00042299926,lstm
2020-10-20 19:45:00,0.0,-0.0035398602,lstm
2020-10-20 19:45:00,0.0,-0.002735898,lstm
2020-10-20 19:45:00,0.0,-0.00024957955,lstm
2020-10-20 20:00:00,0.0,-0.0009857416,lstm
2020-10-20 20:00:00,0.0,-0.0037280023,lstm
2020-10-20 20:00:00,0.0,-0.0022925735,lstm
2020-10-20 20:00:00,0.0,-3.246963e-05,lstm
2020-10-20 20:15:00,0.0,-0.0016305149,lstm
2020-10-20 20:15:00,0.0,-0.0038250834,lstm
2020-10-20 20:15:00,0.0,-0.0020850152,lstm
2020-10-20 20:15:00,0.0,5.789101e-05,lstm
2020-10-20 20:30:00,0.0,-0.0019463599,lstm
2020-10-20 20:30:00,0.0,-0.003881827,lstm
2020-10-20 20:30:00,0.0,-0.0019681454,lstm
2020-10-20 20:30:00,0.0,0.000110685825,lstm
2020-10-20 20:45:00,0.0,-0.0021269917,lstm
2020-10-20 20:45:00,0.0,-0.0039845556,lstm
2020-10-20 20:45:00,0.0,-0.002043277,lstm
2020-10-20 20:45:00,0.0,9.75728e-05,lstm
2020-10-20 21:00:00,0.0,-0.0022466183,lstm
2020-10-20 21:00:00,0.0,-0.0040145367,lstm
2020-10-20 21:00:00,0.0,-0.0020439923,lstm
2020-10-20 21:00:00,0.0,0.00014556944,lstm
2020-10-20 21:15:00,0.0,-0.0023147613,lstm
2020-10-20 21:15:00,0.0,-0.004015371,lstm
2020-10-20 21:15:00,0.0,-0.0020169467,lstm
2020-10-20 21:15:00,0.0,0.0001925379,lstm
2020-10-20 21:30:00,0.0,-0.0023502856,lstm
2020-10-20 21:30:00,0.0,-0.0040073097,lstm
2020-10-20 21:30:00,0.0,-0.0019922554,lstm
2020-10-20 21:30:00,0.0,0.00022614002,lstm
2020-10-20 21:45:00,0.0,-0.0024095625,lstm
2020-10-20 21:45:00,0.0,-0.00406754,lstm
2020-10-20 21:45:00,0.0,-0.0021089762,lstm
2020-10-20 21:45:00,0.0,0.00020250678,lstm
2020-10-20 22:00:00,0.0,-0.002439648,lstm
2020-10-20 22:00:00,0.0,-0.0040552616,lstm
2020-10-20 22:00:00,0.0,-0.0021083355,lstm
2020-10-20 22:00:00,0.0,0.00025101006,lstm
2020-10-20 22:15:00,0.0,-0.0024547726,lstm
2020-10-20 22:15:00,0.0,-0.004036382,lstm
2020-10-20 22:15:00,0.0,-0.0020910203,lstm
2020-10-20 22:15:00,0.0,0.00029209256,lstm
2020-10-20 22:30:00,0.0,-0.002463758,lstm
2020-10-20 22:30:00,0.0,-0.004021108,lstm
2020-10-20 22:30:00,0.0,-0.0020739883,lstm
2020-10-20 22:30:00,0.0,0.00032307208,lstm
2020-10-20 22:45:00,0.0,-0.0025016516,lstm
2020-10-20 22:45:00,0.0,-0.0040545315,lstm
2020-10-20 22:45:00,0.0,-0.0022077262,lstm
2020-10-20 22:45:00,0.0,0.00028595328,lstm
2020-10-20 23:00:00,0.0,-0.0024963021,lstm
2020-10-20 23:00:00,0.0,-0.0040180236,lstm
2020-10-20 23:00:00,0.0,-0.0021858066,lstm
2020-10-20 23:00:00,0.0,0.0003491342,lstm
2020-10-20 23:15:00,0.0,-0.0024969727,lstm
2020-10-20 23:15:00,0.0,-0.003992468,lstm
2020-10-20 23:15:00,0.0,-0.0021466762,lstm
2020-10-20 23:15:00,0.0,0.00039444864,lstm
2020-10-20 23:30:00,0.0,-0.002496913,lstm
2020-10-20 23:30:00,0.0,-0.0039675087,lstm
2020-10-20 23:30:00,0.0,-0.00212802,lstm
2020-10-20 23:30:00,0.0,0.00041908026,lstm
2020-10-20 23:45:00,0.0,-0.0025419146,lstm
2020-10-20 23:45:00,0.0,-0.003991306,lstm
2020-10-20 23:45:00,0.0,-0.0022411346,lstm
2020-10-20 23:45:00,0.0,0.00037816167,lstm
2020-10-21 00:00:00,0.0,-0.002527967,lstm
2020-10-21 00:00:00,0.0,-0.0039409846,lstm
2020-10-21 00:00:00,0.0,-0.002209261,lstm
2020-10-21 00:00:00,0.0,0.00042754412,lstm
2020-10-21 00:15:00,0.0,-0.002509296,lstm
2020-10-21 00:15:00,0.0,-0.0039049387,lstm
2020-10-21 00:15:00,0.0,-0.002187252,lstm
2020-10-21 00:15:00,0.0,0.00045621395,lstm
2020-10-21 00:30:00,0.0,-0.002497673,lstm
2020-10-21 00:30:00,0.0,-0.0038838685,lstm
2020-10-21 00:30:00,0.0,-0.0021623224,lstm
2020-10-21 00:30:00,0.0,0.00048194826,lstm
2020-10-21 00:45:00,0.0,-0.002523616,lstm
2020-10-21 00:45:00,0.0,-0.0038963258,lstm
2020-10-21 00:45:00,0.0,-0.0022524446,lstm
2020-10-21 00:45:00,0.0,0.00042831898,lstm
2020-10-21 01:00:00,0.0,-0.00249587,lstm
2020-10-21 01:00:00,0.0,-0.00384821,lstm
2020-10-21 01:00:00,0.0,-0.00221695,lstm
2020-10-21 01:00:00,0.0,0.0004554093,lstm
2020-10-21 01:15:00,0.0,-0.0024750829,lstm
2020-10-21 01:15:00,0.0,-0.003827557,lstm
2020-10-21 01:15:00,0.0,-0.0021978915,lstm
2020-10-21 01:15:00,0.0,0.0004670024,lstm
2020-10-21 01:30:00,0.0,-0.0024592876,lstm
2020-10-21 01:30:00,0.0,-0.0038113594,lstm
2020-10-21 01:30:00,0.0,-0.0021874905,lstm
2020-10-21 01:30:00,0.0,0.00047020614,lstm
2020-10-21 01:45:00,0.0,-0.0024819374,lstm
2020-10-21 01:45:00,0.0,-0.0038215667,lstm
2020-10-21 01:45:00,0.0,-0.0022710264,lstm
2020-10-21 01:45:00,0.0,0.0003990233,lstm
2020-10-21 02:00:00,0.0,-0.0024495274,lstm
2020-10-21 02:00:00,0.0,-0.0037748814,lstm
2020-10-21 02:00:00,0.0,-0.002236724,lstm
2020-10-21 02:00:00,0.0,0.00040912628,lstm
2020-10-21 02:15:00,0.0,-0.0024214983,lstm
2020-10-21 02:15:00,0.0,-0.0037549138,lstm
2020-10-21 02:15:00,0.0,-0.0022194237,lstm
2020-10-21 02:15:00,0.0,0.00040845573,lstm
2020-10-21 02:30:00,0.0,-0.0024006963,lstm
2020-10-21 02:30:00,0.0,-0.0037468672,lstm
2020-10-21 02:30:00,0.0,-0.0022220612,lstm
2020-10-21 02:30:00,0.0,0.00039432943,lstm
2020-10-21 02:45:00,0.0,-0.0024126917,lstm
2020-10-21 02:45:00,0.0,-0.003751859,lstm
2020-10-21 02:45:00,0.0,-0.00228557,lstm
2020-10-21 02:45:00,0.0,0.00031723082,lstm
2020-10-21 03:00:00,0.0,-0.002377212,lstm
2020-10-21 03:00:00,0.0,-0.0037158579,lstm
2020-10-21 03:00:00,0.0,-0.0022533238,lstm
2020-10-21 03:00:00,0.0,0.0003068,lstm
2020-10-21 03:15:00,0.0,-0.0023453385,lstm
2020-10-21 03:15:00,0.0,-0.0037045926,lstm
2020-10-21 03:15:00,0.0,-0.002252236,lstm
2020-10-21 03:15:00,0.0,0.0002824515,lstm
2020-10-21 03:30:00,0.0,-0.002324447,lstm
2020-10-21 03:30:00,0.0,-0.0037095845,lstm
2020-10-21 03:30:00,0.0,-0.0022517294,lstm
2020-10-21 03:30:00,0.0,0.0002657324,lstm
2020-10-21 03:45:00,0.0,-0.0023400486,lstm
2020-10-21 03:45:00,0.0,-0.0037219822,lstm
2020-10-21 03:45:00,0.0,-0.0023057759,lstm
2020-10-21 03:45:00,0.0,0.00017252564,lstm
2020-10-21 04:00:00,0.0,-0.002307266,lstm
2020-10-21 04:00:00,0.0,-0.0037147403,lstm
2020-10-21 04:00:00,0.0,-0.0022991747,lstm
2020-10-21 04:00:00,0.0,0.00013309717,lstm
2020-10-21 04:15:00,0.0,-0.0022776872,lstm
2020-10-21 04:15:00,0.0,-0.0037283152,lstm
2020-10-21 04:15:00,0.0,-0.002313286,lstm
2020-10-21 04:15:00,0.0,9.378791e-05,lstm
2020-10-21 04:30:00,0.0,-0.0022557825,lstm
2020-10-21 04:30:00,0.0,-0.0037489682,lstm
2020-10-21 04:30:00,0.0,-0.002343893,lstm
2020-10-21 04:30:00,0.0,5.106628e-05,lstm
2020-10-21 04:45:00,0.0,-0.0022767782,lstm
2020-10-21 04:45:00,0.0,-0.0037767142,lstm
2020-10-21 04:45:00,0.0,-0.0023826659,lstm
2020-10-21 04:45:00,0.0,-2.9042363e-05,lstm
2020-10-21 05:00:00,0.0,-0.0022612363,lstm
2020-10-21 05:00:00,0.0,-0.0038050264,lstm
2020-10-21 05:00:00,0.0,-0.0023954213,lstm
2020-10-21 05:00:00,0.0,-8.635223e-05,lstm
2020-10-21 05:15:00,0.0,-0.0022372305,lstm
2020-10-21 05:15:00,0.0,-0.003849417,lstm
2020-10-21 05:15:00,0.0,-0.002438426,lstm
2020-10-21 05:15:00,0.0,-0.00014469028,lstm
2020-10-21 05:30:00,0.0,-0.0022121817,lstm
2020-10-21 05:30:00,0.0,-0.0038943589,lstm
2020-10-21 05:30:00,0.0,-0.0024921,lstm
2020-10-21 05:30:00,0.0,-0.00020183623,lstm
2020-10-21 05:45:00,0.0,-0.002237454,lstm
2020-10-21 05:45:00,0.0,-0.00394623,lstm
2020-10-21 05:45:00,0.0,-0.00252752,lstm
2020-10-21 05:45:00,0.0,-0.00026367605,lstm
2020-10-21 06:00:00,0.0,-0.002233684,lstm
2020-10-21 06:00:00,0.0,-0.0040187687,lstm
2020-10-21 06:00:00,0.0,-0.0025449097,lstm
2020-10-21 06:00:00,0.0,-0.00029747188,lstm
2020-10-21 06:15:00,0.0,-0.0022155643,lstm
2020-10-21 06:15:00,0.0,-0.0040988177,lstm
2020-10-21 06:15:00,0.0,-0.0025950521,lstm
2020-10-21 06:15:00,0.0,-0.0003309548,lstm
2020-10-21 06:30:00,0.0,-0.0021963269,lstm
2020-10-21 06:30:00,0.0,-0.004178822,lstm
2020-10-21 06:30:00,0.0,-0.0026524663,lstm
2020-10-21 06:30:00,0.0,-0.0003490001,lstm
2020-10-21 06:45:00,0.0,-0.0022358447,lstm
2020-10-21 06:45:00,0.0,-0.004261434,lstm
2020-10-21 06:45:00,0.0,-0.0026413351,lstm
2020-10-21 06:45:00,0.0,-0.0002951026,lstm
2020-10-21 07:00:00,0.0,-0.0022437572,lstm
2020-10-21 07:00:00,0.0,-0.004377544,lstm
2020-10-21 07:00:00,0.0,-0.0026148558,lstm
2020-10-21 07:00:00,0.0,-0.00018335879,lstm
2020-10-21 07:15:00,0.0,-0.0022104532,lstm
2020-10-21 07:15:00,0.0,-0.0044959635,lstm
2020-10-21 07:15:00,0.0,-0.0026085228,lstm
2020-10-21 07:15:00,0.0,-1.79708e-05,lstm
2020-10-21 07:30:00,0.0,-0.0021419227,lstm
2020-10-21 07:30:00,0.0,-0.0046150386,lstm
2020-10-21 07:30:00,0.0,-0.002578929,lstm
2020-10-21 07:30:00,0.0,0.0002554357,lstm
2020-10-21 07:45:00,0.0,-0.0020814836,lstm
2020-10-21 07:45:00,0.0,-0.0046883374,lstm
2020-10-21 07:45:00,0.0,-0.0023190975,lstm
2020-10-21 07:45:00,0.00040002167,0.00094899535,lstm
2020-10-21 08:00:00,0.0,-0.0019233227,lstm
2020-10-21 08:00:00,0.0,-0.004739538,lstm
2020-10-21 08:00:00,0.00040000677,-0.001703158,lstm
2020-10-21 08:00:00,0.012999997,0.002585575,lstm
2020-10-21 08:15:00,0.0,-0.0015375465,lstm
2020-10-21 08:15:00,0.00040000677,-0.004410684,lstm
2020-10-21 08:15:00,0.012999997,0.00046993792,lstm
2020-10-21 08:15:00,0.047999993,0.008149847,lstm
2020-10-21 08:30:00,0.00040000677,-0.001741603,lstm
2020-10-21 08:30:00,0.012999997,0.00076401234,lstm
2020-10-21 08:30:00,0.047999978,0.014452681,lstm
2020-10-21 08:30:00,0.106,0.03893511,lstm
2020-10-21 08:45:00,0.012999997,0.00043442845,lstm
2020-10-21 08:45:00,0.048000008,0.020652607,lstm
2020-10-21 08:45:00,0.10599999,0.054502398,lstm
2020-10-21 08:45:00,0.1808,0.10837506,lstm
2020-10-21 09:00:00,0.047999993,0.020642951,lstm
2020-10-21 09:00:00,0.106,0.058925644,lstm
2020-10-21 09:00:00,0.1808,0.11559927,lstm
2020-10-21 09:00:00,0.2488,0.18723705,lstm
2020-10-21 09:15:00,0.106,0.09121039,lstm
2020-10-21 09:15:00,0.1808,0.14882964,lstm
2020-10-21 09:15:00,0.2488,0.22581668,lstm
2020-10-21 09:15:00,0.3156,0.29613894,lstm
2020-10-21 09:30:00,0.1808,0.16452296,lstm
2020-10-21 09:30:00,0.2488,0.23192899,lstm
2020-10-21 09:30:00,0.3156,0.3076112,lstm
2020-10-21 09:30:00,0.3816,0.3730015,lstm
2020-10-21 09:45:00,0.2488,0.24270324,lstm
2020-10-21 09:45:00,0.3156,0.3099622,lstm
2020-10-21 09:45:00,0.3816,0.37081653,lstm
2020-10-21 09:45:00,0.4398,0.44091332,lstm
2020-10-21 10:00:00,0.3156,0.3068788,lstm
2020-10-21 10:00:00,0.3816,0.3709589,lstm
2020-10-21 10:00:00,0.4398,0.42088154,lstm
2020-10-21 10:00:00,0.49400002,0.49147028,lstm
2020-10-21 10:15:00,0.3816,0.3748039,lstm
2020-10-21 10:15:00,0.4398,0.43388686,lstm
2020-10-21 10:15:00,0.49400002,0.482136,lstm
2020-10-21 10:15:00,0.5414,0.54485303,lstm
2020-10-21 10:30:00,0.43979996,0.4454675,lstm
2020-10-21 10:30:00,0.494,0.4961512,lstm
2020-10-21 10:30:00,0.5414,0.5435524,lstm
2020-10-21 10:30:00,0.5888,0.59247243,lstm
2020-10-21 10:45:00,0.494,0.5156754,lstm
2020-10-21 10:45:00,0.5414,0.557181,lstm
2020-10-21 10:45:00,0.5888,0.6021086,lstm
2020-10-21 10:45:00,0.6264,0.63789755,lstm
2020-10-21 11:00:00,0.5414,0.57545495,lstm
2020-10-21 11:00:00,0.5888001,0.6107323,lstm
2020-10-21 11:00:00,0.6264,0.6512946,lstm
2020-10-21 11:00:00,0.6622,0.68239444,lstm
2020-10-21 11:15:00,0.5888,0.62486744,lstm
2020-10-21 11:15:00,0.6264,0.6575584,lstm
2020-10-21 11:15:00,0.6622,0.69229245,lstm
2020-10-21 11:15:00,0.6942,0.7239236,lstm
2020-10-21 11:30:00,0.6264,0.6692389,lstm
2020-10-21 11:30:00,0.6622,0.7005571,lstm
2020-10-21 11:30:00,0.6942,0.7294363,lstm
2020-10-21 11:30:00,0.7216,0.76330906,lstm
2020-10-21 11:45:00,0.6622,0.70195204,lstm
2020-10-21 11:45:00,0.6941999,0.7321036,lstm
2020-10-21 11:45:00,0.7216,0.755501,lstm
2020-10-21 11:45:00,0.7458,0.7886783,lstm
2020-10-21 12:00:00,0.6942,0.72864634,lstm
2020-10-21 12:00:00,0.72159994,0.75632215,lstm
2020-10-21 12:00:00,0.7458,0.77584755,lstm
2020-10-21 12:00:00,0.7602,0.80724955,lstm
2020-10-21 12:15:00,0.7216,0.7499643,lstm
2020-10-21 12:15:00,0.7458,0.77417827,lstm
2020-10-21 12:15:00,0.76019996,0.79094744,lstm
2020-10-21 12:15:00,0.772,0.8190873,lstm
2020-10-21 12:30:00,0.7458,0.7701278,lstm
2020-10-21 12:30:00,0.7602,0.7892642,lstm
2020-10-21 12:30:00,0.772,0.8038725,lstm
2020-10-21 12:30:00,0.7826,0.828122,lstm
2020-10-21 12:45:00,0.7602,0.7916914,lstm
2020-10-21 12:45:00,0.77199996,0.8038651,lstm
2020-10-21 12:45:00,0.7826,0.81585974,lstm
2020-10-21 12:45:00,0.7916,0.8360224,lstm
2020-10-21 13:00:00,0.7720001,0.80351317,lstm
2020-10-21 13:00:00,0.7825999,0.81016135,lstm
2020-10-21 13:00:00,0.7916,0.81928116,lstm
2020-10-21 13:00:00,0.7922,0.83445835,lstm
2020-10-21 13:15:00,0.7826,0.81108356,lstm
2020-10-21 13:15:00,0.7916,0.8129153,lstm
2020-10-21 13:15:00,0.7922,0.82008123,lstm
2020-10-21 13:15:00,0.7922,0.83218783,lstm
2020-10-21 13:30:00,0.7916,0.815962,lstm
2020-10-21 13:30:00,0.79219997,0.8141768,lstm
2020-10-21 13:30:00,0.7922,0.81985825,lstm
2020-10-21 13:30:00,0.7844,0.82949543,lstm
2020-10-21 13:45:00,0.7922,0.8185893,lstm
2020-10-21 13:45:00,0.79219997,0.8134898,lstm
2020-10-21 13:45:00,0.7844,0.8165511,lstm
2020-10-21 13:45:00,0.7794,0.82318187,lstm
2020-10-21 14:00:00,0.7922,0.81299907,lstm
2020-10-21 14:00:00,0.7844,0.8049872,lstm
2020-10-21 14:00:00,0.7794,0.8042601,lstm
2020-10-21 14:00:00,0.7674,0.8056668,lstm
2020-10-21 14:15:00,0.7844,0.8081103,lstm
2020-10-21 14:15:00,0.7794,0.7959378,lstm
2020-10-21 14:15:00,0.7674,0.7916387,lstm
2020-10-21 14:15:00,0.7526,0.78865427,lstm
2020-10-21 14:30:00,0.7794,0.7929468,lstm
2020-10-21 14:30:00,0.7674,0.7770746,lstm
2020-10-21 14:30:00,0.7526,0.7682021,lstm
2020-10-21 14:30:00,0.7286,0.75869775,lstm
2020-10-21 14:45:00,0.7674,0.7815575,lstm
2020-10-21 14:45:00,0.75259995,0.7577642,lstm
2020-10-21 14:45:00,0.7286,0.7437022,lstm
2020-10-21 14:45:00,0.704,0.7280891,lstm
2020-10-21 15:00:00,0.7526,0.7589724,lstm
2020-10-21 15:00:00,0.7286,0.7268629,lstm
2020-10-21 15:00:00,0.704,0.70775294,lstm
2020-10-21 15:00:00,0.677,0.6842607,lstm
2020-10-21 15:15:00,0.7286,0.7351086,lstm
2020-10-21 15:15:00,0.704,0.6934786,lstm
2020-10-21 15:15:00,0.677,0.66993964,lstm
2020-10-21 15:15:00,0.6434,0.64142174,lstm
2020-10-21 15:30:00,0.704,0.70723516,lstm
2020-10-21 15:30:00,0.677,0.6605736,lstm
2020-10-21 15:30:00,0.6434,0.63148195,lstm
2020-10-21 15:30:00,0.6102,0.6007158,lstm
2020-10-21 15:45:00,0.677,0.68586457,lstm
2020-10-21 15:45:00,0.6434,0.6331397,lstm
2020-10-21 15:45:00,0.6102,0.59610325,lstm
2020-10-21 15:45:00,0.5668,0.5619521,lstm
2020-10-21 16:00:00,0.6434,0.6682613,lstm
2020-10-21 16:00:00,0.6102,0.6107588,lstm
2020-10-21 16:00:00,0.5668,0.56528556,lstm
2020-10-21 16:00:00,0.5246,0.525746,lstm
2020-10-21 16:15:00,0.6102,0.64581144,lstm
2020-10-21 16:15:00,0.5668,0.5838329,lstm
2020-10-21 16:15:00,0.5246,0.5326666,lstm
2020-10-21 16:15:00,0.4796,0.48728025,lstm
2020-10-21 16:30:00,0.5668,0.618294,lstm
2020-10-21 16:30:00,0.5246,0.5505556,lstm
2020-10-21 16:30:00,0.4796,0.4984129,lstm
2020-10-21 16:30:00,0.424,0.45012665,lstm
2020-10-21 16:45:00,0.5246,0.5732826,lstm
2020-10-21 16:45:00,0.4796,0.50100285,lstm
2020-10-21 16:45:00,0.424,0.44824243,lstm
2020-10-21 16:45:00,0.3654,0.39643422,lstm
2020-10-21 17:00:00,0.47959998,0.5267811,lstm
2020-10-21 17:00:00,0.424,0.45007467,lstm
2020-10-21 17:00:00,0.36540002,0.38790196,lstm
2020-10-21 17:00:00,0.2996,0.3286566,lstm
2020-10-21 17:15:00,0.424,0.47701585,lstm
2020-10-21 17:15:00,0.3654,0.39609262,lstm
2020-10-21 17:15:00,0.2996,0.3207131,lstm
2020-10-21 17:15:00,0.2344,0.25354046,lstm
2020-10-21 17:30:00,0.3654,0.41765943,lstm
2020-10-21 17:30:00,0.2996,0.3319459,lstm
2020-10-21 17:30:00,0.2344,0.24968757,lstm
2020-10-21 17:30:00,0.1674,0.18080214,lstm
2020-10-21 17:45:00,0.2996,0.3519344,lstm
2020-10-21 17:45:00,0.2344,0.2623513,lstm
2020-10-21 17:45:00,0.1674,0.18141805,lstm
2020-10-21 17:45:00,0.1026,0.117217176,lstm
2020-10-21 18:00:00,0.2344,0.2728942,lstm
2020-10-21 18:00:00,0.1674,0.18445238,lstm
2020-10-21 18:00:00,0.1026,0.113780044,lstm
2020-10-21 18:00:00,0.0432,0.061359853,lstm
2020-10-21 18:15:00,0.1674,0.19079453,lstm
2020-10-21 18:15:00,0.1026,0.110586144,lstm
2020-10-21 18:15:00,0.0432,0.061547607,lstm
2020-10-21 18:15:00,0.009000003,0.02299121,lstm
2020-10-21 18:30:00,0.1026,0.110637166,lstm
2020-10-21 18:30:00,0.0432,0.05168289,lstm
2020-10-21 18:30:00,0.009000003,0.023401946,lstm
2020-10-21 18:30:00,0.0,0.0048112273,lstm
2020-10-21 18:45:00,0.0432,0.051296473,lstm
2020-10-21 18:45:00,0.009000003,0.01708527,lstm
2020-10-21 18:45:00,0.0,0.0022163242,lstm
2020-10-21 18:45:00,0.0,-0.00047291815,lstm
2020-10-21 19:00:00,0.009000018,0.020785064,lstm
2020-10-21 19:00:00,0.0,0.0020722598,lstm
2020-10-21 19:00:00,0.0,-0.0046049953,lstm
2020-10-21 19:00:00,0.0,-0.0022132993,lstm
2020-10-21 19:15:00,0.0,0.008180395,lstm
2020-10-21 19:15:00,0.0,-0.0023706853,lstm
2020-10-21 19:15:00,0.0,-0.004742205,lstm
2020-10-21 19:15:00,0.0,-0.0016964823,lstm
2020-10-21 19:30:00,0.0,0.0026722252,lstm
2020-10-21 19:30:00,0.0,-0.0032865405,lstm
2020-10-21 19:30:00,0.0,-0.0035348237,lstm
2020-10-21 19:30:00,0.0,-0.00067710876,lstm
2020-10-21 19:45:00,0.0,0.00019568205,lstm
2020-10-21 19:45:00,0.0,-0.003629014,lstm
2020-10-21 19:45:00,0.0,-0.0027538836,lstm
2020-10-21 19:45:00,0.0,-0.00018504262,lstm
2020-10-21 20:00:00,0.0,-0.0010483712,lstm
2020-10-21 20:00:00,0.0,-0.0038456619,lstm
2020-10-21 20:00:00,0.0,-0.0024423748,lstm
2020-10-21 20:00:00,0.0,-6.605685e-05,lstm
2020-10-21 20:15:00,0.0,-0.0016467422,lstm
2020-10-21 20:15:00,0.0,-0.0039514154,lstm
2020-10-21 20:15:00,0.0,-0.0022749305,lstm
2020-10-21 20:15:00,0.0,7.212162e-06,lstm
2020-10-21 20:30:00,0.0,-0.0019553304,lstm
2020-10-21 20:30:00,0.0,-0.00400728,lstm
2020-10-21 20:30:00,0.0,-0.0021748096,lstm
2020-10-21 20:30:00,0.0,6.175041e-05,lstm
2020-10-21 20:45:00,0.0,-0.0021274388,lstm
2020-10-21 20:45:00,0.0,-0.004093319,lstm
2020-10-21 20:45:00,0.0,-0.002233699,lstm
2020-10-21 20:45:00,0.0,6.006658e-05,lstm
2020-10-21 21:00:00,0.0,-0.0022572875,lstm
2020-10-21 21:00:00,0.0,-0.004123628,lstm
2020-10-21 21:00:00,0.0,-0.0022308081,lstm
2020-10-21 21:00:00,0.0,0.0001078248,lstm
2020-10-21 21:15:00,0.0,-0.0023324043,lstm
2020-10-21 21:15:00,0.0,-0.0041228384,lstm
2020-10-21 21:15:00,0.0,-0.0022024214,lstm
2020-10-21 21:15:00,0.0,0.00015594065,lstm
2020-10-21 21:30:00,0.0,-0.0023739785,lstm
2020-10-21 21:30:00,0.0,-0.0041118115,lstm
2020-10-21 21:30:00,0.0,-0.0021689534,lstm
2020-10-21 21:30:00,0.0,0.00019535422,lstm
2020-10-21 21:45:00,0.0,-0.002425298,lstm
2020-10-21 21:45:00,0.0,-0.004162729,lstm
2020-10-21 21:45:00,0.0,-0.0022791624,lstm
2020-10-21 21:45:00,0.0,0.00017304718,lstm
2020-10-21 22:00:00,0.0,-0.0024584234,lstm
2020-10-21 22:00:00,0.0,-0.0041482896,lstm
2020-10-21 22:00:00,0.0,-0.0022713244,lstm
2020-10-21 22:00:00,0.0,0.00022496283,lstm
2020-10-21 22:15:00,0.0,-0.0024790466,lstm
2020-10-21 22:15:00,0.0,-0.0041299313,lstm
2020-10-21 22:15:00,0.0,-0.0022481084,lstm
2020-10-21 22:15:00,0.0,0.0002667755,lstm
2020-10-21 22:30:00,0.0,-0.0024882108,lstm
2020-10-21 22:30:00,0.0,-0.004107386,lstm
2020-10-21 22:30:00,0.0,-0.0022310317,lstm
2020-10-21 22:30:00,0.0,0.00029744208,lstm
2020-10-21 22:45:00,0.0,-0.0025221407,lstm
2020-10-21 22:45:00,0.0,-0.004135072,lstm
2020-10-21 22:45:00,0.0,-0.0023554265,lstm
2020-10-21 22:45:00,0.0,0.0002680868,lstm
2020-10-21 23:00:00,0.0,-0.0025191903,lstm
2020-10-21 23:00:00,0.0,-0.0040968657,lstm
2020-10-21 23:00:00,0.0,-0.0023302883,lstm
2020-10-21 23:00:00,0.0,0.00033339858,lstm
2020-10-21 23:15:00,0.0,-0.0025152415,lstm
2020-10-21 23:15:00,0.0,-0.004065126,lstm
2020-10-21 23:15:00,0.0,-0.0022892654,lstm
2020-10-21 23:15:00,0.0,0.0003812015,lstm
2020-10-21 23:30:00,0.0,-0.0025120974,lstm
2020-10-21 23:30:00,0.0,-0.0040396005,lstm
2020-10-21 23:30:00,0.0,-0.0022587478,lstm
2020-10-21 23:30:00,0.0,0.0004105866,lstm
2020-10-21 23:45:00,0.0,-0.0025511533,lstm
2020-10-21 23:45:00,0.0,-0.004058376,lstm
2020-10-21 23:45:00,0.0,-0.0023587048,lstm
2020-10-21 23:45:00,0.0,0.00037156045,lstm
2020-10-22 00:00:00,0.0,-0.0025421232,lstm
2020-10-22 00:00:00,0.0,-0.0040086955,lstm
2020-10-22 00:00:00,0.0,-0.0023212433,lstm
2020-10-22 00:00:00,0.0,0.0004196316,lstm
2020-10-22 00:15:00,0.0,-0.002533719,lstm
2020-10-22 00:15:00,0.0,-0.0039824545,lstm
2020-10-22 00:15:00,0.0,-0.002304554,lstm
2020-10-22 00:15:00,0.0,0.00044177473,lstm
2020-10-22 00:30:00,0.0,-0.0025253594,lstm
2020-10-22 00:30:00,0.0,-0.003961116,lstm
2020-10-22 00:30:00,0.0,-0.002288863,lstm
2020-10-22 00:30:00,0.0,0.00045980513,lstm
2020-10-22 00:45:00,0.0,-0.0025416017,lstm
2020-10-22 00:45:00,0.0,-0.003963828,lstm
2020-10-22 00:45:00,0.0,-0.0023774505,lstm
2020-10-22 00:45:00,0.0,0.0004106611,lstm
2020-10-22 01:00:00,0.0,-0.0025143921,lstm
2020-10-22 01:00:00,0.0,-0.0039126873,lstm
2020-10-22 01:00:00,0.0,-0.0023346096,lstm
2020-10-22 01:00:00,0.0,0.00044725835,lstm
2020-10-22 01:15:00,0.0,-0.0024919063,lstm
2020-10-22 01:15:00,0.0,-0.00389193,lstm
2020-10-22 01:15:00,0.0,-0.0023214072,lstm
2020-10-22 01:15:00,0.0,0.0004542023,lstm
2020-10-22 01:30:00,0.0,-0.0024733692,lstm
2020-10-22 01:30:00,0.0,-0.003868997,lstm
2020-10-22 01:30:00,0.0,-0.0023236275,lstm
2020-10-22 01:30:00,0.0,0.00045388937,lstm
2020-10-22 01:45:00,0.0,-0.002470851,lstm
2020-10-22 01:45:00,0.0,-0.00385724,lstm
2020-10-22 01:45:00,0.0,-0.002385646,lstm
2020-10-22 01:45:00,0.0,0.00039744377,lstm
2020-10-22 02:00:00,0.0,-0.0024258196,lstm
2020-10-22 02:00:00,0.0,-0.003806129,lstm
2020-10-22 02:00:00,0.0,-0.0023178905,lstm
2020-10-22 02:00:00,0.0,0.0004221946,lstm
2020-10-22 02:15:00,0.0,-0.0023931563,lstm
2020-10-22 02:15:00,0.0,-0.0037808418,lstm
2020-10-22 02:15:00,0.0,-0.0022921115,lstm
2020-10-22 02:15:00,0.0,0.000414446,lstm
2020-10-22 02:30:00,0.0,-0.0023709834,lstm
2020-10-22 02:30:00,0.0,-0.003770575,lstm
2020-10-22 02:30:00,0.0,-0.002281651,lstm
2020-10-22 02:30:00,0.0,0.00040736794,lstm
2020-10-22 02:45:00,0.0,-0.0023753792,lstm
2020-10-22 02:45:00,0.0,-0.00376831,lstm
2020-10-22 02:45:00,0.0,-0.0023434758,lstm
2020-10-22 02:45:00,0.0,0.0003258437,lstm
2020-10-22 03:00:00,0.0,-0.0023349226,lstm
2020-10-22 03:00:00,0.0,-0.0037270486,lstm
2020-10-22 03:00:00,0.0,-0.0023046583,lstm
2020-10-22 03:00:00,0.0,0.00032243133,lstm
2020-10-22 03:15:00,0.0,-0.00230366,lstm
2020-10-22 03:15:00,0.0,-0.003719896,lstm
2020-10-22 03:15:00,0.0,-0.00228931,lstm
2020-10-22 03:15:00,0.0,0.0003080368,lstm
2020-10-22 03:30:00,0.0,-0.002283886,lstm
2020-10-22 03:30:00,0.0,-0.0037241578,lstm
2020-10-22 03:30:00,0.0,-0.0023052692,lstm
2020-10-22 03:30:00,0.0,0.00027549267,lstm
2020-10-22 03:45:00,0.0,-0.0022901595,lstm
2020-10-22 03:45:00,0.0,-0.0037255138,lstm
2020-10-22 03:45:00,0.0,-0.0023464262,lstm
2020-10-22 03:45:00,0.0,0.00019663572,lstm
2020-10-22 04:00:00,0.0,-0.0022592247,lstm
2020-10-22 04:00:00,0.0,-0.0037151128,lstm
2020-10-22 04:00:00,0.0,-0.0023286492,lstm
2020-10-22 04:00:00,0.0,0.00016415119,lstm
2020-10-22 04:15:00,0.0,-0.0022264123,lstm
2020-10-22 04:15:00,0.0,-0.0037269443,lstm
2020-10-22 04:15:00,0.0,-0.0023467243,lstm
2020-10-22 04:15:00,0.0,0.00011830032,lstm
2020-10-22 04:30:00,0.0,-0.0022043139,lstm
2020-10-22 04:30:00,0.0,-0.003746584,lstm
2020-10-22 04:30:00,0.0,-0.002370596,lstm
2020-10-22 04:30:00,0.0,8.004904e-05,lstm
2020-10-22 04:45:00,0.0,-0.0022234768,lstm
2020-10-22 04:45:00,0.0,-0.0037718862,lstm
2020-10-22 04:45:00,0.0,-0.00240314,lstm
2020-10-22 04:45:00,0.0,7.301569e-07,lstm
2020-10-22 05:00:00,0.0,-0.002202943,lstm
2020-10-22 05:00:00,0.0,-0.0037988424,lstm
2020-10-22 05:00:00,0.0,-0.0024156123,lstm
2020-10-22 05:00:00,0.0,-5.827844e-05,lstm
2020-10-22 05:15:00,0.0,-0.0021725,lstm
2020-10-22 05:15:00,0.0,-0.003842011,lstm
2020-10-22 05:15:00,0.0,-0.0024571568,lstm
2020-10-22 05:15:00,0.0,-0.00011731684,lstm
2020-10-22 05:30:00,0.0,-0.0021460503,lstm
2020-10-22 05:30:00,0.0,-0.0038867742,lstm
2020-10-22 05:30:00,0.0,-0.002510026,lstm
2020-10-22 05:30:00,0.0,-0.00017143786,lstm
2020-10-22 05:45:00,0.0,-0.00216873,lstm
2020-10-22 05:45:00,0.0,-0.0039336234,lstm
2020-10-22 05:45:00,0.0,-0.0025307685,lstm
2020-10-22 05:45:00,0.0,-0.00022028387,lstm
2020-10-22 06:00:00,0.0,-0.0021605045,lstm
2020-10-22 06:00:00,0.0,-0.0040030926,lstm
2020-10-22 06:00:00,0.0,-0.0025487095,lstm
2020-10-22 06:00:00,0.0,-0.00025378168,lstm
2020-10-22 06:15:00,0.0,-0.002133593,lstm
2020-10-22 06:15:00,0.0,-0.0040787756,lstm
2020-10-22 06:15:00,0.0,-0.0025990903,lstm
2020-10-22 06:15:00,0.0,-0.0002810359,lstm
2020-10-22 06:30:00,0.0,-0.0021125078,lstm
2020-10-22 06:30:00,0.0,-0.004153684,lstm
2020-10-22 06:30:00,0.0,-0.002645135,lstm
2020-10-22 06:30:00,0.0,-0.00028720498,lstm
2020-10-22 06:45:00,0.0,-0.002138719,lstm
2020-10-22 06:45:00,0.0,-0.0042304248,lstm
2020-10-22 06:45:00,0.0,-0.002626434,lstm
2020-10-22 06:45:00,0.0,-0.00022697449,lstm
2020-10-22 07:00:00,0.0,-0.0021375567,lstm
2020-10-22 07:00:00,0.0,-0.0043370277,lstm
2020-10-22 07:00:00,0.0,-0.0025914758,lstm
2020-10-22 07:00:00,0.0,-0.00010071695,lstm
2020-10-22 07:15:00,0.0,-0.002097845,lstm
2020-10-22 07:15:00,0.0,-0.004448727,lstm
2020-10-22 07:15:00,0.0,-0.0025751889,lstm
2020-10-22 07:15:00,0.0,6.976724e-05,lstm
2020-10-22 07:30:00,0.0,-0.0020294487,lstm
2020-10-22 07:30:00,0.0,-0.004558608,lstm
2020-10-22 07:30:00,0.0,-0.0025339425,lstm
2020-10-22 07:30:00,0.0,0.00034597516,lstm
2020-10-22 07:45:00,0.0,-0.0019683242,lstm
2020-10-22 07:45:00,0.0,-0.0045983642,lstm
2020-10-22 07:45:00,0.0,-0.0022020638,lstm
2020-10-22 07:45:00,0.00059999526,0.0010932535,lstm
2020-10-22 08:00:00,0.0,-0.0018296242,lstm
2020-10-22 08:00:00,0.0,-0.004611239,lstm
2020-10-22 08:00:00,0.00059999526,-0.0015428811,lstm
2020-10-22 08:00:00,0.013400003,0.0027046502,lstm
2020-10-22 08:15:00,0.0,-0.0014581531,lstm
2020-10-22 08:15:00,0.00059999526,-0.004213318,lstm
2020-10-22 08:15:00,0.013400003,0.0005917102,lstm
2020-10-22 08:15:00,0.0536,0.0078086853,lstm
2020-10-22 08:30:00,0.00059999526,-0.0014373064,lstm
2020-10-22 08:30:00,0.013400003,0.00015753508,lstm
2020-10-22 08:30:00,0.0536,0.012538239,lstm
2020-10-22 08:30:00,0.125,0.033958882,lstm
2020-10-22 08:45:00,0.013400003,0.00048220158,lstm
2020-10-22 08:45:00,0.0536,0.019177869,lstm
2020-10-22 08:45:00,0.125,0.051111564,lstm
2020-10-22 08:45:00,0.2036,0.101677045,lstm
2020-10-22 09:00:00,0.0536,0.021447107,lstm
2020-10-22 09:00:00,0.125,0.061256364,lstm
2020-10-22 09:00:00,0.2036,0.11840949,lstm
2020-10-22 09:00:00,0.2776,0.19063036,lstm
2020-10-22 09:15:00,0.125,0.10271674,lstm
2020-10-22 09:15:00,0.2036,0.16396126,lstm
2020-10-22 09:15:00,0.2776,0.24478611,lstm
2020-10-22 09:15:00,0.3456,0.31681916,lstm
2020-10-22 09:30:00,0.2036,0.18980807,lstm
2020-10-22 09:30:00,0.2776,0.2597997,lstm
2020-10-22 09:30:00,0.3456,0.33643407,lstm
2020-10-22 09:30:00,0.4092,0.40479442,lstm
2020-10-22 09:45:00,0.2776,0.26427865,lstm
2020-10-22 09:45:00,0.3456,0.33182254,lstm
2020-10-22 09:45:00,0.4092,0.3895648,lstm
2020-10-22 09:45:00,0.4644,0.462498,lstm
2020-10-22 10:00:00,0.3456,0.33486837,lstm
2020-10-22 10:00:00,0.4092,0.39796072,lstm
2020-10-22 10:00:00,0.4644,0.4472394,lstm
2020-10-22 10:00:00,0.46920002,0.5173081,lstm
2020-10-22 10:15:00,0.4092,0.40434545,lstm
2020-10-22 10:15:00,0.4644,0.461648,lstm
2020-10-22 10:15:00,0.46920002,0.51010287,lstm
2020-10-22 10:15:00,0.5654,0.5688528,lstm
2020-10-22 10:30:00,0.4644,0.47425023,lstm
2020-10-22 10:30:00,0.46919996,0.5222877,lstm
2020-10-22 10:30:00,0.5654,0.56921494,lstm
2020-10-22 10:30:00,0.608,0.61287093,lstm
2020-10-22 10:45:00,0.4692,0.54054284,lstm
2020-10-22 10:45:00,0.5654,0.57999134,lstm
2020-10-22 10:45:00,0.608,0.62375337,lstm
2020-10-22 10:45:00,0.648,0.65674764,lstm
2020-10-22 11:00:00,0.5654,0.5628784,lstm
2020-10-22 11:00:00,0.608,0.5995512,lstm
2020-10-22 11:00:00,0.648,0.6352123,lstm
2020-10-22 11:00:00,0.6834,0.6606668,lstm
2020-10-22 11:15:00,0.608,0.650299,lstm
2020-10-22 11:15:00,0.648,0.6783117,lstm
2020-10-22 11:15:00,0.6834,0.7113702,lstm
2020-10-22 11:15:00,0.7142,0.7472064,lstm
2020-10-22 11:30:00,0.648,0.6825175,lstm
2020-10-22 11:30:00,0.6834,0.7150656,lstm
2020-10-22 11:30:00,0.7142,0.7421203,lstm
2020-10-22 11:30:00,0.7402,0.7767905,lstm
2020-10-22 11:45:00,0.6834,0.71796435,lstm
2020-10-22 11:45:00,0.7142,0.7481595,lstm
2020-10-22 11:45:00,0.7402,0.77070487,lstm
2020-10-22 11:45:00,0.764,0.805787,lstm
2020-10-22 12:00:00,0.7142,0.7450586,lstm
2020-10-22 12:00:00,0.7401999,0.77254605,lstm
2020-10-22 12:00:00,0.764,0.79166436,lstm
2020-10-22 12:00:00,0.783,0.8238275,lstm
2020-10-22 12:15:00,0.7402,0.7666913,lstm
2020-10-22 12:15:00,0.76399994,0.78970635,lstm
2020-10-22 12:15:00,0.783,0.8060448,lstm
2020-10-22 12:15:00,0.797,0.83409613,lstm
2020-10-22 12:30:00,0.764,0.78678036,lstm
2020-10-22 12:30:00,0.783,0.8038107,lstm
2020-10-22 12:30:00,0.797,0.8177801,lstm
2020-10-22 12:30:00,0.8068,0.8411092,lstm
2020-10-22 12:45:00,0.783,0.8083322,lstm
2020-10-22 12:45:00,0.79699993,0.8177427,lstm
2020-10-22 12:45:00,0.8068,0.8289774,lstm
2020-10-22 12:45:00,0.8092,0.8476873,lstm
2020-10-22 13:00:00,0.797,0.8225136,lstm
2020-10-22 13:00:00,0.8068,0.8260261,lstm
2020-10-22 13:00:00,0.8092,0.8347829,lstm
2020-10-22 13:00:00,0.8076001,0.84881556,lstm
2020-10-22 13:15:00,0.8068,0.82935005,lstm
2020-10-22 13:15:00,0.8091999,0.82869315,lstm
2020-10-22 13:15:00,0.8076,0.83550745,lstm
2020-10-22 13:15:00,0.8044,0.84593725,lstm
2020-10-22 13:30:00,0.8092,0.8313269,lstm
2020-10-22 13:30:00,0.8076,0.827826,lstm
2020-10-22 13:30:00,0.80439997,0.8329372,lstm
2020-10-22 13:30:00,0.7974,0.84056526,lstm
2020-10-22 13:45:00,0.8076,0.8284935,lstm
2020-10-22 13:45:00,0.80439997,0.82201326,lstm
2020-10-22 13:45:00,0.7974,0.8236074,lstm
2020-10-22 13:45:00,0.7856,0.8272117,lstm
2020-10-22 14:00:00,0.8044,0.82247895,lstm
2020-10-22 14:00:00,0.7974,0.81260514,lstm
2020-10-22 14:00:00,0.7856,0.8104567,lstm
2020-10-22 14:00:00,0.7738,0.8098118,lstm
2020-10-22 14:15:00,0.7974,0.81522226,lstm
2020-10-22 14:15:00,0.78559995,0.801937,lstm
2020-10-22 14:15:00,0.7738,0.79604983,lstm
2020-10-22 14:15:00,0.7612,0.7912985,lstm
2020-10-22 14:30:00,0.7856,0.80320126,lstm
2020-10-22 14:30:00,0.7738,0.78674006,lstm
2020-10-22 14:30:00,0.7612,0.7769337,lstm
2020-10-22 14:30:00,0.7434,0.7672131,lstm
2020-10-22 14:45:00,0.7738001,0.78230596,lstm
2020-10-22 14:45:00,0.76119995,0.76002777,lstm
2020-10-22 14:45:00,0.7434,0.7457199,lstm
2020-10-22 14:45:00,0.7258,0.72782445,lstm
2020-10-22 15:00:00,0.7612,0.76847315,lstm
2020-10-22 15:00:00,0.7434,0.73250294,lstm
2020-10-22 15:00:00,0.7258,0.7129135,lstm
2020-10-22 15:00:00,0.7046,0.6876604,lstm
2020-10-22 15:15:00,0.7434,0.7480824,lstm
2020-10-22 15:15:00,0.7257999,0.7062266,lstm
2020-10-22 15:15:00,0.7046,0.6836784,lstm
2020-10-22 15:15:00,0.675,0.6563983,lstm
2020-10-22 15:30:00,0.7258,0.726257,lstm
2020-10-22 15:30:00,0.7046,0.67821276,lstm
2020-10-22 15:30:00,0.67499995,0.65098214,lstm
2020-10-22 15:30:00,0.64,0.6220436,lstm
2020-10-22 15:45:00,0.7046,0.70607173,lstm
2020-10-22 15:45:00,0.675,0.6518961,lstm
2020-10-22 15:45:00,0.64,0.6187602,lstm
2020-10-22 15:45:00,0.6042,0.58759874,lstm
2020-10-22 16:00:00,0.675,0.6825192,lstm
2020-10-22 16:00:00,0.64,0.6249192,lstm
2020-10-22 16:00:00,0.6042,0.5844156,lstm
2020-10-22 16:00:00,0.5632,0.5489889,lstm
2020-10-22 16:15:00,0.64,0.6533035,lstm
2020-10-22 16:15:00,0.6042,0.5941668,lstm
2020-10-22 16:15:00,0.5632,0.5461955,lstm
2020-10-22 16:15:00,0.5132,0.50382847,lstm
2020-10-22 16:30:00,0.6042,0.6199219,lstm
2020-10-22 16:30:00,0.5632,0.55767107,lstm
2020-10-22 16:30:00,0.5132,0.50532067,lstm
2020-10-22 16:30:00,0.4612,0.4569738,lstm
2020-10-22 16:45:00,0.5632,0.5774878,lstm
2020-10-22 16:45:00,0.5132,0.5109691,lstm
2020-10-22 16:45:00,0.4612,0.45792276,lstm
2020-10-22 16:45:00,0.4028,0.40684143,lstm
2020-10-22 17:00:00,0.5132,0.5267848,lstm
2020-10-22 17:00:00,0.4612,0.45793766,lstm
2020-10-22 17:00:00,0.4028,0.40077618,lstm
2020-10-22 17:00:00,0.338,0.34688354,lstm
2020-10-22 17:15:00,0.4612,0.48201904,lstm
2020-10-22 17:15:00,0.4028,0.40844327,lstm
2020-10-22 17:15:00,0.338,0.34039,lstm
2020-10-22 17:15:00,0.268,0.28260803,lstm
2020-10-22 17:30:00,0.4028,0.43834758,lstm
2020-10-22 17:30:00,0.338,0.36004633,lstm
2020-10-22 17:30:00,0.268,0.28636423,lstm
2020-10-22 17:30:00,0.1978,0.22707884,lstm
2020-10-22 17:45:00,0.338,0.3849823,lstm
2020-10-22 17:45:00,0.268,0.30401736,lstm
2020-10-22 17:45:00,0.1978,0.23027806,lstm
2020-10-22 17:45:00,0.12099999,0.16996881,lstm
2020-10-22 18:00:00,0.268,0.31758893,lstm
2020-10-22 18:00:00,0.1978,0.23580348,lstm
2020-10-22 18:00:00,0.121,0.16544189,lstm
2020-10-22 18:00:00,0.046800002,0.11085861,lstm
2020-10-22 18:15:00,0.1978,0.23831236,lstm
2020-10-22 18:15:00,0.121,0.158629,lstm
2020-10-22 18:15:00,0.046800002,0.10184952,lstm
2020-10-22 18:15:00,0.008599997,0.05761619,lstm
2020-10-22 18:30:00,0.121,0.15706465,lstm
2020-10-22 18:30:00,0.046800002,0.08817485,lstm
2020-10-22 18:30:00,0.008599997,0.05260104,lstm
2020-10-22 18:30:00,0.0,0.02259186,lstm
2020-10-22 18:45:00,0.046800017,0.08082186,lstm
2020-10-22 18:45:00,0.008599997,0.036184818,lstm
2020-10-22 18:45:00,0.0,0.016414255,lstm
2020-10-22 18:45:00,0.0,0.0055022836,lstm
2020-10-22 19:00:00,0.008599997,0.034097463,lstm
2020-10-22 19:00:00,0.0,0.0091012865,lstm
2020-10-22 19:00:00,0.0,-0.0009261817,lstm
2020-10-22 19:00:00,0.0,-0.0006970912,lstm
2020-10-22 19:15:00,0.0,0.014062792,lstm
2020-10-22 19:15:00,0.0,-3.8668513e-05,lstm
2020-10-22 19:15:00,0.0,-0.004264787,lstm
2020-10-22 19:15:00,0.0,-0.0014875829,lstm
2020-10-22 19:30:00,0.0,0.005074233,lstm
2020-10-22 19:30:00,0.0,-0.0025928468,lstm
2020-10-22 19:30:00,0.0,-0.003735438,lstm
2020-10-22 19:30:00,0.0,-0.00059612095,lstm
2020-10-22 19:45:00,0.0,0.0011449456,lstm
2020-10-22 19:45:00,0.0,-0.0034662783,lstm
2020-10-22 19:45:00,0.0,-0.0030469298,lstm
2020-10-22 19:45:00,0.0,-0.00013592839,lstm
2020-10-22 20:00:00,0.0,-0.0006891638,lstm
2020-10-22 20:00:00,0.0,-0.0038772076,lstm
2020-10-22 20:00:00,0.0,-0.0027438998,lstm
2020-10-22 20:00:00,0.0,-6.7681074e-05,lstm
2020-10-22 20:15:00,0.0,-0.0015169978,lstm
2020-10-22 20:15:00,0.0,-0.004060015,lstm
2020-10-22 20:15:00,0.0,-0.0025710016,lstm
2020-10-22 20:15:00,0.0,-2.5689602e-05,lstm
2020-10-22 20:30:00,0.0,-0.0019125491,lstm
2020-10-22 20:30:00,0.0,-0.0041431785,lstm
2020-10-22 20:30:00,0.0,-0.0024610013,lstm
2020-10-22 20:30:00,0.0,1.4618039e-05,lstm
2020-10-22 20:45:00,0.0,-0.0021231174,lstm
2020-10-22 20:45:00,0.0,-0.004240215,lstm
2020-10-22 20:45:00,0.0,-0.002503693,lstm
2020-10-22 20:45:00,0.0,1.2367964e-05,lstm
2020-10-22 21:00:00,0.0,-0.0022649616,lstm
2020-10-22 21:00:00,0.0,-0.004277721,lstm
2020-10-22 21:00:00,0.0,-0.0025008172,lstm
2020-10-22 21:00:00,0.0,5.2154064e-05,lstm
2020-10-22 21:15:00,0.0,-0.0023406148,lstm
2020-10-22 21:15:00,0.0,-0.0042854697,lstm
2020-10-22 21:15:00,0.0,-0.002475202,lstm
2020-10-22 21:15:00,0.0,9.0420246e-05,lstm
2020-10-22 21:30:00,0.0,-0.0023865104,lstm
2020-10-22 21:30:00,0.0,-0.0042787194,lstm
2020-10-22 21:30:00,0.0,-0.0024453998,lstm
2020-10-22 21:30:00,0.0,0.00012430549,lstm
2020-10-22 21:45:00,0.0,-0.0024334788,lstm
2020-10-22 21:45:00,0.0,-0.0043213964,lstm
2020-10-22 21:45:00,0.0,-0.0025409162,lstm
2020-10-22 21:45:00,0.0,0.000108510256,lstm
2020-10-22 22:00:00,0.0,-0.002469346,lstm
2020-10-22 22:00:00,0.0,-0.004308164,lstm
2020-10-22 22:00:00,0.0,-0.0025349557,lstm
2020-10-22 22:00:00,0.0,0.00015610456,lstm
2020-10-22 22:15:00,0.0,-0.0024892837,lstm
2020-10-22 22:15:00,0.0,-0.004288152,lstm
2020-10-22 22:15:00,0.0,-0.0025141388,lstm
2020-10-22 22:15:00,0.0,0.00019720197,lstm
2020-10-22 22:30:00,0.0,-0.002496928,lstm
2020-10-22 22:30:00,0.0,-0.0042632073,lstm
2020-10-22 22:30:00,0.0,-0.0024852753,lstm
2020-10-22 22:30:00,0.0,0.0002322644,lstm
2020-10-22 22:45:00,0.0,-0.00252752,lstm
2020-10-22 22:45:00,0.0,-0.0042835474,lstm
2020-10-22 22:45:00,0.0,-0.0025847703,lstm
2020-10-22 22:45:00,0.0,0.00020673871,lstm
2020-10-22 23:00:00,0.0,-0.0025316775,lstm
2020-10-22 23:00:00,0.0,-0.004248515,lstm
2020-10-22 23:00:00,0.0,-0.002562493,lstm
2020-10-22 23:00:00,0.0,0.00025957823,lstm
2020-10-22 23:15:00,0.0,-0.0025328547,lstm
2020-10-22 23:15:00,0.0,-0.0042244047,lstm
2020-10-22 23:15:00,0.0,-0.0025443882,lstm
2020-10-22 23:15:00,0.0,0.00029149652,lstm
2020-10-22 23:30:00,0.0,-0.0025327355,lstm
2020-10-22 23:30:00,0.0,-0.0041972846,lstm
2020-10-22 23:30:00,0.0,-0.0025204122,lstm
2020-10-22 23:30:00,0.0,0.00032240152,lstm
2020-10-22 23:45:00,0.0,-0.0025537163,lstm
2020-10-22 23:45:00,0.0,-0.004200116,lstm
2020-10-22 23:45:00,0.0,-0.0026080757,lstm
2020-10-22 23:45:00,0.0,0.00028893352,lstm
2020-10-23 00:00:00,0.0,-0.002538845,lstm
2020-10-23 00:00:00,0.0,-0.0041522384,lstm
2020-10-23 00:00:00,0.0,-0.0025708824,lstm
2020-10-23 00:00:00,0.0,0.00033557415,lstm
2020-10-23 00:15:00,0.0,-0.002521798,lstm
2020-10-23 00:15:00,0.0,-0.004110083,lstm
2020-10-23 00:15:00,0.0,-0.002545908,lstm
2020-10-23 00:15:00,0.0,0.00035826862,lstm
2020-10-23 00:30:00,0.0,-0.0025006235,lstm
2020-10-23 00:30:00,0.0,-0.0040839016,lstm
2020-10-23 00:30:00,0.0,-0.0025098026,lstm
2020-10-23 00:30:00,0.0,0.00039087236,lstm
2020-10-23 00:45:00,0.0,-0.0024967343,lstm
2020-10-23 00:45:00,0.0,-0.0040602386,lstm
2020-10-23 00:45:00,0.0,-0.0025586188,lstm
2020-10-23 00:45:00,0.0,0.0003565699,lstm
2020-10-23 01:00:00,0.0,-0.00246422,lstm
2020-10-23 01:00:00,0.0,-0.0039950013,lstm
2020-10-23 01:00:00,0.0,-0.0024974793,lstm
2020-10-23 01:00:00,0.0,0.0004016757,lstm
2020-10-23 01:15:00,0.0,-0.0024382174,lstm
2020-10-23 01:15:00,0.0,-0.0039595515,lstm
2020-10-23 01:15:00,0.0,-0.0024541914,lstm
2020-10-23 01:15:00,0.0,0.00042811036,lstm
2020-10-23 01:30:00,0.0,-0.0024234504,lstm
2020-10-23 01:30:00,0.0,-0.0039485246,lstm
2020-10-23 01:30:00,0.0,-0.0024324954,lstm
2020-10-23 01:30:00,0.0,0.00043784082,lstm
2020-10-23 01:45:00,0.0,-0.0024281293,lstm
2020-10-23 01:45:00,0.0,-0.0039288998,lstm
2020-10-23 01:45:00,0.0,-0.0025081933,lstm
2020-10-23 01:45:00,0.0,0.0003632009,lstm
2020-10-23 02:00:00,0.0,-0.0023857206,lstm
2020-10-23 02:00:00,0.0,-0.0038746,lstm
2020-10-23 02:00:00,0.0,-0.002467662,lstm
2020-10-23 02:00:00,0.0,0.00038686395,lstm
2020-10-23 02:15:00,0.0,-0.002347663,lstm
2020-10-23 02:15:00,0.0,-0.0038391948,lstm
2020-10-23 02:15:00,0.0,-0.0024347007,lstm
2020-10-23 02:15:00,0.0,0.000395298,lstm
2020-10-23 02:30:00,0.0,-0.002319485,lstm
2020-10-23 02:30:00,0.0,-0.0038275123,lstm
2020-10-23 02:30:00,0.0,-0.002414748,lstm
2020-10-23 02:30:00,0.0,0.00039829314,lstm
2020-10-23 02:45:00,0.0,-0.0023165643,lstm
2020-10-23 02:45:00,0.0,-0.003806889,lstm
2020-10-23 02:45:00,0.0,-0.0024602413,lstm
2020-10-23 02:45:00,0.0,0.00032909214,lstm
2020-10-23 03:00:00,0.0,-0.0022690743,lstm
2020-10-23 03:00:00,0.0,-0.0037582517,lstm
2020-10-23 03:00:00,0.0,-0.002422914,lstm
2020-10-23 03:00:00,0.0,0.00033028424,lstm
2020-10-23 03:15:00,0.0,-0.0022279024,lstm
2020-10-23 03:15:00,0.0,-0.0037386566,lstm
2020-10-23 03:15:00,0.0,-0.0024105906,lstm
2020-10-23 03:15:00,0.0,0.00032021105,lstm
2020-10-23 03:30:00,0.0,-0.0021989048,lstm
2020-10-23 03:30:00,0.0,-0.00373286,lstm
2020-10-23 03:30:00,0.0,-0.002407506,lstm
2020-10-23 03:30:00,0.0,0.00030870736,lstm
2020-10-23 03:45:00,0.0,-0.0021945685,lstm
2020-10-23 03:45:00,0.0,-0.003717512,lstm
2020-10-23 03:45:00,0.0,-0.0024437308,lstm
2020-10-23 03:45:00,0.0,0.00024037063,lstm
2020-10-23 04:00:00,0.0,-0.0021544248,lstm
2020-10-23 04:00:00,0.0,-0.0036870092,lstm
2020-10-23 04:00:00,0.0,-0.0024062395,lstm
2020-10-23 04:00:00,0.0,0.0002361834,lstm
2020-10-23 04:15:00,0.0,-0.0021214485,lstm
2020-10-23 04:15:00,0.0,-0.0036930293,lstm
2020-10-23 04:15:00,0.0,-0.0024199784,lstm
2020-10-23 04:15:00,0.0,0.00020560622,lstm
2020-10-23 04:30:00,0.0,-0.0020974427,lstm
2020-10-23 04:30:00,0.0,-0.0037061572,lstm
2020-10-23 04:30:00,0.0,-0.00244537,lstm
2020-10-23 04:30:00,0.0,0.00017409027,lstm
2020-10-23 04:45:00,0.0,-0.0020996034,lstm
2020-10-23 04:45:00,0.0,-0.0037045628,lstm
2020-10-23 04:45:00,0.0,-0.0024790913,lstm
2020-10-23 04:45:00,0.0,0.0001026541,lstm
2020-10-23 05:00:00,0.0,-0.0020534545,lstm
2020-10-23 05:00:00,0.0,-0.0037035495,lstm
2020-10-23 05:00:00,0.0,-0.0024761707,lstm
2020-10-23 05:00:00,0.0,7.18534e-05,lstm
2020-10-23 05:15:00,0.0,-0.0020118803,lstm
2020-10-23 05:15:00,0.0,-0.003724873,lstm
2020-10-23 05:15:00,0.0,-0.0024875998,lstm
2020-10-23 05:15:00,0.0,5.184114e-05,lstm
2020-10-23 05:30:00,0.0,-0.0019824207,lstm
2020-10-23 05:30:00,0.0,-0.003758356,lstm
2020-10-23 05:30:00,0.0,-0.002522707,lstm
2020-10-23 05:30:00,0.0,1.3917685e-05,lstm
2020-10-23 05:45:00,0.0,-0.0020001084,lstm
2020-10-23 05:45:00,0.0,-0.0037857294,lstm
2020-10-23 05:45:00,0.0,-0.0025390685,lstm
2020-10-23 05:45:00,0.0,-2.0831823e-05,lstm
2020-10-23 06:00:00,0.0,-0.001982987,lstm
2020-10-23 06:00:00,0.0,-0.0038318783,lstm
2020-10-23 06:00:00,0.0,-0.0025392026,lstm
2020-10-23 06:00:00,0.0,-2.2113323e-05,lstm
2020-10-23 06:15:00,0.0,-0.0019572675,lstm
2020-10-23 06:15:00,0.0,-0.0038933903,lstm
2020-10-23 06:15:00,0.0,-0.0025726557,lstm
2020-10-23 06:15:00,0.0,-2.5868416e-05,lstm
2020-10-23 06:30:00,0.0,-0.0019297153,lstm
2020-10-23 06:30:00,0.0,-0.003962025,lstm
2020-10-23 06:30:00,0.0,-0.0026177764,lstm
2020-10-23 06:30:00,0.0,-3.223121e-05,lstm
2020-10-23 06:45:00,0.0,-0.001954481,lstm
2020-10-23 06:45:00,0.0,-0.0040222704,lstm
2020-10-23 06:45:00,0.0,-0.0025829822,lstm
2020-10-23 06:45:00,0.0,5.9843063e-05,lstm
2020-10-23 07:00:00,0.0,-0.0019430518,lstm
2020-10-23 07:00:00,0.0,-0.0041131526,lstm
2020-10-23 07:00:00,0.0,-0.0025368184,lstm
2020-10-23 07:00:00,0.0,0.0002040416,lstm
2020-10-23 07:15:00,0.0,-0.0019039363,lstm
2020-10-23 07:15:00,0.0,-0.004201174,lstm
2020-10-23 07:15:00,0.0,-0.0025011003,lstm
2020-10-23 07:15:00,0.0,0.00042295456,lstm
2020-10-23 07:30:00,0.0,-0.0018364042,lstm
2020-10-23 07:30:00,0.0,-0.004281506,lstm
2020-10-23 07:30:00,0.0,-0.002412483,lstm
2020-10-23 07:30:00,0.0,0.0007609576,lstm
2020-10-23 07:45:00,0.0,-0.0017750263,lstm
2020-10-23 07:45:00,0.0,-0.0042847693,lstm
2020-10-23 07:45:00,0.0,-0.0020607412,lstm
2020-10-23 07:45:00,0.00020000339,0.0015667528,lstm
2020-10-23 08:00:00,0.0,-0.00161165,lstm
2020-10-23 08:00:00,0.0,-0.0042322725,lstm
2020-10-23 08:00:00,0.00020000339,-0.001376763,lstm
2020-10-23 08:00:00,0.009000003,0.0032012165,lstm
2020-10-23 08:15:00,0.0,-0.0012763441,lstm
2020-10-23 08:15:00,0.00020000339,-0.0037977546,lstm
2020-10-23 08:15:00,0.009000003,0.0005187839,lstm
2020-10-23 08:15:00,0.024800003,0.0077701807,lstm
2020-10-23 08:30:00,0.00020000339,-0.0011366606,lstm
2020-10-23 08:30:00,0.009000003,0.00017619133,lstm
2020-10-23 08:30:00,0.024800003,0.010755822,lstm
2020-10-23 08:30:00,0.039800003,0.029582083,lstm
2020-10-23 08:45:00,0.009000018,3.5896897e-05,lstm
2020-10-23 08:45:00,0.024800003,0.015188128,lstm
2020-10-23 08:45:00,0.039800003,0.041721463,lstm
2020-10-23 08:45:00,0.063999996,0.0853556,lstm
2020-10-23 09:00:00,0.024800003,0.014855668,lstm
2020-10-23 09:00:00,0.039800003,0.05010201,lstm
2020-10-23 09:00:00,0.063999996,0.10065732,lstm
2020-10-23 09:00:00,0.0726,0.16773997,lstm
2020-10-23 09:15:00,0.039800003,0.05350323,lstm
2020-10-23 09:15:00,0.06400001,0.10590267,lstm
2020-10-23 09:15:00,0.0726,0.17378396,lstm
2020-10-23 09:15:00,0.080400005,0.24326888,lstm
2020-10-23 09:30:00,0.06400001,0.072310604,lstm
2020-10-23 09:30:00,0.0726,0.13078061,lstm
2020-10-23 09:30:00,0.0804,0.19497591,lstm
2020-10-23 09:30:00,0.1192,0.2555061,lstm
2020-10-23 09:45:00,0.0726,0.10652562,lstm
2020-10-23 09:45:00,0.0804,0.1703984,lstm
2020-10-23 09:45:00,0.1192,0.23122147,lstm
2020-10-23 09:45:00,0.2518,0.2872735,lstm
2020-10-23 10:00:00,0.0804,0.113110736,lstm
2020-10-23 10:00:00,0.1192,0.17541768,lstm
2020-10-23 10:00:00,0.2518,0.22537126,lstm
2020-10-23 10:00:00,0.46600002,0.27590507,lstm
2020-10-23 10:15:00,0.1192,0.12025412,lstm
2020-10-23 10:15:00,0.2518,0.17848212,lstm
2020-10-23 10:15:00,0.46600002,0.22131917,lstm
2020-10-23 10:15:00,0.27,0.2661799,lstm
2020-10-23 10:30:00,0.2518,0.17242563,lstm
2020-10-23 10:30:00,0.466,0.22986461,lstm
2020-10-23 10:30:00,0.27,0.2706263,lstm
2020-10-23 10:30:00,0.3276,0.31280577,lstm
2020-10-23 10:45:00,0.466,0.2938188,lstm
2020-10-23 10:45:00,0.27,0.33860308,lstm
2020-10-23 10:45:00,0.3276,0.37329102,lstm
2020-10-23 10:45:00,0.641,0.41620034,lstm
2020-10-23 11:00:00,0.27,0.41315648,lstm
2020-10-23 11:00:00,0.3276,0.4349156,lstm
2020-10-23 11:00:00,0.641,0.4620896,lstm
2020-10-23 11:00:00,0.559,0.49831557,lstm
2020-10-23 11:15:00,0.3276,0.32121712,lstm
2020-10-23 11:15:00,0.641,0.37752223,lstm
2020-10-23 11:15:00,0.559,0.40510082,lstm
2020-10-23 11:15:00,0.5162,0.4286775,lstm
2020-10-23 11:30:00,0.64100003,0.37859905,lstm
2020-10-23 11:30:00,0.559,0.41423887,lstm
2020-10-23 11:30:00,0.5162,0.43753338,lstm
2020-10-23 11:30:00,0.5218,0.46557736,lstm
2020-10-23 11:45:00,0.559,0.56125176,lstm
2020-10-23 11:45:00,0.5162,0.5635301,lstm
2020-10-23 11:45:00,0.5218,0.57303554,lstm
2020-10-23 11:45:00,0.5314,0.59726524,lstm
2020-10-23 12:00:00,0.5162,0.5311466,lstm
2020-10-23 12:00:00,0.5218,0.554193,lstm
2020-10-23 12:00:00,0.5314,0.5598129,lstm
2020-10-23 12:00:00,0.2834,0.5715881,lstm
2020-10-23 12:15:00,0.5218,0.5300762,lstm
2020-10-23 12:15:00,0.5314,0.5527482,lstm
2020-10-23 12:15:00,0.2834,0.55428463,lstm
2020-10-23 12:15:00,0.294,0.5666937,lstm
2020-10-23 12:30:00,0.5314,0.53686947,lstm
2020-10-23 12:30:00,0.2834,0.5563309,lstm
2020-10-23 12:30:00,0.294,0.5583639,lstm
2020-10-23 12:30:00,0.1424,0.57227045,lstm
2020-10-23 12:45:00,0.2834,0.54094017,lstm
2020-10-23 12:45:00,0.294,0.5575125,lstm
2020-10-23 12:45:00,0.1424,0.5604709,lstm
2020-10-23 12:45:00,0.1462,0.57262206,lstm
2020-10-23 13:00:00,0.294,0.3998723,lstm
2020-10-23 13:00:00,0.1424,0.4657313,lstm
2020-10-23 13:00:00,0.1462,0.476188,lstm
2020-10-23 13:00:00,0.1658,0.4863215,lstm
2020-10-23 13:15:00,0.1424,0.3970414,lstm
2020-10-23 13:15:00,0.1462,0.4522873,lstm
2020-10-23 13:15:00,0.1658,0.46363986,lstm
2020-10-23 13:15:00,0.291,0.47464806,lstm
2020-10-23 13:30:00,0.1462,0.26996115,lstm
2020-10-23 13:30:00,0.1658,0.3351341,lstm
2020-10-23 13:30:00,0.291,0.35160726,lstm
2020-10-23 13:30:00,0.44740003,0.35854226,lstm
2020-10-23 13:45:00,0.1658,0.24355972,lstm
2020-10-23 13:45:00,0.291,0.2803968,lstm
2020-10-23 13:45:00,0.44740003,0.30967015,lstm
2020-10-23 13:45:00,0.49220002,0.31156343,lstm
2020-10-23 14:00:00,0.291,0.2463646,lstm
2020-10-23 14:00:00,0.4474,0.2696096,lstm
2020-10-23 14:00:00,0.49220002,0.2952331,lstm
2020-10-23 14:00:00,0.5454,0.2922421,lstm
2020-10-23 14:15:00,0.4474,0.33327052,lstm
2020-10-23 14:15:00,0.49219996,0.32617188,lstm
2020-10-23 14:15:00,0.5454,0.33354664,lstm
2020-10-23 14:15:00,0.6688,0.32071906,lstm
2020-10-23 14:30:00,0.4922,0.43174684,lstm
2020-10-23 14:30:00,0.5454,0.38563642,lstm
2020-10-23 14:30:00,0.6688,0.37133127,lstm
2020-10-23 14:30:00,0.7676,0.35181755,lstm
2020-10-23 14:45:00,0.5454,0.4975337,lstm
2020-10-23 14:45:00,0.6688,0.45188472,lstm
2020-10-23 14:45:00,0.7676,0.4315809,lstm
2020-10-23 14:45:00,0.6562,0.4192127,lstm
2020-10-23 15:00:00,0.6688,0.5221517,lstm
2020-10-23 15:00:00,0.76759994,0.4839469,lstm
2020-10-23 15:00:00,0.6562,0.4644503,lstm
2020-10-23 15:00:00,0.4274,0.45503372,lstm
2020-10-23 15:15:00,0.7676,0.60937417,lstm
2020-10-23 15:15:00,0.6562,0.5505574,lstm
2020-10-23 15:15:00,0.4274,0.50892544,lstm
2020-10-23 15:15:00,0.363,0.48661166,lstm
2020-10-23 15:30:00,0.6562,0.64989424,lstm
2020-10-23 15:30:00,0.4274,0.58744156,lstm
2020-10-23 15:30:00,0.363,0.5413919,lstm
2020-10-23 15:30:00,0.379,0.5163911,lstm
2020-10-23 15:45:00,0.4274,0.5284935,lstm
2020-10-23 15:45:00,0.36299998,0.50754637,lstm
2020-10-23 15:45:00,0.379,0.4811141,lstm
2020-10-23 15:45:00,0.3168,0.44722384,lstm
2020-10-23 16:00:00,0.363,0.4024464,lstm
2020-10-23 16:00:00,0.379,0.4246098,lstm
2020-10-23 16:00:00,0.3168,0.40692183,lstm
2020-10-23 16:00:00,0.442,0.37944704,lstm
2020-10-23 16:15:00,0.379,0.34629163,lstm
2020-10-23 16:15:00,0.3168,0.35451984,lstm
2020-10-23 16:15:00,0.442,0.33465454,lstm
2020-10-23 16:15:00,0.5052,0.30693945,lstm
2020-10-23 16:30:00,0.3168,0.3883196,lstm
2020-10-23 16:30:00,0.442,0.3552137,lstm
2020-10-23 16:30:00,0.5052,0.31747004,lstm
2020-10-23 16:30:00,0.4224,0.2839648,lstm
2020-10-23 16:45:00,0.442,0.30977634,lstm
2020-10-23 16:45:00,0.5052,0.2789163,lstm
2020-10-23 16:45:00,0.4224,0.2343432,lstm
2020-10-23 16:45:00,0.3326,0.19631119,lstm
2020-10-23 17:00:00,0.5052,0.36495805,lstm
2020-10-23 17:00:00,0.4224,0.2925164,lstm
2020-10-23 17:00:00,0.3326,0.22305779,lstm
2020-10-23 17:00:00,0.2886,0.17128861,lstm
2020-10-23 17:15:00,0.4224,0.327753,lstm
2020-10-23 17:15:00,0.3326,0.25758338,lstm
2020-10-23 17:15:00,0.2886,0.19006205,lstm
2020-10-23 17:15:00,0.2362,0.13511452,lstm
2020-10-23 17:30:00,0.3326,0.2746759,lstm
2020-10-23 17:30:00,0.2886,0.20378016,lstm
2020-10-23 17:30:00,0.2362,0.14240535,lstm
2020-10-23 17:30:00,0.077599995,0.09134444,lstm
2020-10-23 17:45:00,0.2886,0.22303365,lstm
2020-10-23 17:45:00,0.2362,0.15032342,lstm
2020-10-23 17:45:00,0.0776,0.09742506,lstm
2020-10-23 17:45:00,0.049999997,0.054038435,lstm
2020-10-23 18:00:00,0.2362,0.18984525,lstm
2020-10-23 18:00:00,0.0776,0.11644184,lstm
2020-10-23 18:00:00,0.049999997,0.07185529,lstm
2020-10-23 18:00:00,0.027199998,0.03347285,lstm
2020-10-23 18:15:00,0.0776,0.14981754,lstm
2020-10-23 18:15:00,0.049999997,0.08349137,lstm
2020-10-23 18:15:00,0.027199998,0.049258977,lstm
2020-10-23 18:15:00,0.009599999,0.020323515,lstm
2020-10-23 18:30:00,0.049999997,0.07797756,lstm
2020-10-23 18:30:00,0.027199998,0.03763841,lstm
2020-10-23 18:30:00,0.009599999,0.017359793,lstm
2020-10-23 18:30:00,0.0,0.008181974,lstm
2020-10-23 18:45:00,0.027199998,0.041237324,lstm
2020-10-23 18:45:00,0.009599984,0.015395716,lstm
2020-10-23 18:45:00,0.0,0.00517568,lstm
2020-10-23 18:45:00,0.0,0.0021941513,lstm
2020-10-23 19:00:00,0.0096000135,0.020576447,lstm
2020-10-23 19:00:00,0.0,0.004418686,lstm
2020-10-23 19:00:00,0.0,-0.0007763803,lstm
2020-10-23 19:00:00,0.0,0.0007298887,lstm
2020-10-23 19:15:00,0.0,0.008768499,lstm
2020-10-23 19:15:00,0.0,-0.0010355711,lstm
2020-10-23 19:15:00,0.0,-0.003024891,lstm
2020-10-23 19:15:00,0.0,-0.0002746433,lstm
2020-10-23 19:30:00,0.0,0.0023524463,lstm
2020-10-23 19:30:00,0.0,-0.0033390075,lstm
2020-10-23 19:30:00,0.0,-0.0035065413,lstm
2020-10-23 19:30:00,0.0,-0.00030949712,lstm
2020-10-23 19:45:00,0.0,0.00035189092,lstm
2020-10-23 19:45:00,0.0,-0.0038043708,lstm
2020-10-23 19:45:00,0.0,-0.0031808317,lstm
2020-10-23 19:45:00,0.0,-0.00021646917,lstm
2020-10-23 20:00:00,0.0,-0.00075377524,lstm
2020-10-23 20:00:00,0.0,-0.004074186,lstm
2020-10-23 20:00:00,0.0,-0.003035158,lstm
2020-10-23 20:00:00,0.0,-0.00025324523,lstm
2020-10-23 20:15:00,0.0,-0.0013923943,lstm
2020-10-23 20:15:00,0.0,-0.004212931,lstm
2020-10-23 20:15:00,0.0,-0.0029073507,lstm
2020-10-23 20:15:00,0.0,-0.0002117306,lstm
2020-10-23 20:30:00,0.0,-0.0017713308,lstm
2020-10-23 20:30:00,0.0,-0.0042952597,lstm
2020-10-23 20:30:00,0.0,-0.0028107464,lstm
2020-10-23 20:30:00,0.0,-0.00015804172,lstm
2020-10-23 20:45:00,0.0,-0.001959309,lstm
2020-10-23 20:45:00,0.0,-0.004372388,lstm
2020-10-23 20:45:00,0.0,-0.0028443933,lstm
2020-10-23 20:45:00,0.0,-0.00015455484,lstm
2020-10-23 21:00:00,0.0,-0.00216192,lstm
2020-10-23 21:00:00,0.0,-0.004418209,lstm
2020-10-23 21:00:00,0.0,-0.0028137267,lstm
2020-10-23 21:00:00,0.0,-8.645654e-05,lstm
2020-10-23 21:15:00,0.0,-0.0023048222,lstm
2020-10-23 21:15:00,0.0,-0.0044190884,lstm
2020-10-23 21:15:00,0.0,-0.0027409643,lstm
2020-10-23 21:15:00,0.0,8.7320805e-06,lstm
2020-10-23 21:30:00,0.0,-0.0023552477,lstm
2020-10-23 21:30:00,0.0,-0.004415348,lstm
2020-10-23 21:30:00,0.0,-0.0027038157,lstm
2020-10-23 21:30:00,0.0,4.273653e-05,lstm
2020-10-23 21:45:00,0.0,-0.0024035573,lstm
2020-10-23 21:45:00,0.0,-0.004450187,lstm
2020-10-23 21:45:00,0.0,-0.0027814806,lstm
2020-10-23 21:45:00,0.0,2.963841e-05,lstm
2020-10-23 22:00:00,0.0,-0.0024490654,lstm
2020-10-23 22:00:00,0.0,-0.0044398606,lstm
2020-10-23 22:00:00,0.0,-0.0027734637,lstm
2020-10-23 22:00:00,0.0,7.915497e-05,lstm
2020-10-23 22:15:00,0.0,-0.0024670213,lstm
2020-10-23 22:15:00,0.0,-0.0044232905,lstm
2020-10-23 22:15:00,0.0,-0.0027481765,lstm
2020-10-23 22:15:00,0.0,0.00011971593,lstm
2020-10-23 22:30:00,0.0,-0.0024663508,lstm
2020-10-23 22:30:00,0.0,-0.0044065714,lstm
2020-10-23 22:30:00,0.0,-0.002738759,lstm
2020-10-23 22:30:00,0.0,0.000137344,lstm
2020-10-23 22:45:00,0.0,-0.0024953485,lstm
2020-10-23 22:45:00,0.0,-0.004413888,lstm
2020-10-23 22:45:00,0.0,-0.0028185844,lstm
2020-10-23 22:45:00,0.0,0.00012174249,lstm
2020-10-23 23:00:00,0.0,-0.0025016963,lstm
2020-10-23 23:00:00,0.0,-0.004377499,lstm
2020-10-23 23:00:00,0.0,-0.002789244,lstm
2020-10-23 23:00:00,0.0,0.00017994642,lstm
2020-10-23 23:15:00,0.0,-0.0025045872,lstm
2020-10-23 23:15:00,0.0,-0.004344508,lstm
2020-10-23 23:15:00,0.0,-0.002752483,lstm
2020-10-23 23:15:00,0.0,0.00022238493,lstm
2020-10-23 23:30:00,0.0,-0.002502218,lstm
2020-10-23 23:30:00,0.0,-0.0043210387,lstm
2020-10-23 23:30:00,0.0,-0.0027315617,lstm
2020-10-23 23:30:00,0.0,0.00024789572,lstm
2020-10-23 23:45:00,0.0,-0.0025224984,lstm
2020-10-23 23:45:00,0.0,-0.0043126643,lstm
2020-10-23 23:45:00,0.0,-0.0028052628,lstm
2020-10-23 23:45:00,0.0,0.00022424757,lstm
2020-10-24 00:00:00,0.0,-0.002508983,lstm
2020-10-24 00:00:00,0.0,-0.004256472,lstm
2020-10-24 00:00:00,0.0,-0.0027630925,lstm
2020-10-24 00:00:00,0.0,0.00027662516,lstm
2020-10-24 00:15:00,0.0,-0.0024913102,lstm
2020-10-24 00:15:00,0.0,-0.0042247474,lstm
2020-10-24 00:15:00,0.0,-0.0027316064,lstm
2020-10-24 00:15:00,0.0,0.00030973554,lstm
2020-10-24 00:30:00,0.0,-0.0024795085,lstm
2020-10-24 00:30:00,0.0,-0.0041941404,lstm
2020-10-24 00:30:00,0.0,-0.0027029663,lstm
2020-10-24 00:30:00,0.0,0.00033025444,lstm
2020-10-24 00:45:00,0.0,-0.0024748296,lstm
2020-10-24 00:45:00,0.0,-0.004164517,lstm
2020-10-24 00:45:00,0.0,-0.0027516931,lstm
2020-10-24 00:45:00,0.0,0.0003042519,lstm
2020-10-24 01:00:00,0.0,-0.002437979,lstm
2020-10-24 01:00:00,0.0,-0.004099101,lstm
2020-10-24 01:00:00,0.0,-0.002697423,lstm
2020-10-24 01:00:00,0.0,0.0003438443,lstm
2020-10-24 01:15:00,0.0,-0.0024132133,lstm
2020-10-24 01:15:00,0.0,-0.0040579587,lstm
2020-10-24 01:15:00,0.0,-0.0026619732,lstm
2020-10-24 01:15:00,0.0,0.00036858022,lstm
2020-10-24 01:30:00,0.0,-0.002390042,lstm
2020-10-24 01:30:00,0.0,-0.0040264577,lstm
2020-10-24 01:30:00,0.0,-0.0026246458,lstm
2020-10-24 01:30:00,0.0,0.00039318204,lstm
2020-10-24 01:45:00,0.0,-0.0023808926,lstm
2020-10-24 01:45:00,0.0,-0.0039900094,lstm
2020-10-24 01:45:00,0.0,-0.0026613325,lstm
2020-10-24 01:45:00,0.0,0.00035062432,lstm
2020-10-24 02:00:00,0.0,-0.0023358017,lstm
2020-10-24 02:00:00,0.0,-0.0039238334,lstm
2020-10-24 02:00:00,0.0,-0.0026042163,lstm
2020-10-24 02:00:00,0.0,0.00038053095,lstm
2020-10-24 02:15:00,0.0,-0.0022998452,lstm
2020-10-24 02:15:00,0.0,-0.0038858205,lstm
2020-10-24 02:15:00,0.0,-0.002569452,lstm
2020-10-24 02:15:00,0.0,0.00039204955,lstm
2020-10-24 02:30:00,0.0,-0.0022756606,lstm
2020-10-24 02:30:00,0.0,-0.003866434,lstm
2020-10-24 02:30:00,0.0,-0.0025547892,lstm
2020-10-24 02:30:00,0.0,0.0003928393,lstm
2020-10-24 02:45:00,0.0,-0.0022604465,lstm
2020-10-24 02:45:00,0.0,-0.0038350075,lstm
2020-10-24 02:45:00,0.0,-0.0025861263,lstm
2020-10-24 02:45:00,0.0,0.00034545362,lstm
2020-10-24 03:00:00,0.0,-0.0022117347,lstm
2020-10-24 03:00:00,0.0,-0.0037789196,lstm
2020-10-24 03:00:00,0.0,-0.0025354624,lstm
2020-10-24 03:00:00,0.0,0.0003579259,lstm
2020-10-24 03:15:00,0.0,-0.0021751076,lstm
2020-10-24 03:15:00,0.0,-0.0037564486,lstm
2020-10-24 03:15:00,0.0,-0.0025256723,lstm
2020-10-24 03:15:00,0.0,0.00034470856,lstm
2020-10-24 03:30:00,0.0,-0.0021464527,lstm
2020-10-24 03:30:00,0.0,-0.0037467629,lstm
2020-10-24 03:30:00,0.0,-0.0025229305,lstm
2020-10-24 03:30:00,0.0,0.00033317506,lstm
2020-10-24 03:45:00,0.0,-0.0021320283,lstm
2020-10-24 03:45:00,0.0,-0.0037141293,lstm
2020-10-24 03:45:00,0.0,-0.0025374293,lstm
2020-10-24 03:45:00,0.0,0.0002785474,lstm
2020-10-24 04:00:00,0.0,-0.0020845234,lstm
2020-10-24 04:00:00,0.0,-0.0036777407,lstm
2020-10-24 04:00:00,0.0,-0.0024977624,lstm
2020-10-24 04:00:00,0.0,0.00027795136,lstm
2020-10-24 04:15:00,0.0,-0.0020449162,lstm
2020-10-24 04:15:00,0.0,-0.0036683083,lstm
2020-10-24 04:15:00,0.0,-0.002496928,lstm
2020-10-24 04:15:00,0.0,0.00025571883,lstm
2020-10-24 04:30:00,0.0,-0.002019763,lstm
2020-10-24 04:30:00,0.0,-0.0036744475,lstm
2020-10-24 04:30:00,0.0,-0.0025058538,lstm
2020-10-24 04:30:00,0.0,0.00023724139,lstm
2020-10-24 04:45:00,0.0,-0.0020275712,lstm
2020-10-24 04:45:00,0.0,-0.0036712736,lstm
2020-10-24 04:45:00,0.0,-0.0025177747,lstm
2020-10-24 04:45:00,0.0,0.00019021332,lstm
2020-10-24 05:00:00,0.0,-0.0019964427,lstm
2020-10-24 05:00:00,0.0,-0.003670156,lstm
2020-10-24 05:00:00,0.0,-0.002513826,lstm
2020-10-24 05:00:00,0.0,0.00015640259,lstm
2020-10-24 05:15:00,0.0,-0.0019631088,lstm
2020-10-24 05:15:00,0.0,-0.003699571,lstm
2020-10-24 05:15:00,0.0,-0.0025386661,lstm
2020-10-24 05:15:00,0.0,0.00013065338,lstm
2020-10-24 05:30:00,0.0,-0.0019433647,lstm
2020-10-24 05:30:00,0.0,-0.0037362576,lstm
2020-10-24 05:30:00,0.0,-0.002574861,lstm
2020-10-24 05:30:00,0.0,9.275973e-05,lstm
2020-10-24 05:45:00,0.0,-0.0019632876,lstm
2020-10-24 05:45:00,0.0,-0.0037644356,lstm
2020-10-24 05:45:00,0.0,-0.002595827,lstm
2020-10-24 05:45:00,0.0,6.018579e-05,lstm
2020-10-24 06:00:00,0.0,-0.0019400865,lstm
2020-10-24 06:00:00,0.0,-0.0038076788,lstm
2020-10-24 06:00:00,0.0,-0.0025996119,lstm
2020-10-24 06:00:00,0.0,5.917251e-05,lstm
2020-10-24 06:15:00,0.0,-0.0019157827,lstm
2020-10-24 06:15:00,0.0,-0.003866315,lstm
2020-10-24 06:15:00,0.0,-0.0026184171,lstm
2020-10-24 06:15:00,0.0,7.472932e-05,lstm
2020-10-24 06:30:00,0.0,-0.0018964708,lstm
2020-10-24 06:30:00,0.0,-0.0039366484,lstm
2020-10-24 06:30:00,0.0,-0.0026647002,lstm
2020-10-24 06:30:00,0.0,7.118285e-05,lstm
2020-10-24 06:45:00,0.0,-0.0019118637,lstm
2020-10-24 06:45:00,0.0,-0.0039929003,lstm
2020-10-24 06:45:00,0.0,-0.0026497692,lstm
2020-10-24 06:45:00,0.0,0.00014010072,lstm
2020-10-24 07:00:00,0.0,-0.0018783212,lstm
2020-10-24 07:00:00,0.0,-0.0040668845,lstm
2020-10-24 07:00:00,0.0,-0.0025896877,lstm
2020-10-24 07:00:00,0.0,0.00029185414,lstm
2020-10-24 07:15:00,0.0,-0.0018190444,lstm
2020-10-24 07:15:00,0.0,-0.004149139,lstm
2020-10-24 07:15:00,0.0,-0.0025533736,lstm
2020-10-24 07:15:00,0.0,0.00047254562,lstm
2020-10-24 07:30:00,0.0,-0.0017428845,lstm
2020-10-24 07:30:00,0.0,-0.004223332,lstm
2020-10-24 07:30:00,0.0,-0.002488166,lstm
2020-10-24 07:30:00,0.0,0.00074864924,lstm
2020-10-24 07:45:00,0.0,-0.0016774088,lstm
2020-10-24 07:45:00,0.0,-0.004215434,lstm
2020-10-24 07:45:00,0.0,-0.002156049,lstm
2020-10-24 07:45:00,0.0,0.0014702529,lstm
2020-10-24 08:00:00,0.0,-0.0015518963,lstm
2020-10-24 08:00:00,0.0,-0.004200071,lstm
2020-10-24 08:00:00,0.0,-0.0016106516,lstm
2020-10-24 08:00:00,0.0088,0.0028196722,lstm
2020-10-24 08:15:00,0.0,-0.0012678951,lstm
2020-10-24 08:15:00,0.0,-0.003948897,lstm
2020-10-24 08:15:00,0.0088,-0.00021648407,lstm
2020-10-24 08:15:00,0.038599998,0.0063450634,lstm
2020-10-24 08:30:00,0.0,-0.00097586215,lstm
2020-10-24 08:30:00,0.0088,-0.0015510619,lstm
2020-10-24 08:30:00,0.038600013,0.006621763,lstm
2020-10-24 08:30:00,0.1004,0.021802738,lstm
2020-10-24 08:45:00,0.0088,-0.0005341917,lstm
2020-10-24 08:45:00,0.038599998,0.009642124,lstm
2020-10-24 08:45:00,0.1004,0.030764595,lstm
2020-10-24 08:45:00,0.1484,0.0673946,lstm
2020-10-24 09:00:00,0.038599998,0.011684939,lstm
2020-10-24 09:00:00,0.1004,0.043125346,lstm
2020-10-24 09:00:00,0.1484,0.08973243,lstm
2020-10-24 09:00:00,0.1366,0.15449785,lstm
2020-10-24 09:15:00,0.1004,0.071854346,lstm
2020-10-24 09:15:00,0.1484,0.1287048,lstm
2020-10-24 09:15:00,0.1366,0.2049395,lstm
2020-10-24 09:15:00,0.1314,0.27973837,lstm
2020-10-24 09:30:00,0.1484,0.15269302,lstm
2020-10-24 09:30:00,0.1366,0.22649954,lstm
2020-10-24 09:30:00,0.1314,0.31124642,lstm
2020-10-24 09:30:00,0.1332,0.38366583,lstm
2020-10-24 09:45:00,0.1366,0.20625527,lstm
2020-10-24 09:45:00,0.1314,0.28569302,lstm
2020-10-24 09:45:00,0.1332,0.35425532,lstm
2020-10-24 09:45:00,0.1328,0.42641386,lstm
2020-10-24 10:00:00,0.1314,0.20209292,lstm
2020-10-24 10:00:00,0.1332,0.2809556,lstm
2020-10-24 10:00:00,0.1328,0.33135486,lstm
2020-10-24 10:00:00,0.1314,0.3900742,lstm
2020-10-24 10:15:00,0.1332,0.21518879,lstm
2020-10-24 10:15:00,0.1328,0.28642794,lstm
2020-10-24 10:15:00,0.1314,0.3285867,lstm
2020-10-24 10:15:00,0.1368,0.37083125,lstm
2020-10-24 10:30:00,0.1328,0.21425264,lstm
2020-10-24 10:30:00,0.1314,0.2734871,lstm
2020-10-24 10:30:00,0.1368,0.3056593,lstm
2020-10-24 10:30:00,0.1434,0.33487487,lstm
2020-10-24 10:45:00,0.1314,0.195101,lstm
2020-10-24 10:45:00,0.1368,0.23753887,lstm
2020-10-24 10:45:00,0.1434,0.25948647,lstm
2020-10-24 10:45:00,0.1486,0.2815442,lstm
2020-10-24 11:00:00,0.1368,0.17188539,lstm
2020-10-24 11:00:00,0.1434,0.19703841,lstm
2020-10-24 11:00:00,0.1486,0.21076567,lstm
2020-10-24 11:00:00,0.1518,0.2293505,lstm
2020-10-24 11:15:00,0.1434,0.16639923,lstm
2020-10-24 11:15:00,0.1486,0.18106762,lstm
2020-10-24 11:15:00,0.1518,0.18899462,lstm
2020-10-24 11:15:00,0.1516,0.20411123,lstm
2020-10-24 11:30:00,0.1486,0.165015,lstm
2020-10-24 11:30:00,0.1518,0.17337826,lstm
2020-10-24 11:30:00,0.1516,0.1770668,lstm
2020-10-24 11:30:00,0.1422,0.18850036,lstm
2020-10-24 11:45:00,0.1518,0.19113618,lstm
2020-10-24 11:45:00,0.1516,0.19491306,lstm
2020-10-24 11:45:00,0.1422,0.19413133,lstm
2020-10-24 11:45:00,0.1422,0.20194693,lstm
2020-10-24 12:00:00,0.1516,0.22355075,lstm
2020-10-24 12:00:00,0.1422,0.22239946,lstm
2020-10-24 12:00:00,0.1422,0.2174689,lstm
2020-10-24 12:00:00,0.143,0.22156511,lstm
2020-10-24 12:15:00,0.1422,0.25492588,lstm
2020-10-24 12:15:00,0.1422,0.24919805,lstm
2020-10-24 12:15:00,0.143,0.24030425,lstm
2020-10-24 12:15:00,0.1378,0.24063982,lstm
2020-10-24 12:30:00,0.1422,0.27389586,lstm
2020-10-24 12:30:00,0.143,0.26369634,lstm
2020-10-24 12:30:00,0.1378,0.25121287,lstm
2020-10-24 12:30:00,0.1306,0.24792087,lstm
2020-10-24 12:45:00,0.143,0.30396536,lstm
2020-10-24 12:45:00,0.1378,0.29114485,lstm
2020-10-24 12:45:00,0.1306,0.27583823,lstm
2020-10-24 12:45:00,0.1314,0.27082607,lstm
2020-10-24 13:00:00,0.1378,0.32063472,lstm
2020-10-24 13:00:00,0.1306,0.3068721,lstm
2020-10-24 13:00:00,0.1314,0.29126203,lstm
2020-10-24 13:00:00,0.132,0.2860858,lstm
2020-10-24 13:15:00,0.1306,0.31972083,lstm
2020-10-24 13:15:00,0.1314,0.30354512,lstm
2020-10-24 13:15:00,0.132,0.28914165,lstm
2020-10-24 13:15:00,0.1312,0.28444973,lstm
2020-10-24 13:30:00,0.1314,0.26593542,lstm
2020-10-24 13:30:00,0.132,0.24046093,lstm
2020-10-24 13:30:00,0.1312,0.23192747,lstm
2020-10-24 13:30:00,0.1316,0.22857907,lstm
2020-10-24 13:45:00,0.132,0.26827216,lstm
2020-10-24 13:45:00,0.1312,0.24180394,lstm
2020-10-24 13:45:00,0.1316,0.2389396,lstm
2020-10-24 13:45:00,0.1312,0.23452918,lstm
2020-10-24 14:00:00,0.1312,0.3164775,lstm
2020-10-24 14:00:00,0.1316,0.29602048,lstm
2020-10-24 14:00:00,0.1312,0.29104108,lstm
2020-10-24 14:00:00,0.1308,0.2961581,lstm
2020-10-24 14:15:00,0.1316,0.35415965,lstm
2020-10-24 14:15:00,0.1312,0.3372606,lstm
2020-10-24 14:15:00,0.1308,0.33686417,lstm
2020-10-24 14:15:00,0.1302,0.34697288,lstm
2020-10-24 14:30:00,0.1312,0.37529457,lstm
2020-10-24 14:30:00,0.1308,0.3602496,lstm
2020-10-24 14:30:00,0.1302,0.36571944,lstm
2020-10-24 14:30:00,0.1288,0.37733614,lstm
2020-10-24 14:45:00,0.1308,0.3966224,lstm
2020-10-24 14:45:00,0.1302,0.38472542,lstm
2020-10-24 14:45:00,0.1288,0.394071,lstm
2020-10-24 14:45:00,0.119,0.40513283,lstm
2020-10-24 15:00:00,0.1302,0.4185467,lstm
2020-10-24 15:00:00,0.1288,0.41199422,lstm
2020-10-24 15:00:00,0.119,0.42327607,lstm
2020-10-24 15:00:00,0.118200004,0.43454343,lstm
2020-10-24 15:15:00,0.1288,0.42603385,lstm
2020-10-24 15:15:00,0.119,0.42404798,lstm
2020-10-24 15:15:00,0.1182,0.43464792,lstm
2020-10-24 15:15:00,0.1172,0.4498089,lstm
2020-10-24 15:30:00,0.119,0.41927916,lstm
2020-10-24 15:30:00,0.1182,0.42086643,lstm
2020-10-24 15:30:00,0.1172,0.4303975,lstm
2020-10-24 15:30:00,0.1158,0.45102984,lstm
2020-10-24 15:45:00,0.11819999,0.40083098,lstm
2020-10-24 15:45:00,0.1172,0.40028107,lstm
2020-10-24 15:45:00,0.1158,0.40905133,lstm
2020-10-24 15:45:00,0.116,0.43202245,lstm
2020-10-24 16:00:00,0.1172,0.38001582,lstm
2020-10-24 16:00:00,0.1158,0.3796419,lstm
2020-10-24 16:00:00,0.116,0.38844797,lstm
2020-10-24 16:00:00,0.1274,0.41278374,lstm
2020-10-24 16:15:00,0.1158,0.36103517,lstm
2020-10-24 16:15:00,0.116,0.36060292,lstm
2020-10-24 16:15:00,0.1274,0.37006804,lstm
2020-10-24 16:15:00,0.1264,0.39262587,lstm
2020-10-24 16:30:00,0.116,0.39567238,lstm
2020-10-24 16:30:00,0.1274,0.38216782,lstm
2020-10-24 16:30:00,0.1264,0.3850699,lstm
2020-10-24 16:30:00,0.1246,0.39902687,lstm
2020-10-24 16:45:00,0.1274,0.38773334,lstm
2020-10-24 16:45:00,0.1264,0.36886746,lstm
2020-10-24 16:45:00,0.1246,0.3622837,lstm
2020-10-24 16:45:00,0.1234,0.364097,lstm
2020-10-24 17:00:00,0.1264,0.3753444,lstm
2020-10-24 17:00:00,0.1246,0.3540508,lstm
2020-10-24 17:00:00,0.12340001,0.33185196,lstm
2020-10-24 17:00:00,0.1212,0.31631666,lstm
2020-10-24 17:15:00,0.1246,0.3890967,lstm
2020-10-24 17:15:00,0.1234,0.3537546,lstm
2020-10-24 17:15:00,0.1212,0.30413544,lstm
2020-10-24 17:15:00,0.117,0.26162082,lstm
2020-10-24 17:30:00,0.1234,0.38832468,lstm
2020-10-24 17:30:00,0.121199995,0.33238274,lstm
2020-10-24 17:30:00,0.117,0.26273763,lstm
2020-10-24 17:30:00,0.1064,0.20094399,lstm
2020-10-24 17:45:00,0.1212,0.33925423,lstm
2020-10-24 17:45:00,0.117,0.27043644,lstm
2020-10-24 17:45:00,0.1064,0.1959004,lstm
2020-10-24 17:45:00,0.0784,0.13043734,lstm
2020-10-24 18:00:00,0.117000006,0.27333006,lstm
2020-10-24 18:00:00,0.1064,0.20131612,lstm
2020-10-24 18:00:00,0.0784,0.12708339,lstm
2020-10-24 18:00:00,0.025199994,0.069295436,lstm
2020-10-24 18:15:00,0.1064,0.20823084,lstm
2020-10-24 18:15:00,0.0784,0.14155346,lstm
2020-10-24 18:15:00,0.025199994,0.07564685,lstm
2020-10-24 18:15:00,0.0031999946,0.029349938,lstm
2020-10-24 18:30:00,0.0784,0.14945553,lstm
2020-10-24 18:30:00,0.025199994,0.09052837,lstm
2020-10-24 18:30:00,0.0031999946,0.04345593,lstm
2020-10-24 18:30:00,0.0,0.00781706,lstm
2020-10-24 18:45:00,0.025199994,0.090547316,lstm
2020-10-24 18:45:00,0.0031999797,0.04499264,lstm
2020-10-24 18:45:00,0.0,0.018794,lstm
2020-10-24 18:45:00,0.0,-0.0011979043,lstm
2020-10-24 19:00:00,0.0031999946,0.040025577,lstm
2020-10-24 19:00:00,0.0,0.013571337,lstm
2020-10-24 19:00:00,0.0,0.00047540665,lstm
2020-10-24 19:00:00,0.0,-0.0028670281,lstm
2020-10-24 19:15:00,0.0,0.015770242,lstm
2020-10-24 19:15:00,0.0,0.0016125143,lstm
2020-10-24 19:15:00,0.0,-0.003538832,lstm
2020-10-24 19:15:00,0.0,-0.0023590773,lstm
2020-10-24 19:30:00,0.0,0.0057856143,lstm
2020-10-24 19:30:00,0.0,-0.0020087361,lstm
2020-10-24 19:30:00,0.0,-0.0034820437,lstm
2020-10-24 19:30:00,0.0,-0.0013370365,lstm
2020-10-24 19:45:00,0.0,0.0018386245,lstm
2020-10-24 19:45:00,0.0,-0.0031991005,lstm
2020-10-24 19:45:00,0.0,-0.003085345,lstm
2020-10-24 19:45:00,0.0,-0.0008214265,lstm
2020-10-24 20:00:00,0.0,-6.3076615e-05,lstm
2020-10-24 20:00:00,0.0,-0.0037039518,lstm
2020-10-24 20:00:00,0.0,-0.0027938485,lstm
2020-10-24 20:00:00,0.0,-0.0005388707,lstm
2020-10-24 20:15:00,0.0,-0.0010045469,lstm
2020-10-24 20:15:00,0.0,-0.0039288998,lstm
2020-10-24 20:15:00,0.0,-0.0025999397,lstm
2020-10-24 20:15:00,0.0,-0.00034442544,lstm
2020-10-24 20:30:00,0.0,-0.0015037507,lstm
2020-10-24 20:30:00,0.0,-0.0040204525,lstm
2020-10-24 20:30:00,0.0,-0.0024453849,lstm
2020-10-24 20:30:00,0.0,-0.00019106269,lstm
2020-10-24 20:45:00,0.0,-0.0017997473,lstm
2020-10-24 20:45:00,0.0,-0.0041270107,lstm
2020-10-24 20:45:00,0.0,-0.0024574846,lstm
2020-10-24 20:45:00,0.0,-0.00012613833,lstm
2020-10-24 21:00:00,0.0,-0.0020225346,lstm
2020-10-24 21:00:00,0.0,-0.004160285,lstm
2020-10-24 21:00:00,0.0,-0.0024065375,lstm
2020-10-24 21:00:00,0.0,-1.5303493e-05,lstm
2020-10-24 21:15:00,0.0,-0.0021502078,lstm
2020-10-24 21:15:00,0.0,-0.0041570365,lstm
2020-10-24 21:15:00,0.0,-0.002344355,lstm
2020-10-24 21:15:00,0.0,7.882714e-05,lstm
2020-10-24 21:30:00,0.0,-0.0022298694,lstm
2020-10-24 21:30:00,0.0,-0.004139915,lstm
2020-10-24 21:30:00,0.0,-0.002283305,lstm
2020-10-24 21:30:00,0.0,0.00015665591,lstm
2020-10-24 21:45:00,0.0,-0.002319321,lstm
2020-10-24 21:45:00,0.0,-0.0041796714,lstm
2020-10-24 21:45:00,0.0,-0.0023609698,lstm
2020-10-24 21:45:00,0.0,0.00017151237,lstm
2020-10-24 22:00:00,0.0,-0.0023715347,lstm
2020-10-24 22:00:00,0.0,-0.004155621,lstm
2020-10-24 22:00:00,0.0,-0.0023356527,lstm
2020-10-24 22:00:00,0.0,0.00024932623,lstm
2020-10-24 22:15:00,0.0,-0.0024003983,lstm
2020-10-24 22:15:00,0.0,-0.0041171312,lstm
2020-10-24 22:15:00,0.0,-0.0022887737,lstm
2020-10-24 22:15:00,0.0,0.00031918287,lstm
2020-10-24 22:30:00,0.0,-0.0024156421,lstm
2020-10-24 22:30:00,0.0,-0.0040890872,lstm
2020-10-24 22:30:00,0.0,-0.0022516549,lstm
2020-10-24 22:30:00,0.0,0.00036866963,lstm
2020-10-24 22:45:00,0.0,-0.002470255,lstm
2020-10-24 22:45:00,0.0,-0.0041088313,lstm
2020-10-24 22:45:00,0.0,-0.002348736,lstm
2020-10-24 22:45:00,0.0,0.0003529191,lstm
2020-10-24 23:00:00,0.0,-0.0024684966,lstm
2020-10-24 23:00:00,0.0,-0.004058659,lstm
2020-10-24 23:00:00,0.0,-0.0023149252,lstm
2020-10-24 23:00:00,0.0,0.00041392446,lstm
2020-10-24 23:15:00,0.0,-0.0024646223,lstm
2020-10-24 23:15:00,0.0,-0.004014179,lstm
2020-10-24 23:15:00,0.0,-0.002270624,lstm
2020-10-24 23:15:00,0.0,0.0004621595,lstm
2020-10-24 23:30:00,0.0,-0.002459541,lstm
2020-10-24 23:30:00,0.0,-0.003980294,lstm
2020-10-24 23:30:00,0.0,-0.0022360831,lstm
2020-10-24 23:30:00,0.0,0.00049711764,lstm
2020-10-24 23:45:00,0.0,-0.0025097728,lstm
2020-10-24 23:45:00,0.0,-0.0039962083,lstm
2020-10-24 23:45:00,0.0,-0.0023379326,lstm
2020-10-24 23:45:00,0.0,0.00046108663,lstm
2020-10-25 00:00:00,0.0,-0.0024898946,lstm
2020-10-25 00:00:00,0.0,-0.0039274544,lstm
2020-10-25 00:00:00,0.0,-0.0022894442,lstm
2020-10-25 00:00:00,0.0,0.0005170703,lstm
2020-10-25 00:15:00,0.0,-0.0024683475,lstm
2020-10-25 00:15:00,0.0,-0.0038794726,lstm
2020-10-25 00:15:00,0.0,-0.0022548288,lstm
2020-10-25 00:15:00,0.0,0.0005502701,lstm
2020-10-25 00:30:00,0.0,-0.0024525672,lstm
2020-10-25 00:30:00,0.0,-0.0038460344,lstm
2020-10-25 00:30:00,0.0,-0.0022259802,lstm
2020-10-25 00:30:00,0.0,0.0005778223,lstm
2020-10-25 00:45:00,0.0,-0.002483353,lstm
2020-10-25 00:45:00,0.0,-0.00384292,lstm
2020-10-25 00:45:00,0.0,-0.0023151934,lstm
2020-10-25 00:45:00,0.0,0.00053170323,lstm
2020-10-25 01:00:00,0.0,-0.00244008,lstm
2020-10-25 01:00:00,0.0,-0.0037664026,lstm
2020-10-25 01:00:00,0.0,-0.0022524,lstm
2020-10-25 01:00:00,0.0,0.0005775243,lstm
2020-10-25 01:15:00,0.0,-0.0024076551,lstm
2020-10-25 01:15:00,0.0,-0.0037276447,lstm
2020-10-25 01:15:00,0.0,-0.0022187382,lstm
2020-10-25 01:15:00,0.0,0.0005943924,lstm
2020-10-25 01:30:00,0.0,-0.0023888499,lstm
2020-10-25 01:30:00,0.0,-0.003701806,lstm
2020-10-25 01:30:00,0.0,-0.0021946877,lstm
2020-10-25 01:30:00,0.0,0.0006073266,lstm
2020-10-25 01:45:00,0.0,-0.0024150312,lstm
2020-10-25 01:45:00,0.0,-0.003698185,lstm
2020-10-25 01:45:00,0.0,-0.0022752136,lstm
2020-10-25 01:45:00,0.0,0.00053963065,lstm
2020-10-25 02:00:00,0.0,-0.0023602098,lstm
2020-10-25 02:00:00,0.0,-0.00363037,lstm
2020-10-25 02:00:00,0.0,-0.00222224,lstm
2020-10-25 02:00:00,0.0,0.0005572438,lstm
2020-10-25 02:15:00,0.0,-0.0023199618,lstm
2020-10-25 02:15:00,0.0,-0.0035988837,lstm
2020-10-25 02:15:00,0.0,-0.002198711,lstm
2020-10-25 02:15:00,0.0,0.0005568266,lstm
2020-10-25 02:30:00,0.0,-0.0022928566,lstm
2020-10-25 02:30:00,0.0,-0.0035802722,lstm
2020-10-25 02:30:00,0.0,-0.0021880865,lstm
2020-10-25 02:30:00,0.0,0.0005516857,lstm
2020-10-25 02:45:00,0.0,-0.002306193,lstm
2020-10-25 02:45:00,0.0,-0.0035658777,lstm
2020-10-25 02:45:00,0.0,-0.0022423565,lstm
2020-10-25 02:45:00,0.0,0.0004837513,lstm
2020-10-25 03:00:00,0.0,-0.0022464842,lstm
2020-10-25 03:00:00,0.0,-0.0035116374,lstm
2020-10-25 03:00:00,0.0,-0.0021964014,lstm
2020-10-25 03:00:00,0.0,0.00047563016,lstm
2020-10-25 03:15:00,0.0,-0.0022026896,lstm
2020-10-25 03:15:00,0.0,-0.0034950823,lstm
2020-10-25 03:15:00,0.0,-0.0021866858,lstm
2020-10-25 03:15:00,0.0,0.00045466423,lstm
2020-10-25 03:30:00,0.0,-0.0021722615,lstm
2020-10-25 03:30:00,0.0,-0.0034831613,lstm
2020-10-25 03:30:00,0.0,-0.0021869093,lstm
2020-10-25 03:30:00,0.0,0.0004336387,lstm
2020-10-25 03:45:00,0.0,-0.002181828,lstm
2020-10-25 03:45:00,0.0,-0.0034777373,lstm
2020-10-25 03:45:00,0.0,-0.0022265017,lstm
2020-10-25 03:45:00,0.0,0.00036337972,lstm
2020-10-25 04:00:00,0.0,-0.0021342188,lstm
2020-10-25 04:00:00,0.0,-0.0034521222,lstm
2020-10-25 04:00:00,0.0,-0.0021997094,lstm
2020-10-25 04:00:00,0.0,0.00033202767,lstm
2020-10-25 04:15:00,0.0,-0.0020979196,lstm
2020-10-25 04:15:00,0.0,-0.0034534931,lstm
2020-10-25 04:15:00,0.0,-0.0022081137,lstm
2020-10-25 04:15:00,0.0,0.00029098988,lstm
2020-10-25 04:30:00,0.0,-0.002069056,lstm
2020-10-25 04:30:00,0.0,-0.0034613162,lstm
2020-10-25 04:30:00,0.0,-0.0022287816,lstm
2020-10-25 04:30:00,0.0,0.00024847686,lstm
2020-10-25 04:45:00,0.0,-0.0020862222,lstm
2020-10-25 04:45:00,0.0,-0.0034757704,lstm
2020-10-25 04:45:00,0.0,-0.0022592545,lstm
2020-10-25 04:45:00,0.0,0.00017647445,lstm
2020-10-25 05:00:00,0.0,-0.002058372,lstm
2020-10-25 05:00:00,0.0,-0.0034924597,lstm
2020-10-25 05:00:00,0.0,-0.002267331,lstm
2020-10-25 05:00:00,0.0,0.000114798546,lstm
2020-10-25 05:15:00,0.0,-0.0020305663,lstm
2020-10-25 05:15:00,0.0,-0.0035244673,lstm
2020-10-25 05:15:00,0.0,-0.0023055226,lstm
2020-10-25 05:15:00,0.0,5.3808093e-05,lstm
2020-10-25 05:30:00,0.0,-0.002013877,lstm
2020-10-25 05:30:00,0.0,-0.0035629272,lstm
2020-10-25 05:30:00,0.0,-0.0023450255,lstm
2020-10-25 05:30:00,0.0,6.3180923e-06,lstm
2020-10-25 05:45:00,0.0,-0.0020489544,lstm
2020-10-25 05:45:00,0.0,-0.0036088675,lstm
2020-10-25 05:45:00,0.0,-0.0023774207,lstm
2020-10-25 05:45:00,0.0,-5.571544e-05,lstm
2020-10-25 06:00:00,0.0,-0.0020502657,lstm
2020-10-25 06:00:00,0.0,-0.0036783218,lstm
2020-10-25 06:00:00,0.0,-0.0024203956,lstm
2020-10-25 06:00:00,0.0,-0.0001155287,lstm
2020-10-25 06:15:00,0.0,-0.0020347387,lstm
2020-10-25 06:15:00,0.0,-0.0037485063,lstm
2020-10-25 06:15:00,0.0,-0.0024889708,lstm
2020-10-25 06:15:00,0.0,-0.00017140806,lstm
2020-10-25 06:30:00,0.0,-0.0020174682,lstm
2020-10-25 06:30:00,0.0,-0.0038190335,lstm
2020-10-25 06:30:00,0.0,-0.0025547892,lstm
2020-10-25 06:30:00,0.0,-0.00021356344,lstm
2020-10-25 06:45:00,0.0,-0.002068594,lstm
2020-10-25 06:45:00,0.0,-0.0038956255,lstm
2020-10-25 06:45:00,0.0,-0.002569273,lstm
2020-10-25 06:45:00,0.0,-0.00020883977,lstm
2020-10-25 07:00:00,0.0,-0.0021062046,lstm
2020-10-25 07:00:00,0.0,-0.0040287524,lstm
2020-10-25 07:00:00,0.0,-0.0026230365,lstm
2020-10-25 07:00:00,0.0,-0.00020959973,lstm
2020-10-25 07:15:00,0.0,-0.0021010041,lstm
2020-10-25 07:15:00,0.0,-0.0041612387,lstm
2020-10-25 07:15:00,0.0,-0.002691701,lstm
2020-10-25 07:15:00,0.0,-0.0001642108,lstm
2020-10-25 07:30:00,0.0,-0.0020673275,lstm
2020-10-25 07:30:00,0.0,-0.004301727,lstm
2020-10-25 07:30:00,0.0,-0.002747491,lstm
2020-10-25 07:30:00,0.0,-3.5747886e-05,lstm
2020-10-25 07:45:00,0.0,-0.0020644814,lstm
2020-10-25 07:45:00,0.0,-0.004427552,lstm
2020-10-25 07:45:00,0.0,-0.0026412755,lstm
2020-10-25 07:45:00,0.0,0.0004107356,lstm
2020-10-25 08:00:00,0.0,-0.0020008534,lstm
2020-10-25 08:00:00,0.0,-0.0046575367,lstm
2020-10-25 08:00:00,0.0,-0.0023612082,lstm
2020-10-25 08:00:00,0.0015999973,0.0016006827,lstm
2020-10-25 08:15:00,0.0,-0.0017094463,lstm
2020-10-25 08:15:00,0.0,-0.0047438443,lstm
2020-10-25 08:15:00,0.0015999973,-0.0008249432,lstm
2020-10-25 08:15:00,0.016800001,0.006489441,lstm
2020-10-25 08:30:00,0.0,-0.002243936,lstm
2020-10-25 08:30:00,0.0015999824,-0.0012979358,lstm
2020-10-25 08:30:00,0.016800001,0.010139748,lstm
2020-10-25 08:30:00,0.0554,0.033324495,lstm
2020-10-25 08:45:00,0.0015999973,-0.0019282401,lstm
2020-10-25 08:45:00,0.016800001,0.012962967,lstm
2020-10-25 08:45:00,0.055400014,0.04045804,lstm
2020-10-25 08:45:00,0.1418,0.08975846,lstm
2020-10-25 09:00:00,0.016800001,0.0033422709,lstm
2020-10-25 09:00:00,0.0554,0.032339007,lstm
2020-10-25 09:00:00,0.1418,0.0803215,lstm
2020-10-25 09:00:00,0.1952,0.14920591,lstm
2020-10-25 09:15:00,0.0554,0.026278883,lstm
2020-10-25 09:15:00,0.1418,0.061143905,lstm
2020-10-25 09:15:00,0.1952,0.12194745,lstm
2020-10-25 09:15:00,0.1966,0.18743068,lstm
2020-10-25 09:30:00,0.1418,0.103267014,lstm
2020-10-25 09:30:00,0.1952,0.1544816,lstm
2020-10-25 09:30:00,0.1966,0.2241793,lstm
2020-10-25 09:30:00,0.1622,0.2803834,lstm
2020-10-25 09:45:00,0.1952,0.21626435,lstm
2020-10-25 09:45:00,0.1966,0.27860588,lstm
2020-10-25 09:45:00,0.1622,0.349552,lstm
2020-10-25 09:45:00,0.1478,0.40820485,lstm
2020-10-25 10:00:00,0.1966,0.25683933,lstm
2020-10-25 10:00:00,0.1622,0.3206312,lstm
2020-10-25 10:00:00,0.1478,0.37289214,lstm
2020-10-25 10:00:00,0.1284,0.4373304,lstm
2020-10-25 10:15:00,0.1622,0.25968167,lstm
2020-10-25 10:15:00,0.1478,0.32670003,lstm
2020-10-25 10:15:00,0.1284,0.36992154,lstm
2020-10-25 10:15:00,0.11399999,0.42519334,lstm
2020-10-25 10:30:00,0.1478,0.21210593,lstm
2020-10-25 10:30:00,0.1284,0.27456406,lstm
2020-10-25 10:30:00,0.114,0.30964077,lstm
2020-10-25 10:30:00,0.11399999,0.34735394,lstm
2020-10-25 10:45:00,0.1284,0.16119708,lstm
2020-10-25 10:45:00,0.114,0.2086115,lstm
2020-10-25 10:45:00,0.114,0.23903239,lstm
2020-10-25 10:45:00,0.1194,0.27208668,lstm
2020-10-25 11:00:00,0.114,0.099731185,lstm
2020-10-25 11:00:00,0.114,0.12632948,lstm
2020-10-25 11:00:00,0.1194,0.14857908,lstm
2020-10-25 11:00:00,0.1144,0.17372252,lstm
2020-10-25 11:15:00,0.114,0.06610815,lstm
2020-10-25 11:15:00,0.1194,0.08182846,lstm
2020-10-25 11:15:00,0.11439999,0.09789894,lstm
2020-10-25 11:15:00,0.1066,0.10873772,lstm
2020-10-25 11:30:00,0.1194,0.055349752,lstm
2020-10-25 11:30:00,0.1144,0.07259613,lstm
2020-10-25 11:30:00,0.10660001,0.08448646,lstm
2020-10-25 11:30:00,0.095,0.08371509,lstm
2020-10-25 11:45:00,0.1144,0.056055635,lstm
2020-10-25 11:45:00,0.1066,0.07666794,lstm
2020-10-25 11:45:00,0.095,0.08472711,lstm
2020-10-25 11:45:00,0.0956,0.08056333,lstm
2020-10-25 12:00:00,0.1066,0.050587013,lstm
2020-10-25 12:00:00,0.095000006,0.069614075,lstm
2020-10-25 12:00:00,0.0956,0.074545346,lstm
2020-10-25 12:00:00,0.0966,0.06665069,lstm
2020-10-25 12:15:00,0.095,0.051765636,lstm
2020-10-25 12:15:00,0.0956,0.06873895,lstm
2020-10-25 12:15:00,0.0966,0.07011472,lstm
2020-10-25 12:15:00,0.1156,0.060543925,lstm
2020-10-25 12:30:00,0.0956,0.05533141,lstm
2020-10-25 12:30:00,0.096599996,0.06945663,lstm
2020-10-25 12:30:00,0.1156,0.068205416,lstm
2020-10-25 12:30:00,0.1116,0.057953924,lstm
2020-10-25 12:45:00,0.09660001,0.06275995,lstm
2020-10-25 12:45:00,0.11559999,0.07673765,lstm
2020-10-25 12:45:00,0.11159999,0.07316603,lstm
2020-10-25 12:45:00,0.1122,0.064349815,lstm
2020-10-25 13:00:00,0.1156,0.061722457,lstm
2020-10-25 13:00:00,0.1116,0.07253657,lstm
2020-10-25 13:00:00,0.11220001,0.06972537,lstm
2020-10-25 13:00:00,0.1142,0.060383126,lstm
2020-10-25 13:15:00,0.1116,0.06125647,lstm
2020-10-25 13:15:00,0.1122,0.069485016,lstm
2020-10-25 13:15:00,0.1142,0.07109011,lstm
2020-10-25 13:15:00,0.115,0.060322925,lstm
2020-10-25 13:30:00,0.1122,0.04089527,lstm
2020-10-25 13:30:00,0.1142,0.04190789,lstm
2020-10-25 13:30:00,0.11500001,0.047569185,lstm
2020-10-25 13:30:00,0.1146,0.031201512,lstm
2020-10-25 13:45:00,0.1142,0.026926234,lstm
2020-10-25 13:45:00,0.115,0.025220856,lstm
2020-10-25 13:45:00,0.1146,0.03334953,lstm
2020-10-25 13:45:00,0.104200006,0.013570011,lstm
2020-10-25 14:00:00,0.115,0.02699238,lstm
2020-10-25 14:00:00,0.1146,0.021170452,lstm
2020-10-25 14:00:00,0.1042,0.03510125,lstm
2020-10-25 14:00:00,0.102800004,0.014085725,lstm
2020-10-25 14:15:00,0.1146,0.025115952,lstm
2020-10-25 14:15:00,0.1042,0.015865505,lstm
2020-10-25 14:15:00,0.1028,0.035207585,lstm
2020-10-25 14:15:00,0.1018,0.01626961,lstm
2020-10-25 14:30:00,0.1042,0.0137399435,lstm
2020-10-25 14:30:00,0.1028,0.00315921,lstm
2020-10-25 14:30:00,0.1018,0.027789667,lstm
2020-10-25 14:30:00,0.1024,0.014697507,lstm
2020-10-25 14:45:00,0.1028,0.009242132,lstm
2020-10-25 14:45:00,0.1018,-0.0044002384,lstm
2020-10-25 14:45:00,0.1024,0.02357699,lstm
2020-10-25 14:45:00,0.1032,0.016287819,lstm
2020-10-25 15:00:00,0.1018,0.009106368,lstm
2020-10-25 15:00:00,0.1024,-0.0071896464,lstm
2020-10-25 15:00:00,0.1032,0.02504529,lstm
2020-10-25 15:00:00,0.1038,0.026336625,lstm
2020-10-25 15:15:00,0.1024,0.02515246,lstm
2020-10-25 15:15:00,0.1032,0.008621335,lstm
2020-10-25 15:15:00,0.103800006,0.040332526,lstm
2020-10-25 15:15:00,0.104,0.05585572,lstm
2020-10-25 15:30:00,0.1032,0.07085327,lstm
2020-10-25 15:30:00,0.1038,0.07124647,lstm
2020-10-25 15:30:00,0.104,0.0984827,lstm
2020-10-25 15:30:00,0.105,0.12684193,lstm
2020-10-25 15:45:00,0.1038,0.1364324,lstm
2020-10-25 15:45:00,0.104,0.1546199,lstm
2020-10-25 15:45:00,0.105,0.17996004,lstm
2020-10-25 15:45:00,0.10699999,0.20387638,lstm
2020-10-25 16:00:00,0.103999995,0.22617827,lstm
2020-10-25 16:00:00,0.105,0.27842242,lstm
2020-10-25 16:00:00,0.107,0.30606383,lstm
2020-10-25 16:00:00,0.1078,0.3239631,lstm
2020-10-25 16:15:00,0.105,0.40003058,lstm
2020-10-25 16:15:00,0.107,0.4139607,lstm
2020-10-25 16:15:00,0.1078,0.4218254,lstm
2020-10-25 16:15:00,0.1082,0.44471514,lstm
2020-10-25 16:30:00,0.107,0.56203127,lstm
2020-10-25 16:30:00,0.1078,0.53466344,lstm
2020-10-25 16:30:00,0.1082,0.52090305,lstm
2020-10-25 16:30:00,0.108399995,0.5135391,lstm
2020-10-25 16:45:00,0.1078,0.5780504,lstm
2020-10-25 16:45:00,0.1082,0.53818554,lstm
2020-10-25 16:45:00,0.1084,0.4914288,lstm
2020-10-25 16:45:00,0.1092,0.45733917,lstm
2020-10-25 17:00:00,0.1082,0.5365385,lstm
2020-10-25 17:00:00,0.1084,0.49365857,lstm
2020-10-25 17:00:00,0.1092,0.43131453,lstm
2020-10-25 17:00:00,0.1076,0.38595736,lstm
2020-10-25 17:15:00,0.1084,0.406254,lstm
2020-10-25 17:15:00,0.1092,0.37139577,lstm
2020-10-25 17:15:00,0.1076,0.32148156,lstm
2020-10-25 17:15:00,0.1258,0.27507672,lstm
2020-10-25 17:30:00,0.1092,0.39598984,lstm
2020-10-25 17:30:00,0.1076,0.33959377,lstm
2020-10-25 17:30:00,0.1258,0.2749219,lstm
2020-10-25 17:30:00,0.144,0.21160929,lstm
2020-10-25 17:45:00,0.1076,0.34489107,lstm
2020-10-25 17:45:00,0.1258,0.27430242,lstm
2020-10-25 17:45:00,0.144,0.20366961,lstm
2020-10-25 17:45:00,0.1088,0.13579056,lstm
2020-10-25 18:00:00,0.1258,0.27312607,lstm
2020-10-25 18:00:00,0.144,0.19931822,lstm
2020-10-25 18:00:00,0.1088,0.12738314,lstm
2020-10-25 18:00:00,0.03660001,0.06768918,lstm
2020-10-25 18:15:00,0.144,0.20889622,lstm
2020-10-25 18:15:00,0.1088,0.14407949,lstm
2020-10-25 18:15:00,0.03660001,0.07594606,lstm
2020-10-25 18:15:00,0.0048000067,0.028323844,lstm
2020-10-25 18:30:00,0.1088,0.15444866,lstm
2020-10-25 18:30:00,0.036599994,0.10310371,lstm
2020-10-25 18:30:00,0.0048000067,0.044184104,lstm
2020-10-25 18:30:00,0.0,0.009934649,lstm
2020-10-25 18:45:00,0.036599994,0.0952317,lstm
2020-10-25 18:45:00,0.0048000067,0.054141656,lstm
2020-10-25 18:45:00,0.0,0.016612932,lstm
2020-10-25 18:45:00,0.0,-4.412234e-05,lstm
2020-10-25 19:00:00,0.0048000067,0.040407196,lstm
2020-10-25 19:00:00,0.0,0.014176488,lstm
2020-10-25 19:00:00,0.0,-0.0031144917,lstm
2020-10-25 19:00:00,0.0,-0.0045152754,lstm
2020-10-25 19:15:00,0.0,0.015510038,lstm
2020-10-25 19:15:00,0.0,0.0008582473,lstm
2020-10-25 19:15:00,0.0,-0.0052618235,lstm
2020-10-25 19:15:00,0.0,-0.003725186,lstm
2020-10-25 19:30:00,0.0,0.0055176914,lstm
2020-10-25 19:30:00,0.0,-0.0023605227,lstm
2020-10-25 19:30:00,0.0,-0.003953859,lstm
2020-10-25 19:30:00,0.0,-0.0019415319,lstm
2020-10-25 19:45:00,0.0,0.0016251802,lstm
2020-10-25 19:45:00,0.0,-0.0032604933,lstm
2020-10-25 19:45:00,0.0,-0.003024593,lstm
2020-10-25 19:45:00,0.0,-0.001036793,lstm
2020-10-25 20:00:00,0.0,-0.0001565069,lstm
2020-10-25 20:00:00,0.0,-0.0035810173,lstm
2020-10-25 20:00:00,0.0,-0.0024983138,lstm
2020-10-25 20:00:00,0.0,-0.00058086216,lstm
2020-10-25 20:15:00,0.0,-0.0010255426,lstm
2020-10-25 20:15:00,0.0,-0.0037029088,lstm
2020-10-25 20:15:00,0.0,-0.00219737,lstm
2020-10-25 20:15:00,0.0,-0.0003029555,lstm
2020-10-25 20:30:00,0.0,-0.001493305,lstm
2020-10-25 20:30:00,0.0,-0.003753513,lstm
2020-10-25 20:30:00,0.0,-0.002006635,lstm
2020-10-25 20:30:00,0.0,-0.000112727284,lstm
2020-10-25 20:45:00,0.0,-0.00179483,lstm
2020-10-25 20:45:00,0.0,-0.0038739592,lstm
2020-10-25 20:45:00,0.0,-0.0020417124,lstm
2020-10-25 20:45:00,0.0,-4.978478e-05,lstm
2020-10-25 21:00:00,0.0,-0.0019809455,lstm
2020-10-25 21:00:00,0.0,-0.0038981885,lstm
2020-10-25 21:00:00,0.0,-0.0019955635,lstm
2020-10-25 21:00:00,0.0,5.991757e-05,lstm
2020-10-25 21:15:00,0.0,-0.0020833611,lstm
2020-10-25 21:15:00,0.0,-0.0038870275,lstm
2020-10-25 21:15:00,0.0,-0.0019473583,lstm
2020-10-25 21:15:00,0.0,0.00014473498,lstm
2020-10-25 21:30:00,0.0,-0.0021479428,lstm
2020-10-25 21:30:00,0.0,-0.0038701594,lstm
2020-10-25 21:30:00,0.0,-0.0018994063,lstm
2020-10-25 21:30:00,0.0,0.0002156198,lstm
2020-10-25 21:45:00,0.0,-0.002250895,lstm
2020-10-25 21:45:00,0.0,-0.0039426535,lstm
2020-10-25 21:45:00,0.0,-0.0020239204,lstm
2020-10-25 21:45:00,0.0,0.00020518899,lstm
2020-10-25 22:00:00,0.0,-0.0022828728,lstm
2020-10-25 22:00:00,0.0,-0.003912568,lstm
2020-10-25 22:00:00,0.0,-0.001993388,lstm
2020-10-25 22:00:00,0.0,0.00028552115,lstm
2020-10-25 22:15:00,0.0,-0.0022993833,lstm
2020-10-25 22:15:00,0.0,-0.003879562,lstm
2020-10-25 22:15:00,0.0,-0.0019598007,lstm
2020-10-25 22:15:00,0.0,0.00034412742,lstm
2020-10-25 22:30:00,0.0,-0.002304092,lstm
2020-10-25 22:30:00,0.0,-0.003844276,lstm
2020-10-25 22:30:00,0.0,-0.0019278824,lstm
2020-10-25 22:30:00,0.0,0.00039613247,lstm
2020-10-25 22:45:00,0.0,-0.0023962557,lstm
2020-10-25 22:45:00,0.0,-0.0039060563,lstm
2020-10-25 22:45:00,0.0,-0.0020615757,lstm
2020-10-25 22:45:00,0.0,0.00036637485,lstm
2020-10-25 23:00:00,0.0,-0.0023921877,lstm
2020-10-25 23:00:00,0.0,-0.003859654,lstm
2020-10-25 23:00:00,0.0,-0.0020264834,lstm
2020-10-25 23:00:00,0.0,0.00042521954,lstm
2020-10-25 23:15:00,0.0,-0.0023853928,lstm
2020-10-25 23:15:00,0.0,-0.003819868,lstm
2020-10-25 23:15:00,0.0,-0.0019914657,lstm
2020-10-25 23:15:00,0.0,0.00046534836,lstm
2020-10-25 23:30:00,0.0,-0.0023810267,lstm
2020-10-25 23:30:00,0.0,-0.0037909597,lstm
2020-10-25 23:30:00,0.0,-0.001962617,lstm
2020-10-25 23:30:00,0.0,0.00049598515,lstm
2020-10-25 23:45:00,0.0,-0.0024628937,lstm
2020-10-25 23:45:00,0.0,-0.003840819,lstm
2020-10-25 23:45:00,0.0,-0.0020948201,lstm
2020-10-25 23:45:00,0.0,0.00043956935,lstm
2020-10-26 00:00:00,0.0,-0.002440527,lstm
2020-10-26 00:00:00,0.0,-0.0037836432,lstm
2020-10-26 00:00:00,0.0,-0.0020502806,lstm
2020-10-26 00:00:00,0.0,0.00048665702,lstm
2020-10-26 00:15:00,0.0,-0.002426222,lstm
2020-10-26 00:15:00,0.0,-0.0037543774,lstm
2020-10-26 00:15:00,0.0,-0.002022326,lstm
2020-10-26 00:15:00,0.0,0.000508517,lstm
2020-10-26 00:30:00,0.0,-0.00241974,lstm
2020-10-26 00:30:00,0.0,-0.003736481,lstm
2020-10-26 00:30:00,0.0,-0.0020022392,lstm
2020-10-26 00:30:00,0.0,0.0005232096,lstm
2020-10-26 00:45:00,0.0,-0.0024790913,lstm
2020-10-26 00:45:00,0.0,-0.0037715584,lstm
2020-10-26 00:45:00,0.0,-0.0021260232,lstm
2020-10-26 00:45:00,0.0,0.0004491955,lstm
2020-10-26 01:00:00,0.0,-0.0024480075,lstm
2020-10-26 01:00:00,0.0,-0.0037188828,lstm
2020-10-26 01:00:00,0.0,-0.0020825118,lstm
2020-10-26 01:00:00,0.0,0.0004774332,lstm
2020-10-26 01:15:00,0.0,-0.0024305433,lstm
2020-10-26 01:15:00,0.0,-0.0036972165,lstm
2020-10-26 01:15:00,0.0,-0.002057299,lstm
2020-10-26 01:15:00,0.0,0.00048406422,lstm
2020-10-26 01:30:00,0.0,-0.0024199635,lstm
2020-10-26 01:30:00,0.0,-0.003685549,lstm
2020-10-26 01:30:00,0.0,-0.0020474195,lstm
2020-10-26 01:30:00,0.0,0.00048051775,lstm
2020-10-26 01:45:00,0.0,-0.0024787188,lstm
2020-10-26 01:45:00,0.0,-0.0037246346,lstm
2020-10-26 01:45:00,0.0,-0.0021576285,lstm
2020-10-26 01:45:00,0.0,0.0003875792,lstm
2020-10-26 02:00:00,0.0,-0.0024504364,lstm
2020-10-26 02:00:00,0.0,-0.0036872923,lstm
2020-10-26 02:00:00,0.0,-0.002123937,lstm
2020-10-26 02:00:00,0.0,0.0003851503,lstm
2020-10-26 02:15:00,0.0,-0.0024282187,lstm
2020-10-26 02:15:00,0.0,-0.0036762953,lstm
2020-10-26 02:15:00,0.0,-0.0021166503,lstm
2020-10-26 02:15:00,0.0,0.00036528707,lstm
2020-10-26 02:30:00,0.0,-0.0024159104,lstm
2020-10-26 02:30:00,0.0,-0.0036809891,lstm
2020-10-26 02:30:00,0.0,-0.0021190792,lstm
2020-10-26 02:30:00,0.0,0.0003466308,lstm
2020-10-26 02:45:00,0.0,-0.0024564713,lstm
2020-10-26 02:45:00,0.0,-0.0037151128,lstm
2020-10-26 02:45:00,0.0,-0.0022162646,lstm
2020-10-26 02:45:00,0.0,0.00023673475,lstm
2020-10-26 03:00:00,0.0,-0.002426222,lstm
2020-10-26 03:00:00,0.0,-0.0036931336,lstm
2020-10-26 03:00:00,0.0,-0.0021961182,lstm
2020-10-26 03:00:00,0.0,0.00020678341,lstm
2020-10-26 03:15:00,0.0,-0.0024020076,lstm
2020-10-26 03:15:00,0.0,-0.0036972463,lstm
2020-10-26 03:15:00,0.0,-0.002198726,lstm
2020-10-26 03:15:00,0.0,0.00016649067,lstm
2020-10-26 03:30:00,0.0,-0.00238581,lstm
2020-10-26 03:30:00,0.0,-0.0037117302,lstm
2020-10-26 03:30:00,0.0,-0.00221242,lstm
2020-10-26 03:30:00,0.0,0.00012636185,lstm
2020-10-26 03:45:00,0.0,-0.0024248362,lstm
2020-10-26 03:45:00,0.0,-0.0037562847,lstm
2020-10-26 03:45:00,0.0,-0.0022835732,lstm
2020-10-26 03:45:00,0.0,1.0058284e-05,lstm
2020-10-26 04:00:00,0.0,-0.0024160743,lstm
2020-10-26 04:00:00,0.0,-0.0037760884,lstm
2020-10-26 04:00:00,0.0,-0.002283439,lstm
2020-10-26 04:00:00,0.0,-6.0766935e-05,lstm
2020-10-26 04:15:00,0.0,-0.0023975223,lstm
2020-10-26 04:15:00,0.0,-0.0038166791,lstm
2020-10-26 04:15:00,0.0,-0.002328381,lstm
2020-10-26 04:15:00,0.0,-0.00014519691,lstm
2020-10-26 04:30:00,0.0,-0.0023759604,lstm
2020-10-26 04:30:00,0.0,-0.0038477033,lstm
2020-10-26 04:30:00,0.0,-0.002369061,lstm
2020-10-26 04:30:00,0.0,-0.00020690262,lstm
2020-10-26 04:45:00,0.0,-0.0024163425,lstm
2020-10-26 04:45:00,0.0,-0.0039081126,lstm
2020-10-26 04:45:00,0.0,-0.002427265,lstm
2020-10-26 04:45:00,0.0,-0.0003208965,lstm
2020-10-26 05:00:00,0.0,-0.0024144202,lstm
2020-10-26 05:00:00,0.0,-0.0039682686,lstm
2020-10-26 05:00:00,0.0,-0.0024754554,lstm
2020-10-26 05:00:00,0.0,-0.0004336089,lstm
2020-10-26 05:15:00,0.0,-0.0024026632,lstm
2020-10-26 05:15:00,0.0,-0.0040355623,lstm
2020-10-26 05:15:00,0.0,-0.0025328547,lstm
2020-10-26 05:15:00,0.0,-0.0005209297,lstm
2020-10-26 05:30:00,0.0,-0.0023925006,lstm
2020-10-26 05:30:00,0.0,-0.0040992796,lstm
2020-10-26 05:30:00,0.0,-0.0025885105,lstm
2020-10-26 05:30:00,0.0,-0.00059472024,lstm
2020-10-26 05:45:00,0.0,-0.002446428,lstm
2020-10-26 05:45:00,0.0,-0.0041889846,lstm
2020-10-26 05:45:00,0.0,-0.0026522279,lstm
2020-10-26 05:45:00,0.0,-0.00069722533,lstm
2020-10-26 06:00:00,0.0,-0.0024705827,lstm
2020-10-26 06:00:00,0.0,-0.004302576,lstm
2020-10-26 06:00:00,0.0,-0.0027229637,lstm
2020-10-26 06:00:00,0.0,-0.0007959604,lstm
2020-10-26 06:15:00,0.0,-0.0024684817,lstm
2020-10-26 06:15:00,0.0,-0.0044100583,lstm
2020-10-26 06:15:00,0.0,-0.002800405,lstm
2020-10-26 06:15:00,0.0,-0.0008613318,lstm
2020-10-26 06:30:00,0.0,-0.0024597794,lstm
2020-10-26 06:30:00,0.0,-0.0045117736,lstm
2020-10-26 06:30:00,0.0,-0.0028775334,lstm
2020-10-26 06:30:00,0.0,-0.0009060651,lstm
2020-10-26 06:45:00,0.0,-0.0025202334,lstm
2020-10-26 06:45:00,0.0,-0.0046245456,lstm
2020-10-26 06:45:00,0.0,-0.002898693,lstm
2020-10-26 06:45:00,0.0,-0.00088855624,lstm
2020-10-26 07:00:00,0.0,-0.0025587827,lstm
2020-10-26 07:00:00,0.0,-0.004788339,lstm
2020-10-26 07:00:00,0.0,-0.0029494911,lstm
2020-10-26 07:00:00,0.0,-0.0008510798,lstm
2020-10-26 07:15:00,0.0,-0.0025399923,lstm
2020-10-26 07:15:00,0.0,-0.004937917,lstm
2020-10-26 07:15:00,0.0,-0.0029964,lstm
2020-10-26 07:15:00,0.0,-0.00072954595,lstm
2020-10-26 07:30:00,0.0,-0.0024849325,lstm
2020-10-26 07:30:00,0.0,-0.005087018,lstm
2020-10-26 07:30:00,0.0,-0.0030127019,lstm
2020-10-26 07:30:00,0.0,-0.00050729513,lstm
2020-10-26 07:45:00,0.0,-0.002448991,lstm
2020-10-26 07:45:00,0.0,-0.005190909,lstm
2020-10-26 07:45:00,0.0,-0.0028209537,lstm
2020-10-26 07:45:00,0.0,8.5920095e-05,lstm
2020-10-26 08:00:00,0.0,-0.0023773164,lstm
2020-10-26 08:00:00,0.0,-0.005372584,lstm
2020-10-26 08:00:00,0.0,-0.0024856925,lstm
2020-10-26 08:00:00,0.0031999946,0.0012772679,lstm
2020-10-26 08:15:00,0.0,-0.002072826,lstm
2020-10-26 08:15:00,0.0,-0.005415648,lstm
2020-10-26 08:15:00,0.0031999946,-0.0012117326,lstm
2020-10-26 08:15:00,0.015400007,0.005052328,lstm
2020-10-26 08:30:00,0.0,-0.0018426627,lstm
2020-10-26 08:30:00,0.0031999797,-0.0031491965,lstm
2020-10-26 08:30:00,0.015400007,0.0071033686,lstm
2020-10-26 08:30:00,0.033000007,0.025399104,lstm
2020-10-26 08:45:00,0.0031999946,-0.0019475818,lstm
2020-10-26 08:45:00,0.0153999925,0.010640502,lstm
2020-10-26 08:45:00,0.032999992,0.038125247,lstm
2020-10-26 08:45:00,0.0616,0.08529683,lstm
2020-10-26 09:00:00,0.0153999925,0.0050385,lstm
2020-10-26 09:00:00,0.032999992,0.03828025,lstm
2020-10-26 09:00:00,0.0616,0.09261674,lstm
2020-10-26 09:00:00,0.078999996,0.16824092,lstm
2020-10-26 09:15:00,0.032999992,0.04075192,lstm
2020-10-26 09:15:00,0.0616,0.08971617,lstm
2020-10-26 09:15:00,0.079,0.1668969,lstm
2020-10-26 09:15:00,0.111,0.24314538,lstm
2020-10-26 09:30:00,0.0616,0.06010841,lstm
2020-10-26 09:30:00,0.079,0.11654414,lstm
2020-10-26 09:30:00,0.111,0.18922126,lstm
2020-10-26 09:30:00,0.1756,0.246792,lstm
2020-10-26 09:45:00,0.079,0.103171445,lstm
2020-10-26 09:45:00,0.111,0.16308843,lstm
2020-10-26 09:45:00,0.1756,0.22790538,lstm
2020-10-26 09:45:00,0.1916,0.27474827,lstm
2020-10-26 10:00:00,0.111,0.10686203,lstm
2020-10-26 10:00:00,0.1756,0.16036153,lstm
2020-10-26 10:00:00,0.1916,0.21174157,lstm
2020-10-26 10:00:00,0.1942,0.25169683,lstm
2020-10-26 10:15:00,0.1756,0.14674304,lstm
2020-10-26 10:15:00,0.1916,0.19353084,lstm
2020-10-26 10:15:00,0.1942,0.23839988,lstm
2020-10-26 10:15:00,0.276,0.27423495,lstm
2020-10-26 10:30:00,0.1916,0.2258851,lstm
2020-10-26 10:30:00,0.1942,0.2682703,lstm
2020-10-26 10:30:00,0.276,0.30898958,lstm
2020-10-26 10:30:00,0.3148,0.34729823,lstm
2020-10-26 10:45:00,0.1942,0.22347586,lstm
2020-10-26 10:45:00,0.276,0.2748173,lstm
2020-10-26 10:45:00,0.3148,0.313122,lstm
2020-10-26 10:45:00,0.5282,0.35798055,lstm
2020-10-26 11:00:00,0.276,0.22953928,lstm
2020-10-26 11:00:00,0.3148,0.28741276,lstm
2020-10-26 11:00:00,0.5282,0.33005896,lstm
2020-10-26 11:00:00,0.6728,0.37574875,lstm
2020-10-26 11:15:00,0.3148,0.35291982,lstm
2020-10-26 11:15:00,0.5282,0.40373883,lstm
2020-10-26 11:15:00,0.6728,0.44773698,lstm
2020-10-26 11:15:00,0.6648,0.48867714,lstm
2020-10-26 11:30:00,0.5282,0.37295735,lstm
2020-10-26 11:30:00,0.6728,0.4220258,lstm
2020-10-26 11:30:00,0.6648,0.46254623,lstm
2020-10-26 11:30:00,0.746,0.5012074,lstm
2020-10-26 11:45:00,0.6728,0.5474111,lstm
2020-10-26 11:45:00,0.66480005,0.5695096,lstm
2020-10-26 11:45:00,0.746,0.6044317,lstm
2020-10-26 11:45:00,0.5322,0.632692,lstm
2020-10-26 12:00:00,0.6648,0.6458229,lstm
2020-10-26 12:00:00,0.74599993,0.6604959,lstm
2020-10-26 12:00:00,0.5322,0.6844953,lstm
2020-10-26 12:00:00,0.6648,0.7123416,lstm
2020-10-26 12:15:00,0.746,0.66376424,lstm
2020-10-26 12:15:00,0.5322,0.6889826,lstm
2020-10-26 12:15:00,0.6648,0.70447505,lstm
2020-10-26 12:15:00,0.8436,0.7241771,lstm
2020-10-26 12:30:00,0.5322,0.7381018,lstm
2020-10-26 12:30:00,0.66480005,0.75214696,lstm
2020-10-26 12:30:00,0.8436,0.76228666,lstm
2020-10-26 12:30:00,0.8408,0.7856474,lstm
2020-10-26 12:45:00,0.6648,0.5806525,lstm
2020-10-26 12:45:00,0.8435999,0.61886764,lstm
2020-10-26 12:45:00,0.8408,0.62559915,lstm
2020-10-26 12:45:00,0.85679996,0.62189686,lstm
2020-10-26 13:00:00,0.8436,0.7233939,lstm
2020-10-26 13:00:00,0.84080005,0.72054636,lstm
2020-10-26 13:00:00,0.8568,0.724207,lstm
2020-10-26 13:00:00,0.8596,0.74194664,lstm
2020-10-26 13:15:00,0.8407999,0.80885625,lstm
2020-10-26 13:15:00,0.85679996,0.79714763,lstm
2020-10-26 13:15:00,0.8596,0.80176556,lstm
2020-10-26 13:15:00,0.8524,0.8158239,lstm
2020-10-26 13:30:00,0.8568,0.79831505,lstm
2020-10-26 13:30:00,0.85959995,0.79504883,lstm
2020-10-26 13:30:00,0.8524,0.7968646,lstm
2020-10-26 13:30:00,0.8414,0.79604036,lstm
2020-10-26 13:45:00,0.8596,0.812134,lstm
2020-10-26 13:45:00,0.85239995,0.80256224,lstm
2020-10-26 13:45:00,0.8414,0.8014785,lstm
2020-10-26 13:45:00,0.8196,0.7997449,lstm
2020-10-26 14:00:00,0.8524,0.81398386,lstm
2020-10-26 14:00:00,0.8414,0.7996869,lstm
2020-10-26 14:00:00,0.8196,0.79427356,lstm
2020-10-26 14:00:00,0.8086,0.7869257,lstm
2020-10-26 14:15:00,0.8414,0.8032543,lstm
2020-10-26 14:15:00,0.8196,0.7819172,lstm
2020-10-26 14:15:00,0.8086,0.7707805,lstm
2020-10-26 14:15:00,0.7892,0.7562159,lstm
2020-10-26 14:30:00,0.8196,0.7974291,lstm
2020-10-26 14:30:00,0.80859995,0.77086806,lstm
2020-10-26 14:30:00,0.7892,0.75544935,lstm
2020-10-26 14:30:00,0.76159996,0.73780847,lstm
2020-10-26 14:45:00,0.8086,0.78244764,lstm
2020-10-26 14:45:00,0.78919995,0.7500614,lstm
2020-10-26 14:45:00,0.7616,0.7265138,lstm
2020-10-26 14:45:00,0.7306,0.7023501,lstm
2020-10-26 15:00:00,0.7892,0.76987755,lstm
2020-10-26 15:00:00,0.7616,0.73077714,lstm
2020-10-26 15:00:00,0.7306,0.70135355,lstm
2020-10-26 15:00:00,0.719,0.67439836,lstm
2020-10-26 15:15:00,0.7616,0.75274694,lstm
2020-10-26 15:15:00,0.7306,0.7090806,lstm
2020-10-26 15:15:00,0.719,0.6738738,lstm
2020-10-26 15:15:00,0.684,0.6433254,lstm
2020-10-26 15:30:00,0.7306,0.728018,lstm
2020-10-26 15:30:00,0.719,0.679349,lstm
2020-10-26 15:30:00,0.684,0.6374873,lstm
2020-10-26 15:30:00,0.6354,0.6018586,lstm
2020-10-26 15:45:00,0.719,0.7137255,lstm
2020-10-26 15:45:00,0.684,0.6595937,lstm
2020-10-26 15:45:00,0.6354,0.6126581,lstm
2020-10-26 15:45:00,0.54,0.57159513,lstm
2020-10-26 16:00:00,0.684,0.70543855,lstm
2020-10-26 16:00:00,0.63540006,0.64352,lstm
2020-10-26 16:00:00,0.54,0.5935286,lstm
2020-10-26 16:00:00,0.48980004,0.55124676,lstm
2020-10-26 16:15:00,0.6354,0.67784643,lstm
2020-10-26 16:15:00,0.54,0.6120713,lstm
2020-10-26 16:15:00,0.48980004,0.55478245,lstm
2020-10-26 16:15:00,0.4288,0.50628847,lstm
2020-10-26 16:30:00,0.54,0.6411264,lstm
2020-10-26 16:30:00,0.4898,0.57333016,lstm
2020-10-26 16:30:00,0.4288,0.5146848,lstm
2020-10-26 16:30:00,0.3732,0.46328902,lstm
2020-10-26 16:45:00,0.4898,0.553457,lstm
2020-10-26 16:45:00,0.4288,0.48837867,lstm
2020-10-26 16:45:00,0.3732,0.43098003,lstm
2020-10-26 16:45:00,0.3354,0.37134334,lstm
2020-10-26 17:00:00,0.4288,0.49827862,lstm
2020-10-26 17:00:00,0.3732,0.42800686,lstm
2020-10-26 17:00:00,0.3354,0.36500448,lstm
2020-10-26 17:00:00,0.2904,0.29919562,lstm
2020-10-26 17:15:00,0.3732,0.43523213,lstm
2020-10-26 17:15:00,0.3354,0.35739392,lstm
2020-10-26 17:15:00,0.2904,0.28270274,lstm
2020-10-26 17:15:00,0.2212,0.21479547,lstm
2020-10-26 17:30:00,0.3354,0.37350672,lstm
2020-10-26 17:30:00,0.2904,0.28180924,lstm
2020-10-26 17:30:00,0.2212,0.20534872,lstm
2020-10-26 17:30:00,0.1162,0.13839248,lstm
2020-10-26 17:45:00,0.2904,0.31494507,lstm
2020-10-26 17:45:00,0.2212,0.22272709,lstm
2020-10-26 17:45:00,0.1162,0.14758311,lstm
2020-10-26 17:45:00,0.046199992,0.08796221,lstm
2020-10-26 18:00:00,0.2212,0.2441096,lstm
2020-10-26 18:00:00,0.1162,0.15714665,lstm
2020-10-26 18:00:00,0.046199992,0.08919521,lstm
2020-10-26 18:00:00,0.017200023,0.042226613,lstm
2020-10-26 18:15:00,0.1162,0.15366581,lstm
2020-10-26 18:15:00,0.046200007,0.083262004,lstm
2020-10-26 18:15:00,0.017200008,0.037810996,lstm
2020-10-26 18:15:00,0.0012000054,0.011571571,lstm
2020-10-26 18:30:00,0.046200022,0.070513956,lstm
2020-10-26 18:30:00,0.017199993,0.026554704,lstm
2020-10-26 18:30:00,0.0012000054,0.002755493,lstm
2020-10-26 18:30:00,0.0,-0.00082056224,lstm
2020-10-26 18:45:00,0.017199993,0.029424056,lstm
2020-10-26 18:45:00,0.0012000054,0.004909843,lstm
2020-10-26 18:45:00,0.0,-0.00553672,lstm
2020-10-26 18:45:00,0.0,-0.0032543987,lstm
2020-10-26 19:00:00,0.0012000054,0.012353063,lstm
2020-10-26 19:00:00,0.0,-0.0011864156,lstm
2020-10-26 19:00:00,0.0,-0.004832864,lstm
2020-10-26 19:00:00,0.0,-0.002073735,lstm
2020-10-26 19:15:00,0.0,0.004618317,lstm
2020-10-26 19:15:00,0.0,-0.0028806478,lstm
2020-10-26 19:15:00,0.0,-0.0037644058,lstm
2020-10-26 19:15:00,0.0,-0.001125589,lstm
2020-10-26 19:30:00,0.0,0.001286611,lstm
2020-10-26 19:30:00,0.0,-0.00323686,lstm
2020-10-26 19:30:00,0.0,-0.002582267,lstm
2020-10-26 19:30:00,0.0,-0.00036863983,lstm
2020-10-26 19:45:00,0.0,-0.0003401339,lstm
2020-10-26 19:45:00,0.0,-0.0035355985,lstm
2020-10-26 19:45:00,0.0,-0.0021671504,lstm
2020-10-26 19:45:00,0.0,-0.00018128753,lstm
2020-10-26 20:00:00,0.0,-0.0012288988,lstm
2020-10-26 20:00:00,0.0,-0.0037100613,lstm
2020-10-26 20:00:00,0.0,-0.0019679219,lstm
2020-10-26 20:00:00,0.0,-4.74602e-05,lstm
2020-10-26 20:15:00,0.0,-0.0016426444,lstm
2020-10-26 20:15:00,0.0,-0.0037755668,lstm
2020-10-26 20:15:00,0.0,-0.0018533915,lstm
2020-10-26 20:15:00,0.0,4.518032e-05,lstm
2020-10-26 20:30:00,0.0,-0.0018501133,lstm
2020-10-26 20:30:00,0.0,-0.003807485,lstm
2020-10-26 20:30:00,0.0,-0.0017821342,lstm
2020-10-26 20:30:00,0.0,0.000102221966,lstm
2020-10-26 20:45:00,0.0,-0.0019861162,lstm
2020-10-26 20:45:00,0.0,-0.003904909,lstm
2020-10-26 20:45:00,0.0,-0.0018984675,lstm
2020-10-26 20:45:00,0.0,7.480383e-05,lstm
2020-10-26 21:00:00,0.0,-0.0020865053,lstm
2020-10-26 21:00:00,0.0,-0.003916815,lstm
2020-10-26 21:00:00,0.0,-0.0018935353,lstm
2020-10-26 21:00:00,0.0,0.00013962388,lstm
2020-10-26 21:15:00,0.0,-0.002144441,lstm
2020-10-26 21:15:00,0.0,-0.0039043128,lstm
2020-10-26 21:15:00,0.0,-0.0018678159,lstm
2020-10-26 21:15:00,0.0,0.00019223988,lstm
2020-10-26 21:30:00,0.0,-0.0021728724,lstm
2020-10-26 21:30:00,0.0,-0.0038816333,lstm
2020-10-26 21:30:00,0.0,-0.0018444657,lstm
2020-10-26 21:30:00,0.0,0.00023515522,lstm
2020-10-26 21:45:00,0.0,-0.0022598207,lstm
2020-10-26 21:45:00,0.0,-0.003950238,lstm
2020-10-26 21:45:00,0.0,-0.0019768625,lstm
2020-10-26 21:45:00,0.0,0.00021708012,lstm
2020-10-26 22:00:00,0.0,-0.0022868812,lstm
2020-10-26 22:00:00,0.0,-0.0039248914,lstm
2020-10-26 22:00:00,0.0,-0.0019605458,lstm
2020-10-26 22:00:00,0.0,0.00028461218,lstm
2020-10-26 22:15:00,0.0,-0.0022948682,lstm
2020-10-26 22:15:00,0.0,-0.0038946867,lstm
2020-10-26 22:15:00,0.0,-0.0019389242,lstm
2020-10-26 22:15:00,0.0,0.00033031404,lstm
2020-10-26 22:30:00,0.0,-0.002298817,lstm
2020-10-26 22:30:00,0.0,-0.0038722903,lstm
2020-10-26 22:30:00,0.0,-0.0019190907,lstm
2020-10-26 22:30:00,0.0,0.00036513805,lstm
2020-10-26 22:45:00,0.0,-0.0023835301,lstm
2020-10-26 22:45:00,0.0,-0.003932655,lstm
2020-10-26 22:45:00,0.0,-0.0020538121,lstm
2020-10-26 22:45:00,0.0,0.00032928586,lstm
2020-10-26 23:00:00,0.0,-0.0023837537,lstm
2020-10-26 23:00:00,0.0,-0.0038897246,lstm
2020-10-26 23:00:00,0.0,-0.0020222962,lstm
2020-10-26 23:00:00,0.0,0.00038854778,lstm
2020-10-26 23:15:00,0.0,-0.0023741424,lstm
2020-10-26 23:15:00,0.0,-0.003849119,lstm
2020-10-26 23:15:00,0.0,-0.001994744,lstm
2020-10-26 23:15:00,0.0,0.00042898953,lstm
2020-10-26 23:30:00,0.0,-0.0023697019,lstm
2020-10-26 23:30:00,0.0,-0.0038223565,lstm
2020-10-26 23:30:00,0.0,-0.0019719899,lstm
2020-10-26 23:30:00,0.0,0.00046165287,lstm
2020-10-26 23:45:00,0.0,-0.0024473518,lstm
2020-10-26 23:45:00,0.0,-0.0038681626,lstm
2020-10-26 23:45:00,0.0,-0.0020980537,lstm
2020-10-26 23:45:00,0.0,0.00041271746,lstm
2020-10-27 00:00:00,0.0,-0.0024290234,lstm
2020-10-27 00:00:00,0.0,-0.0038130581,lstm
2020-10-27 00:00:00,0.0,-0.0020544976,lstm
2020-10-27 00:00:00,0.0,0.0004620552,lstm
2020-10-27 00:15:00,0.0,-0.0024172664,lstm
2020-10-27 00:15:00,0.0,-0.0037814379,lstm
2020-10-27 00:15:00,0.0,-0.0020156056,lstm
2020-10-27 00:15:00,0.0,0.0004911423,lstm
2020-10-27 00:30:00,0.0,-0.0024188608,lstm
2020-10-27 00:30:00,0.0,-0.003775552,lstm
2020-10-27 00:30:00,0.0,-0.0019809604,lstm
2020-10-27 00:30:00,0.0,0.0005046874,lstm
2020-10-27 00:45:00,0.0,-0.0024711788,lstm
2020-10-27 00:45:00,0.0,-0.0038193762,lstm
2020-10-27 00:45:00,0.0,-0.0020911992,lstm
2020-10-27 00:45:00,0.0,0.00041908026,lstm
2020-10-27 01:00:00,0.0,-0.0024547875,lstm
2020-10-27 01:00:00,0.0,-0.0037853122,lstm
2020-10-27 01:00:00,0.0,-0.0020619035,lstm
2020-10-27 01:00:00,0.0,0.0004311651,lstm
2020-10-27 01:15:00,0.0,-0.0024303496,lstm
2020-10-27 01:15:00,0.0,-0.0037658066,lstm
2020-10-27 01:15:00,0.0,-0.0020869523,lstm
2020-10-27 01:15:00,0.0,0.00041215122,lstm
2020-10-27 01:30:00,0.0,-0.002396658,lstm
2020-10-27 01:30:00,0.0,-0.0037421733,lstm
2020-10-27 01:30:00,0.0,-0.0021037906,lstm
2020-10-27 01:30:00,0.0,0.00041523576,lstm
2020-10-27 01:45:00,0.0,-0.0024327487,lstm
2020-10-27 01:45:00,0.0,-0.0037625283,lstm
2020-10-27 01:45:00,0.0,-0.0021951646,lstm
2020-10-27 01:45:00,0.0,0.0003503412,lstm
2020-10-27 02:00:00,0.0,-0.002390325,lstm
2020-10-27 02:00:00,0.0,-0.003709659,lstm
2020-10-27 02:00:00,0.0,-0.0021487921,lstm
2020-10-27 02:00:00,0.0,0.00036157668,lstm
2020-10-27 02:15:00,0.0,-0.0023563206,lstm
2020-10-27 02:15:00,0.0,-0.0036882162,lstm
2020-10-27 02:15:00,0.0,-0.0021345764,lstm
2020-10-27 02:15:00,0.0,0.00035318732,lstm
2020-10-27 02:30:00,0.0,-0.00233607,lstm
2020-10-27 02:30:00,0.0,-0.0036788136,lstm
2020-10-27 02:30:00,0.0,-0.0021212548,lstm
2020-10-27 02:30:00,0.0,0.00035110116,lstm
2020-10-27 02:45:00,0.0,-0.0023694485,lstm
2020-10-27 02:45:00,0.0,-0.0036977679,lstm
2020-10-27 02:45:00,0.0,-0.002194211,lstm
2020-10-27 02:45:00,0.0,0.00025950372,lstm
2020-10-27 03:00:00,0.0,-0.0023394972,lstm
2020-10-27 03:00:00,0.0,-0.0036742091,lstm
2020-10-27 03:00:00,0.0,-0.0021713525,lstm
2020-10-27 03:00:00,0.0,0.00023138523,lstm
2020-10-27 03:15:00,0.0,-0.0023116171,lstm
2020-10-27 03:15:00,0.0,-0.003673762,lstm
2020-10-27 03:15:00,0.0,-0.0021796823,lstm
2020-10-27 03:15:00,0.0,0.00019373,lstm
2020-10-27 03:30:00,0.0,-0.0022945553,lstm
2020-10-27 03:30:00,0.0,-0.0036806613,lstm
2020-10-27 03:30:00,0.0,-0.0021835119,lstm
2020-10-27 03:30:00,0.0,0.00017160177,lstm
2020-10-27 03:45:00,0.0,-0.0023237914,lstm
2020-10-27 03:45:00,0.0,-0.003709942,lstm
2020-10-27 03:45:00,0.0,-0.0022482127,lstm
2020-10-27 03:45:00,0.0,6.569922e-05,lstm
2020-10-27 04:00:00,0.0,-0.0022994578,lstm
2020-10-27 04:00:00,0.0,-0.003716424,lstm
2020-10-27 04:00:00,0.0,-0.002255857,lstm
2020-10-27 04:00:00,0.0,-7.599592e-07,lstm
2020-10-27 04:15:00,0.0,-0.0022648126,lstm
2020-10-27 04:15:00,0.0,-0.0037365407,lstm
2020-10-27 04:15:00,0.0,-0.0022885352,lstm
2020-10-27 04:15:00,0.0,-6.7040324e-05,lstm
2020-10-27 04:30:00,0.0,-0.0022363812,lstm
2020-10-27 04:30:00,0.0,-0.0037569404,lstm
2020-10-27 04:30:00,0.0,-0.00232099,lstm
2020-10-27 04:30:00,0.0,-0.00011795759,lstm
2020-10-27 04:45:00,0.0,-0.0022624433,lstm
2020-10-27 04:45:00,0.0,-0.0037966222,lstm
2020-10-27 04:45:00,0.0,-0.002372101,lstm
2020-10-27 04:45:00,0.0,-0.0002181977,lstm
2020-10-27 05:00:00,0.0,-0.00225541,lstm
2020-10-27 05:00:00,0.0,-0.0038426667,lstm
2020-10-27 05:00:00,0.0,-0.0024001896,lstm
2020-10-27 05:00:00,0.0,-0.0003039539,lstm
2020-10-27 05:15:00,0.0,-0.0022390336,lstm
2020-10-27 05:15:00,0.0,-0.003897339,lstm
2020-10-27 05:15:00,0.0,-0.0024482608,lstm
2020-10-27 05:15:00,0.0,-0.00038078427,lstm
2020-10-27 05:30:00,0.0,-0.0022263825,lstm
2020-10-27 05:30:00,0.0,-0.003953412,lstm
2020-10-27 05:30:00,0.0,-0.0025020987,lstm
2020-10-27 05:30:00,0.0,-0.0004466623,lstm
2020-10-27 05:45:00,0.0,-0.0022761226,lstm
2020-10-27 05:45:00,0.0,-0.004029244,lstm
2020-10-27 05:45:00,0.0,-0.0025585294,lstm
2020-10-27 05:45:00,0.0,-0.00053071976,lstm
2020-10-27 06:00:00,0.0,-0.0023094118,lstm
2020-10-27 06:00:00,0.0,-0.0041333884,lstm
2020-10-27 06:00:00,0.0,-0.0026033968,lstm
2020-10-27 06:00:00,0.0,-0.00059868395,lstm
2020-10-27 06:15:00,0.0,-0.0023030639,lstm
2020-10-27 06:15:00,0.0,-0.0042366385,lstm
2020-10-27 06:15:00,0.0,-0.002695635,lstm
2020-10-27 06:15:00,0.0,-0.0006772131,lstm
2020-10-27 06:30:00,0.0,-0.0022536218,lstm
2020-10-27 06:30:00,0.0,-0.004320249,lstm
2020-10-27 06:30:00,0.0,-0.0028074235,lstm
2020-10-27 06:30:00,0.0,-0.0007481277,lstm
2020-10-27 06:45:00,0.0,-0.002269268,lstm
2020-10-27 06:45:00,0.0,-0.0043969303,lstm
2020-10-27 06:45:00,0.0,-0.002818048,lstm
2020-10-27 06:45:00,0.0,-0.000717476,lstm
2020-10-27 07:00:00,0.0,-0.0022926629,lstm
2020-10-27 07:00:00,0.0,-0.004533544,lstm
2020-10-27 07:00:00,0.0,-0.0028568208,lstm
2020-10-27 07:00:00,0.0,-0.00068329275,lstm
2020-10-27 07:15:00,0.0,-0.002283886,lstm
2020-10-27 07:15:00,0.0,-0.0046694577,lstm
2020-10-27 07:15:00,0.0,-0.0028964877,lstm
2020-10-27 07:15:00,0.0,-0.0005850792,lstm
2020-10-27 07:30:00,0.0,-0.0022331476,lstm
2020-10-27 07:30:00,0.0,-0.0048155338,lstm
2020-10-27 07:30:00,0.0,-0.0029588938,lstm
2020-10-27 07:30:00,0.0,-0.00044608116,lstm
2020-10-27 07:45:00,0.0,-0.0022092164,lstm
2020-10-27 07:45:00,0.0,-0.0049215406,lstm
2020-10-27 07:45:00,0.0,-0.002842322,lstm
2020-10-27 07:45:00,0.0,2.1010637e-05,lstm
2020-10-27 08:00:00,0.0,-0.0021476746,lstm
2020-10-27 08:00:00,0.0,-0.005112231,lstm
2020-10-27 08:00:00,0.0,-0.0026077628,lstm
2020-10-27 08:00:00,0.0036000013,0.0009789169,lstm
2020-10-27 08:15:00,0.0,-0.0018870234,lstm
2020-10-27 08:15:00,0.0,-0.0052479655,lstm
2020-10-27 08:15:00,0.0036000013,-0.0017009377,lstm
2020-10-27 08:15:00,0.0238,0.0039517432,lstm
2020-10-27 08:30:00,0.0,-0.0015280247,lstm
2020-10-27 08:30:00,0.0036000013,-0.0037814379,lstm
2020-10-27 08:30:00,0.0238,0.004470736,lstm
2020-10-27 08:30:00,0.0688,0.019758537,lstm
2020-10-27 08:45:00,0.0036000013,-0.0018978566,lstm
2020-10-27 08:45:00,0.0238,0.0065433085,lstm
2020-10-27 08:45:00,0.0688,0.028626129,lstm
2020-10-27 08:45:00,0.0976,0.068660945,lstm
2020-10-27 09:00:00,0.023799986,0.004332572,lstm
2020-10-27 09:00:00,0.068799995,0.034384057,lstm
2020-10-27 09:00:00,0.09759999,0.08353478,lstm
2020-10-27 09:00:00,0.144,0.15561576,lstm
2020-10-27 09:15:00,0.0688,0.053894877,lstm
2020-10-27 09:15:00,0.0976,0.10683824,lstm
2020-10-27 09:15:00,0.144,0.18749544,lstm
2020-10-27 09:15:00,0.2706,0.26946074,lstm
2020-10-27 09:30:00,0.0976,0.1280647,lstm
2020-10-27 09:30:00,0.144,0.20151313,lstm
2020-10-27 09:30:00,0.2706,0.2935594,lstm
2020-10-27 09:30:00,0.3386,0.36530527,lstm
2020-10-27 09:45:00,0.144,0.15638046,lstm
2020-10-27 09:45:00,0.2706,0.23966098,lstm
2020-10-27 09:45:00,0.3386,0.317283,lstm
2020-10-27 09:45:00,0.4194,0.3805992,lstm
2020-10-27 10:00:00,0.2706,0.22666807,lstm
2020-10-27 10:00:00,0.3386,0.3059951,lstm
2020-10-27 10:00:00,0.4194,0.36984515,lstm
2020-10-27 10:00:00,0.5368,0.43060458,lstm
2020-10-27 10:15:00,0.3386,0.34576285,lstm
2020-10-27 10:15:00,0.4194,0.40904617,lstm
2020-10-27 10:15:00,0.5368,0.46220893,lstm
2020-10-27 10:15:00,0.573,0.5262213,lstm
2020-10-27 10:30:00,0.4194,0.39350438,lstm
2020-10-27 10:30:00,0.5368,0.45290497,lstm
2020-10-27 10:30:00,0.573,0.5024146,lstm
2020-10-27 10:30:00,0.49580002,0.56291074,lstm
2020-10-27 10:45:00,0.5368,0.47724944,lstm
2020-10-27 10:45:00,0.573,0.52428234,lstm
2020-10-27 10:45:00,0.49580002,0.57458067,lstm
2020-10-27 10:45:00,0.5638,0.6190665,lstm
2020-10-27 11:00:00,0.573,0.5648883,lstm
2020-10-27 11:00:00,0.4958,0.59487957,lstm
2020-10-27 11:00:00,0.5638,0.63992226,lstm
2020-10-27 11:00:00,0.5086,0.6703632,lstm
2020-10-27 11:15:00,0.4958,0.6010245,lstm
2020-10-27 11:15:00,0.5638,0.6304412,lstm
2020-10-27 11:15:00,0.5086,0.6667603,lstm
2020-10-27 11:15:00,0.5738,0.6909236,lstm
2020-10-27 11:30:00,0.5638,0.5199325,lstm
2020-10-27 11:30:00,0.5086,0.55091715,lstm
2020-10-27 11:30:00,0.5738,0.5731512,lstm
2020-10-27 11:30:00,0.5188,0.5821794,lstm
2020-10-27 11:45:00,0.5086,0.630445,lstm
2020-10-27 11:45:00,0.5738,0.6523203,lstm
2020-10-27 11:45:00,0.5188,0.67892694,lstm
2020-10-27 11:45:00,0.47820002,0.70579344,lstm
2020-10-27 12:00:00,0.5738,0.5261905,lstm
2020-10-27 12:00:00,0.5188,0.55300343,lstm
2020-10-27 12:00:00,0.47820002,0.56992334,lstm
2020-10-27 12:00:00,0.5936,0.5812862,lstm
2020-10-27 12:15:00,0.5188,0.63497776,lstm
2020-10-27 12:15:00,0.4782,0.6556903,lstm
2020-10-27 12:15:00,0.5935999,0.676733,lstm
2020-10-27 12:15:00,0.6312,0.7041098,lstm
2020-10-27 12:30:00,0.4782,0.5253824,lstm
2020-10-27 12:30:00,0.5936,0.5528753,lstm
2020-10-27 12:30:00,0.6312,0.56677794,lstm
2020-10-27 12:30:00,0.42180002,0.580771,lstm
2020-10-27 12:45:00,0.5936,0.45327222,lstm
2020-10-27 12:45:00,0.6312,0.47677723,lstm
2020-10-27 12:45:00,0.4218,0.48960966,lstm
2020-10-27 12:45:00,0.4136,0.5063663,lstm
2020-10-27 13:00:00,0.6312,0.62772787,lstm
2020-10-27 13:00:00,0.4218,0.6411271,lstm
2020-10-27 13:00:00,0.4136,0.65372914,lstm
2020-10-27 13:00:00,0.2416,0.67938334,lstm
2020-10-27 13:15:00,0.4218,0.6301141,lstm
2020-10-27 13:15:00,0.4136,0.6453078,lstm
2020-10-27 13:15:00,0.2416,0.6476613,lstm
2020-10-27 13:15:00,0.1506,0.6675372,lstm
2020-10-27 13:30:00,0.4136,0.4986896,lstm
2020-10-27 13:30:00,0.2416,0.5461161,lstm
2020-10-27 13:30:00,0.1506,0.55410254,lstm
2020-10-27 13:30:00,0.1502,0.5696937,lstm
2020-10-27 13:45:00,0.2416,0.48113945,lstm
2020-10-27 13:45:00,0.1506,0.5198302,lstm
2020-10-27 13:45:00,0.1502,0.5250669,lstm
2020-10-27 13:45:00,0.1538,0.5493446,lstm
2020-10-27 14:00:00,0.1506,0.3775975,lstm
2020-10-27 14:00:00,0.1502,0.447022,lstm
2020-10-27 14:00:00,0.1538,0.4551304,lstm
2020-10-27 14:00:00,0.1678,0.4774323,lstm
2020-10-27 14:15:00,0.1502,0.28231165,lstm
2020-10-27 14:15:00,0.1538,0.3551395,lstm
2020-10-27 14:15:00,0.1678,0.3677764,lstm
2020-10-27 14:15:00,0.1792,0.3891024,lstm
2020-10-27 14:30:00,0.1538,0.2673861,lstm
2020-10-27 14:30:00,0.1678,0.31978703,lstm
2020-10-27 14:30:00,0.1792,0.34306604,lstm
2020-10-27 14:30:00,0.1448,0.36151683,lstm
2020-10-27 14:45:00,0.1678,0.2609628,lstm
2020-10-27 14:45:00,0.1792,0.29429507,lstm
2020-10-27 14:45:00,0.1448,0.32090944,lstm
2020-10-27 14:45:00,0.1422,0.33083043,lstm
2020-10-27 15:00:00,0.1792,0.26851115,lstm
2020-10-27 15:00:00,0.1448,0.2768621,lstm
2020-10-27 15:00:00,0.1422,0.28611526,lstm
2020-10-27 15:00:00,0.1454,0.29324272,lstm
2020-10-27 15:15:00,0.1448,0.25774705,lstm
2020-10-27 15:15:00,0.1422,0.2597568,lstm
2020-10-27 15:15:00,0.1454,0.26892582,lstm
2020-10-27 15:15:00,0.1732,0.2788651,lstm
2020-10-27 15:30:00,0.1422,0.25318143,lstm
2020-10-27 15:30:00,0.1454,0.25983447,lstm
2020-10-27 15:30:00,0.1732,0.27776223,lstm
2020-10-27 15:30:00,0.153,0.2872156,lstm
2020-10-27 15:45:00,0.1454,0.25737786,lstm
2020-10-27 15:45:00,0.1732,0.255025,lstm
2020-10-27 15:45:00,0.153,0.26409662,lstm
2020-10-27 15:45:00,0.1354,0.2761267,lstm
2020-10-27 16:00:00,0.1732,0.29886147,lstm
2020-10-27 16:00:00,0.153,0.28889862,lstm
2020-10-27 16:00:00,0.1354,0.29520357,lstm
2020-10-27 16:00:00,0.136,0.30377132,lstm
2020-10-27 16:15:00,0.153,0.32254022,lstm
2020-10-27 16:15:00,0.1354,0.30627692,lstm
2020-10-27 16:15:00,0.136,0.3023381,lstm
2020-10-27 16:15:00,0.1374,0.30841804,lstm
2020-10-27 16:30:00,0.1354,0.32671282,lstm
2020-10-27 16:30:00,0.136,0.3076545,lstm
2020-10-27 16:30:00,0.1374,0.29273275,lstm
2020-10-27 16:30:00,0.138,0.2876343,lstm
2020-10-27 16:45:00,0.136,0.3216506,lstm
2020-10-27 16:45:00,0.1374,0.29459733,lstm
2020-10-27 16:45:00,0.138,0.26797742,lstm
2020-10-27 16:45:00,0.1732,0.24857,lstm
2020-10-27 17:00:00,0.1374,0.29788172,lstm
2020-10-27 17:00:00,0.138,0.26456666,lstm
2020-10-27 17:00:00,0.1732,0.22998759,lstm
2020-10-27 17:00:00,0.1728,0.20469911,lstm
2020-10-27 17:15:00,0.138,0.277489,lstm
2020-10-27 17:15:00,0.1732,0.23808962,lstm
2020-10-27 17:15:00,0.1728,0.19740802,lstm
2020-10-27 17:15:00,0.1636,0.1670583,lstm
2020-10-27 17:30:00,0.1732,0.25536847,lstm
2020-10-27 17:30:00,0.1728,0.19037457,lstm
2020-10-27 17:30:00,0.1636,0.12765749,lstm
2020-10-27 17:30:00,0.116799995,0.08355388,lstm
2020-10-27 17:45:00,0.1728,0.23065868,lstm
2020-10-27 17:45:00,0.1636,0.1669844,lstm
2020-10-27 17:45:00,0.1168,0.102132075,lstm
2020-10-27 17:45:00,0.051799998,0.059593588,lstm
2020-10-27 18:00:00,0.1636,0.1603616,lstm
2020-10-27 18:00:00,0.1168,0.10576674,lstm
2020-10-27 18:00:00,0.051799998,0.051362276,lstm
2020-10-27 18:00:00,0.017200023,0.017787024,lstm
2020-10-27 18:15:00,0.1168,0.10726158,lstm
2020-10-27 18:15:00,0.051799998,0.06333485,lstm
2020-10-27 18:15:00,0.017200008,0.026029915,lstm
2020-10-27 18:15:00,0.00040002167,0.0046729296,lstm
2020-10-27 18:30:00,0.051799998,0.05550477,lstm
2020-10-27 18:30:00,0.017199993,0.024940386,lstm
2020-10-27 18:30:00,0.00040000677,0.004946798,lstm
2020-10-27 18:30:00,0.0,-0.0012560785,lstm
2020-10-27 18:45:00,0.017199993,0.024265438,lstm
2020-10-27 18:45:00,0.00040000677,0.0047694147,lstm
2020-10-27 18:45:00,0.0,-0.0042929053,lstm
2020-10-27 18:45:00,0.0,-0.0036493987,lstm
2020-10-27 19:00:00,0.00040000677,0.0103211105,lstm
2020-10-27 19:00:00,0.0,-0.0015003383,lstm
2020-10-27 19:00:00,0.0,-0.0048418343,lstm
2020-10-27 19:00:00,0.0,-0.0028633624,lstm
2020-10-27 19:15:00,0.0,0.0040057898,lstm
2020-10-27 19:15:00,0.0,-0.0031012595,lstm
2020-10-27 19:15:00,0.0,-0.0039510876,lstm
2020-10-27 19:15:00,0.0,-0.0016636252,lstm
2020-10-27 19:30:00,0.0,0.0011308044,lstm
2020-10-27 19:30:00,0.0,-0.0034082234,lstm
2020-10-27 19:30:00,0.0,-0.002764672,lstm
2020-10-27 19:30:00,0.0,-0.00073860586,lstm
2020-10-27 19:45:00,0.0,-0.00027653575,lstm
2020-10-27 19:45:00,0.0,-0.0036727488,lstm
2020-10-27 19:45:00,0.0,-0.0023663938,lstm
2020-10-27 19:45:00,0.0,-0.00049473345,lstm
2020-10-27 20:00:00,0.0,-0.0010751635,lstm
2020-10-27 20:00:00,0.0,-0.003818348,lstm
2020-10-27 20:00:00,0.0,-0.002170816,lstm
2020-10-27 20:00:00,0.0,-0.0003220439,lstm
2020-10-27 20:15:00,0.0,-0.0015349686,lstm
2020-10-27 20:15:00,0.0,-0.0038950741,lstm
2020-10-27 20:15:00,0.0,-0.002035275,lstm
2020-10-27 20:15:00,0.0,-0.00018243492,lstm
2020-10-27 20:30:00,0.0,-0.0017699003,lstm
2020-10-27 20:30:00,0.0,-0.0039149076,lstm
2020-10-27 20:30:00,0.0,-0.0019472986,lstm
2020-10-27 20:30:00,0.0,-8.259714e-05,lstm
2020-10-27 20:45:00,0.0,-0.0019315332,lstm
2020-10-27 20:45:00,0.0,-0.0040027946,lstm
2020-10-27 20:45:00,0.0,-0.0020282716,lstm
2020-10-27 20:45:00,0.0,-5.90384e-05,lstm
2020-10-27 21:00:00,0.0,-0.0020550042,lstm
2020-10-27 21:00:00,0.0,-0.0040109903,lstm
2020-10-27 21:00:00,0.0,-0.0020012558,lstm
2020-10-27 21:00:00,0.0,3.1471252e-05,lstm
2020-10-27 21:15:00,0.0,-0.002132073,lstm
2020-10-27 21:15:00,0.0,-0.0040016323,lstm
2020-10-27 21:15:00,0.0,-0.0019664317,lstm
2020-10-27 21:15:00,0.0,9.956956e-05,lstm
2020-10-27 21:30:00,0.0,-0.002177462,lstm
2020-10-27 21:30:00,0.0,-0.003986791,lstm
2020-10-27 21:30:00,0.0,-0.0019406527,lstm
2020-10-27 21:30:00,0.0,0.00015281141,lstm
2020-10-27 21:45:00,0.0,-0.002267599,lstm
2020-10-27 21:45:00,0.0,-0.00404796,lstm
2020-10-27 21:45:00,0.0,-0.0020504296,lstm
2020-10-27 21:45:00,0.0,0.00015202165,lstm
2020-10-27 22:00:00,0.0,-0.0023089945,lstm
2020-10-27 22:00:00,0.0,-0.00402686,lstm
2020-10-27 22:00:00,0.0,-0.0020367503,lstm
2020-10-27 22:00:00,0.0,0.00022383034,lstm
2020-10-27 22:15:00,0.0,-0.0023297817,lstm
2020-10-27 22:15:00,0.0,-0.0039964616,lstm
2020-10-27 22:15:00,0.0,-0.0020125955,lstm
2020-10-27 22:15:00,0.0,0.00028161705,lstm
2020-10-27 22:30:00,0.0,-0.00233683,lstm
2020-10-27 22:30:00,0.0,-0.0039708614,lstm
2020-10-27 22:30:00,0.0,-0.001991123,lstm
2020-10-27 22:30:00,0.0,0.00032281876,lstm
2020-10-27 22:45:00,0.0,-0.0023953766,lstm
2020-10-27 22:45:00,0.0,-0.0040175915,lstm
2020-10-27 22:45:00,0.0,-0.0021208972,lstm
2020-10-27 22:45:00,0.0,0.0002900362,lstm
2020-10-27 23:00:00,0.0,-0.0023948848,lstm
2020-10-27 23:00:00,0.0,-0.003968805,lstm
2020-10-27 23:00:00,0.0,-0.002089709,lstm
2020-10-27 23:00:00,0.0,0.00035640597,lstm
2020-10-27 23:15:00,0.0,-0.0023868084,lstm
2020-10-27 23:15:00,0.0,-0.003935829,lstm
2020-10-27 23:15:00,0.0,-0.0020686835,lstm
2020-10-27 23:15:00,0.0,0.00039730966,lstm
2020-10-27 23:30:00,0.0,-0.0023828298,lstm
2020-10-27 23:30:00,0.0,-0.003908962,lstm
2020-10-27 23:30:00,0.0,-0.0020365417,lstm
2020-10-27 23:30:00,0.0,0.00043605268,lstm
2020-10-27 23:45:00,0.0,-0.002437666,lstm
2020-10-27 23:45:00,0.0,-0.003941223,lstm
2020-10-27 23:45:00,0.0,-0.0021368712,lstm
2020-10-27 23:45:00,0.0,0.00039215386,lstm
2020-10-28 00:00:00,0.0,-0.002426669,lstm
2020-10-28 00:00:00,0.0,-0.0038960278,lstm
2020-10-28 00:00:00,0.0,-0.0021005273,lstm
2020-10-28 00:00:00,0.0,0.00043171644,lstm
2020-10-28 00:15:00,0.0,-0.0024170876,lstm
2020-10-28 00:15:00,0.0,-0.0038734525,lstm
2020-10-28 00:15:00,0.0,-0.0020837784,lstm
2020-10-28 00:15:00,0.0,0.00044941902,lstm
2020-10-28 00:30:00,0.0,-0.0024105161,lstm
2020-10-28 00:30:00,0.0,-0.003857404,lstm
2020-10-28 00:30:00,0.0,-0.0020636767,lstm
2020-10-28 00:30:00,0.0,0.0004646033,lstm
2020-10-28 00:45:00,0.0,-0.0024412274,lstm
2020-10-28 00:45:00,0.0,-0.0038810223,lstm
2020-10-28 00:45:00,0.0,-0.0021653175,lstm
2020-10-28 00:45:00,0.0,0.00039619207,lstm
2020-10-28 01:00:00,0.0,-0.0024192631,lstm
2020-10-28 01:00:00,0.0,-0.003836751,lstm
2020-10-28 01:00:00,0.0,-0.002132669,lstm
2020-10-28 01:00:00,0.0,0.00041992962,lstm
2020-10-28 01:15:00,0.0,-0.0024033487,lstm
2020-10-28 01:15:00,0.0,-0.0038214028,lstm
2020-10-28 01:15:00,0.0,-0.0021235496,lstm
2020-10-28 01:15:00,0.0,0.000423491,lstm
2020-10-28 01:30:00,0.0,-0.0023890287,lstm
2020-10-28 01:30:00,0.0,-0.0038114935,lstm
2020-10-28 01:30:00,0.0,-0.0021210164,lstm
2020-10-28 01:30:00,0.0,0.00042265654,lstm
2020-10-28 01:45:00,0.0,-0.002415046,lstm
2020-10-28 01:45:00,0.0,-0.0038270801,lstm
2020-10-28 01:45:00,0.0,-0.0022200197,lstm
2020-10-28 01:45:00,0.0,0.00034049153,lstm
2020-10-28 02:00:00,0.0,-0.0023844242,lstm
2020-10-28 02:00:00,0.0,-0.0037838668,lstm
2020-10-28 02:00:00,0.0,-0.0021775514,lstm
2020-10-28 02:00:00,0.0,0.0003581047,lstm
2020-10-28 02:15:00,0.0,-0.0023580045,lstm
2020-10-28 02:15:00,0.0,-0.0037696213,lstm
2020-10-28 02:15:00,0.0,-0.0021589696,lstm
2020-10-28 02:15:00,0.0,0.00034964085,lstm
2020-10-28 02:30:00,0.0,-0.0023459196,lstm
2020-10-28 02:30:00,0.0,-0.0037758946,lstm
2020-10-28 02:30:00,0.0,-0.0021655113,lstm
2020-10-28 02:30:00,0.0,0.00033064187,lstm
2020-10-28 02:45:00,0.0,-0.0023692548,lstm
2020-10-28 02:45:00,0.0,-0.0037931055,lstm
2020-10-28 02:45:00,0.0,-0.002232477,lstm
2020-10-28 02:45:00,0.0,0.00024023652,lstm
2020-10-28 03:00:00,0.0,-0.0023407787,lstm
2020-10-28 03:00:00,0.0,-0.0037750453,lstm
2020-10-28 03:00:00,0.0,-0.0022179335,lstm
2020-10-28 03:00:00,0.0,0.00020945072,lstm
2020-10-28 03:15:00,0.0,-0.002309844,lstm
2020-10-28 03:15:00,0.0,-0.0037759393,lstm
2020-10-28 03:15:00,0.0,-0.0022354275,lstm
2020-10-28 03:15:00,0.0,0.00016920269,lstm
2020-10-28 03:30:00,0.0,-0.0022822171,lstm
2020-10-28 03:30:00,0.0,-0.0037807971,lstm
2020-10-28 03:30:00,0.0,-0.0022470057,lstm
2020-10-28 03:30:00,0.0,0.00014284253,lstm
2020-10-28 03:45:00,0.0,-0.0022966266,lstm
2020-10-28 03:45:00,0.0,-0.0037974417,lstm
2020-10-28 03:45:00,0.0,-0.0022925287,lstm
2020-10-28 03:45:00,0.0,4.8056245e-05,lstm
2020-10-28 04:00:00,0.0,-0.0022705197,lstm
2020-10-28 04:00:00,0.0,-0.0038006604,lstm
2020-10-28 04:00:00,0.0,-0.0022892207,lstm
2020-10-28 04:00:00,0.0,-7.3462725e-06,lstm
2020-10-28 04:15:00,0.0,-0.0022386909,lstm
2020-10-28 04:15:00,0.0,-0.0038229525,lstm
2020-10-28 04:15:00,0.0,-0.002313882,lstm
2020-10-28 04:15:00,0.0,-6.355345e-05,lstm
2020-10-28 04:30:00,0.0,-0.0022131205,lstm
2020-10-28 04:30:00,0.0,-0.003846988,lstm
2020-10-28 04:30:00,0.0,-0.0023438036,lstm
2020-10-28 04:30:00,0.0,-0.00011062622,lstm
2020-10-28 04:45:00,0.0,-0.0022354275,lstm
2020-10-28 04:45:00,0.0,-0.003883481,lstm
2020-10-28 04:45:00,0.0,-0.002392754,lstm
2020-10-28 04:45:00,0.0,-0.00020700693,lstm
2020-10-28 05:00:00,0.0,-0.0022158325,lstm
2020-10-28 05:00:00,0.0,-0.003918439,lstm
2020-10-28 05:00:00,0.0,-0.0024208277,lstm
2020-10-28 05:00:00,0.0,-0.00027745962,lstm
2020-10-28 05:15:00,0.0,-0.002182886,lstm
2020-10-28 05:15:00,0.0,-0.003957927,lstm
2020-10-28 05:15:00,0.0,-0.0024656057,lstm
2020-10-28 05:15:00,0.0,-0.00033453107,lstm
2020-10-28 05:30:00,0.0,-0.0021515638,lstm
2020-10-28 05:30:00,0.0,-0.003996998,lstm
2020-10-28 05:30:00,0.0,-0.0025090277,lstm
2020-10-28 05:30:00,0.0,-0.0003797412,lstm
2020-10-28 05:45:00,0.0,-0.002177,lstm
2020-10-28 05:45:00,0.0,-0.0040502697,lstm
2020-10-28 05:45:00,0.0,-0.0025366992,lstm
2020-10-28 05:45:00,0.0,-0.00043664873,lstm
2020-10-28 06:00:00,0.0,-0.0021710843,lstm
2020-10-28 06:00:00,0.0,-0.0041255057,lstm
2020-10-28 06:00:00,0.0,-0.002569273,lstm
2020-10-28 06:00:00,0.0,-0.0004864484,lstm
2020-10-28 06:15:00,0.0,-0.0021383166,lstm
2020-10-28 06:15:00,0.0,-0.004201576,lstm
2020-10-28 06:15:00,0.0,-0.00261572,lstm
2020-10-28 06:15:00,0.0,-0.00051134825,lstm
2020-10-28 06:30:00,0.0,-0.0021067709,lstm
2020-10-28 06:30:00,0.0,-0.004274234,lstm
2020-10-28 06:30:00,0.0,-0.002676636,lstm
2020-10-28 06:30:00,0.0,-0.0005251169,lstm
2020-10-28 06:45:00,0.0,-0.0021323413,lstm
2020-10-28 06:45:00,0.0,-0.004344672,lstm
2020-10-28 06:45:00,0.0,-0.002656877,lstm
2020-10-28 06:45:00,0.0,-0.0004554391,lstm
2020-10-28 07:00:00,0.0,-0.002129525,lstm
2020-10-28 07:00:00,0.0,-0.0044567585,lstm
2020-10-28 07:00:00,0.0,-0.0026483834,lstm
2020-10-28 07:00:00,0.0,-0.00036224723,lstm
2020-10-28 07:15:00,0.0,-0.002083972,lstm
2020-10-28 07:15:00,0.0,-0.00456658,lstm
2020-10-28 07:15:00,0.0,-0.0026505888,lstm
2020-10-28 07:15:00,0.0,-0.00021137297,lstm
2020-10-28 07:30:00,0.0,-0.0020072758,lstm
2020-10-28 07:30:00,0.0,-0.0046755075,lstm
2020-10-28 07:30:00,0.0,-0.0026491284,lstm
2020-10-28 07:30:00,0.0,1.6838312e-06,lstm
2020-10-28 07:45:00,0.0,-0.0019397289,lstm
2020-10-28 07:45:00,0.0,-0.0047393143,lstm
2020-10-28 07:45:00,0.0,-0.0024799407,lstm
2020-10-28 07:45:00,0.0,0.0005095452,lstm
2020-10-28 08:00:00,0.0,-0.0018160492,lstm
2020-10-28 08:00:00,0.0,-0.0048222244,lstm
2020-10-28 08:00:00,0.0,-0.002151221,lstm
2020-10-28 08:00:00,0.0051999986,0.0014810413,lstm
2020-10-28 08:15:00,0.0,-0.0015261769,lstm
2020-10-28 08:15:00,0.0,-0.0048116893,lstm
2020-10-28 08:15:00,0.0051999986,-0.001279518,lstm
2020-10-28 08:15:00,0.0282,0.00396803,lstm
2020-10-28 08:30:00,0.0,-0.0010160208,lstm
2020-10-28 08:30:00,0.0051999986,-0.0036520213,lstm
2020-10-28 08:30:00,0.0282,0.0032720268,lstm
2020-10-28 08:30:00,0.078999996,0.015219659,lstm
2020-10-28 08:45:00,0.0051999986,-0.0012162775,lstm
2020-10-28 08:45:00,0.0282,0.0042435825,lstm
2020-10-28 08:45:00,0.079,0.022304818,lstm
2020-10-28 08:45:00,0.1482,0.05419554,lstm
2020-10-28 09:00:00,0.0282,0.0062694848,lstm
2020-10-28 09:00:00,0.079,0.035528556,lstm
2020-10-28 09:00:00,0.1482,0.08151437,lstm
2020-10-28 09:00:00,0.228,0.14859352,lstm
2020-10-28 09:15:00,0.079,0.061836436,lstm
2020-10-28 09:15:00,0.1482,0.118578695,lstm
2020-10-28 09:15:00,0.228,0.1976758,lstm
2020-10-28 09:15:00,0.3024,0.277585,lstm
2020-10-28 09:30:00,0.1482,0.14085458,lstm
2020-10-28 09:30:00,0.228,0.21577391,lstm
2020-10-28 09:30:00,0.3024,0.30236816,lstm
2020-10-28 09:30:00,0.3692,0.37290084,lstm
2020-10-28 09:45:00,0.228,0.22007301,lstm
2020-10-28 09:45:00,0.3024,0.29857007,lstm
2020-10-28 09:45:00,0.3692,0.36944628,lstm
2020-10-28 09:45:00,0.4292,0.44005704,lstm
2020-10-28 10:00:00,0.3024,0.29427254,lstm
2020-10-28 10:00:00,0.3692,0.36458337,lstm
2020-10-28 10:00:00,0.4292,0.4186303,lstm
2020-10-28 10:00:00,0.48540002,0.49047977,lstm
2020-10-28 10:15:00,0.3692,0.36040348,lstm
2020-10-28 10:15:00,0.4292,0.4234625,lstm
2020-10-28 10:15:00,0.48540002,0.47370893,lstm
2020-10-28 10:15:00,0.5374,0.5390442,lstm
2020-10-28 10:30:00,0.4292,0.42677724,lstm
2020-10-28 10:30:00,0.4854,0.48100683,lstm
2020-10-28 10:30:00,0.5374,0.5305716,lstm
2020-10-28 10:30:00,0.5822,0.5820817,lstm
2020-10-28 10:45:00,0.4854,0.49799657,lstm
2020-10-28 10:45:00,0.5374,0.5420123,lstm
2020-10-28 10:45:00,0.5822,0.58948606,lstm
2020-10-28 10:45:00,0.6192,0.62603325,lstm
2020-10-28 11:00:00,0.5374,0.55997086,lstm
2020-10-28 11:00:00,0.5822,0.5965233,lstm
2020-10-28 11:00:00,0.6192,0.63953567,lstm
2020-10-28 11:00:00,0.6532,0.6696646,lstm
2020-10-28 11:15:00,0.5822,0.6122942,lstm
2020-10-28 11:15:00,0.6192,0.645455,lstm
2020-10-28 11:15:00,0.6532,0.68243134,lstm
2020-10-28 11:15:00,0.6844,0.7127219,lstm
2020-10-28 11:30:00,0.6192,0.6533756,lstm
2020-10-28 11:30:00,0.6532,0.68558323,lstm
2020-10-28 11:30:00,0.6844,0.71619093,lstm
2020-10-28 11:30:00,0.7084,0.74807507,lstm
2020-10-28 11:45:00,0.6532,0.6845655,lstm
2020-10-28 11:45:00,0.6844,0.7155434,lstm
2020-10-28 11:45:00,0.7084,0.74018884,lstm
2020-10-28 11:45:00,0.7156,0.7720153,lstm
2020-10-28 12:00:00,0.6844,0.7081144,lstm
2020-10-28 12:00:00,0.7084,0.7372451,lstm
2020-10-28 12:00:00,0.7156,0.7574108,lstm
2020-10-28 12:00:00,0.7416,0.7879495,lstm
2020-10-28 12:15:00,0.7084,0.72764045,lstm
2020-10-28 12:15:00,0.7156,0.7537949,lstm
2020-10-28 12:15:00,0.7416,0.77064264,lstm
2020-10-28 12:15:00,0.755,0.79894084,lstm
2020-10-28 12:30:00,0.7156,0.74332505,lstm
2020-10-28 12:30:00,0.7415999,0.7649865,lstm
2020-10-28 12:30:00,0.755,0.77888954,lstm
2020-10-28 12:30:00,0.7662,0.8036292,lstm
2020-10-28 12:45:00,0.7416,0.74494785,lstm
2020-10-28 12:45:00,0.755,0.7595478,lstm
2020-10-28 12:45:00,0.7662,0.7686268,lstm
2020-10-28 12:45:00,0.7776,0.78659815,lstm
2020-10-28 13:00:00,0.755,0.7795065,lstm
2020-10-28 13:00:00,0.76619995,0.7873473,lstm
2020-10-28 13:00:00,0.7776,0.79654664,lstm
2020-10-28 13:00:00,0.78459996,0.81571233,lstm
2020-10-28 13:15:00,0.7662,0.789479,lstm
2020-10-28 13:15:00,0.77759993,0.79547894,lstm
2020-10-28 13:15:00,0.7846,0.8025619,lstm
2020-10-28 13:15:00,0.7872,0.8184179,lstm
2020-10-28 13:30:00,0.7776,0.7985889,lstm
2020-10-28 13:30:00,0.7846,0.8013439,lstm
2020-10-28 13:30:00,0.7872,0.8070263,lstm
2020-10-28 13:30:00,0.7856,0.8210251,lstm
2020-10-28 13:45:00,0.7846,0.80796134,lstm
2020-10-28 13:45:00,0.7872001,0.8071952,lstm
2020-10-28 13:45:00,0.7856,0.81016594,lstm
2020-10-28 13:45:00,0.776,0.82171875,lstm
2020-10-28 14:00:00,0.7872,0.81042737,lstm
2020-10-28 14:00:00,0.78559995,0.80686855,lstm
2020-10-28 14:00:00,0.776,0.8064498,lstm
2020-10-28 14:00:00,0.7618,0.8136935,lstm
2020-10-28 14:15:00,0.7856,0.8098013,lstm
2020-10-28 14:15:00,0.776,0.8027973,lstm
2020-10-28 14:15:00,0.7618,0.79816467,lstm
2020-10-28 14:15:00,0.7576,0.80036634,lstm
2020-10-28 14:30:00,0.776,0.80489767,lstm
2020-10-28 14:30:00,0.76179993,0.7939,lstm
2020-10-28 14:30:00,0.7576,0.7843078,lstm
2020-10-28 14:30:00,0.7398,0.7808018,lstm
2020-10-28 14:45:00,0.7618,0.7918696,lstm
2020-10-28 14:45:00,0.75759995,0.7756702,lstm
2020-10-28 14:45:00,0.7398,0.7586706,lstm
2020-10-28 14:45:00,0.7006,0.74774736,lstm
2020-10-28 15:00:00,0.7576,0.77187926,lstm
2020-10-28 15:00:00,0.7398,0.74976635,lstm
2020-10-28 15:00:00,0.7006,0.72614944,lstm
2020-10-28 15:00:00,0.6706,0.708561,lstm
2020-10-28 15:15:00,0.7398,0.76219267,lstm
2020-10-28 15:15:00,0.7006,0.7318156,lstm
2020-10-28 15:15:00,0.6706,0.7036105,lstm
2020-10-28 15:15:00,0.6294,0.68215466,lstm
2020-10-28 15:30:00,0.7006,0.7404122,lstm
2020-10-28 15:30:00,0.6706,0.703791,lstm
2020-10-28 15:30:00,0.6294,0.6716313,lstm
2020-10-28 15:30:00,0.5864,0.6447506,lstm
2020-10-28 15:45:00,0.6706,0.7075006,lstm
2020-10-28 15:45:00,0.6294,0.66198623,lstm
2020-10-28 15:45:00,0.5864,0.6232588,lstm
2020-10-28 15:45:00,0.5234,0.5869518,lstm
2020-10-28 16:00:00,0.6294,0.6867869,lstm
2020-10-28 16:00:00,0.5864,0.6270999,lstm
2020-10-28 16:00:00,0.5234,0.58088243,lstm
2020-10-28 16:00:00,0.478,0.53638196,lstm
2020-10-28 16:15:00,0.5864,0.65442204,lstm
2020-10-28 16:15:00,0.5234,0.58600914,lstm
2020-10-28 16:15:00,0.478,0.53411925,lstm
2020-10-28 16:15:00,0.44,0.48239952,lstm
2020-10-28 16:30:00,0.5234,0.6121939,lstm
2020-10-28 16:30:00,0.478,0.53806615,lstm
2020-10-28 16:30:00,0.44,0.48422855,lstm
2020-10-28 16:30:00,0.369,0.42831707,lstm
2020-10-28 16:45:00,0.478,0.54532665,lstm
2020-10-28 16:45:00,0.44,0.47272062,lstm
2020-10-28 16:45:00,0.369,0.41472274,lstm
2020-10-28 16:45:00,0.2988,0.35310522,lstm
2020-10-28 17:00:00,0.44,0.4851591,lstm
2020-10-28 17:00:00,0.369,0.40661833,lstm
2020-10-28 17:00:00,0.2988,0.33970404,lstm
2020-10-28 17:00:00,0.2414,0.27255732,lstm
2020-10-28 17:15:00,0.369,0.43390143,lstm
2020-10-28 17:15:00,0.2988,0.34672242,lstm
2020-10-28 17:15:00,0.2414,0.2711933,lstm
2020-10-28 17:15:00,0.1998,0.20151511,lstm
2020-10-28 17:30:00,0.2988,0.36673367,lstm
2020-10-28 17:30:00,0.2414,0.27404273,lstm
2020-10-28 17:30:00,0.1998,0.19570851,lstm
2020-10-28 17:30:00,0.1372,0.13297519,lstm
2020-10-28 17:45:00,0.2414,0.29232553,lstm
2020-10-28 17:45:00,0.1998,0.19843644,lstm
2020-10-28 17:45:00,0.1372,0.12595892,lstm
2020-10-28 17:45:00,0.060599998,0.07396709,lstm
2020-10-28 18:00:00,0.1998,0.21736605,lstm
2020-10-28 18:00:00,0.1372,0.13057363,lstm
2020-10-28 18:00:00,0.060599998,0.07391412,lstm
2020-10-28 18:00:00,0.013799995,0.03389564,lstm
2020-10-28 18:15:00,0.1372,0.14435272,lstm
2020-10-28 18:15:00,0.060599998,0.075683944,lstm
2020-10-28 18:15:00,0.013799995,0.03773518,lstm
2020-10-28 18:15:00,0.00040002167,0.012804508,lstm
2020-10-28 18:30:00,0.060599998,0.07308379,lstm
2020-10-28 18:30:00,0.013799995,0.029662415,lstm
2020-10-28 18:30:00,0.00040000677,0.008372292,lstm
2020-10-28 18:30:00,0.0,0.0026058257,lstm
2020-10-28 18:45:00,0.013799995,0.03113234,lstm
2020-10-28 18:45:00,0.00040000677,0.006091073,lstm
2020-10-28 18:45:00,0.0,-0.004131645,lstm
2020-10-28 18:45:00,0.0,-0.0019521415,lstm
2020-10-28 19:00:00,0.00040000677,0.012833655,lstm
2020-10-28 19:00:00,0.0,-0.0014148504,lstm
2020-10-28 19:00:00,0.0,-0.0056230575,lstm
2020-10-28 19:00:00,0.0,-0.0022875667,lstm
2020-10-28 19:15:00,0.0,0.004796356,lstm
2020-10-28 19:15:00,0.0,-0.0031143725,lstm
2020-10-28 19:15:00,0.0,-0.0041811913,lstm
2020-10-28 19:15:00,0.0,-0.0011054426,lstm
2020-10-28 19:30:00,0.0,0.0011880249,lstm
2020-10-28 19:30:00,0.0,-0.0035999417,lstm
2020-10-28 19:30:00,0.0,-0.0029855818,lstm
2020-10-28 19:30:00,0.0,-0.00039337575,lstm
2020-10-28 19:45:00,0.0,-0.0004402548,lstm
2020-10-28 19:45:00,0.0,-0.0038706958,lstm
2020-10-28 19:45:00,0.0,-0.0025661737,lstm
2020-10-28 19:45:00,0.0,-0.00024312735,lstm
2020-10-28 20:00:00,0.0,-0.0012961477,lstm
2020-10-28 20:00:00,0.0,-0.0040314347,lstm
2020-10-28 20:00:00,0.0,-0.0023911148,lstm
2020-10-28 20:00:00,0.0,-0.00014422834,lstm
2020-10-28 20:15:00,0.0,-0.0017250925,lstm
2020-10-28 20:15:00,0.0,-0.0041003227,lstm
2020-10-28 20:15:00,0.0,-0.0022839308,lstm
2020-10-28 20:15:00,0.0,-5.7294965e-05,lstm
2020-10-28 20:30:00,0.0,-0.0019461215,lstm
2020-10-28 20:30:00,0.0,-0.00412713,lstm
2020-10-28 20:30:00,0.0,-0.0022111535,lstm
2020-10-28 20:30:00,0.0,1.1011958e-05,lstm
2020-10-28 20:45:00,0.0,-0.0020738393,lstm
2020-10-28 20:45:00,0.0,-0.004200116,lstm
2020-10-28 20:45:00,0.0,-0.0022901446,lstm
2020-10-28 20:45:00,0.0,1.1637807e-05,lstm
2020-10-28 21:00:00,0.0,-0.0021832287,lstm
2020-10-28 21:00:00,0.0,-0.004211724,lstm
2020-10-28 21:00:00,0.0,-0.002290994,lstm
2020-10-28 21:00:00,0.0,7.274747e-05,lstm
2020-10-28 21:15:00,0.0,-0.0022515059,lstm
2020-10-28 21:15:00,0.0,-0.0041973293,lstm
2020-10-28 21:15:00,0.0,-0.0022527725,lstm
2020-10-28 21:15:00,0.0,0.00013849139,lstm
2020-10-28 21:30:00,0.0,-0.0022861212,lstm
2020-10-28 21:30:00,0.0,-0.0041825026,lstm
2020-10-28 21:30:00,0.0,-0.0022280365,lstm
2020-10-28 21:30:00,0.0,0.00017596781,lstm
2020-10-28 21:45:00,0.0,-0.0023387969,lstm
2020-10-28 21:45:00,0.0,-0.00422588,lstm
2020-10-28 21:45:00,0.0,-0.0023367703,lstm
2020-10-28 21:45:00,0.0,0.00015901029,lstm
2020-10-28 22:00:00,0.0,-0.0023698509,lstm
2020-10-28 22:00:00,0.0,-0.004202977,lstm
2020-10-28 22:00:00,0.0,-0.0023396611,lstm
2020-10-28 22:00:00,0.0,0.00021237135,lstm
2020-10-28 22:15:00,0.0,-0.0023850352,lstm
2020-10-28 22:15:00,0.0,-0.0041739196,lstm
2020-10-28 22:15:00,0.0,-0.002304688,lstm
2020-10-28 22:15:00,0.0,0.00027032197,lstm
2020-10-28 22:30:00,0.0,-0.0023911297,lstm
2020-10-28 22:30:00,0.0,-0.00415273,lstm
2020-10-28 22:30:00,0.0,-0.0022818297,lstm
2020-10-28 22:30:00,0.0,0.00030201674,lstm
2020-10-28 22:45:00,0.0,-0.0024288446,lstm
2020-10-28 22:45:00,0.0,-0.0041753203,lstm
2020-10-28 22:45:00,0.0,-0.0023862869,lstm
2020-10-28 22:45:00,0.0,0.0002760589,lstm
2020-10-28 23:00:00,0.0,-0.0024312139,lstm
2020-10-28 23:00:00,0.0,-0.004141584,lstm
2020-10-28 23:00:00,0.0,-0.0023606122,lstm
2020-10-28 23:00:00,0.0,0.0003311932,lstm
2020-10-28 23:15:00,0.0,-0.0024278462,lstm
2020-10-28 23:15:00,0.0,-0.004104361,lstm
2020-10-28 23:15:00,0.0,-0.00234133,lstm
2020-10-28 23:15:00,0.0,0.00036519766,lstm
2020-10-28 23:30:00,0.0,-0.0024196357,lstm
2020-10-28 23:30:00,0.0,-0.004070893,lstm
2020-10-28 23:30:00,0.0,-0.0023109615,lstm
2020-10-28 23:30:00,0.0,0.0004056245,lstm
2020-10-28 23:45:00,0.0,-0.0024490952,lstm
2020-10-28 23:45:00,0.0,-0.00407739,lstm
2020-10-28 23:45:00,0.0,-0.0023889542,lstm
2020-10-28 23:45:00,0.0,0.00037819147,lstm
2020-10-29 00:00:00,0.0,-0.0024320483,lstm
2020-10-29 00:00:00,0.0,-0.004018903,lstm
2020-10-29 00:00:00,0.0,-0.0023444146,lstm
2020-10-29 00:00:00,0.0,0.00042642653,lstm
2020-10-29 00:15:00,0.0,-0.0024178773,lstm
2020-10-29 00:15:00,0.0,-0.0039844215,lstm
2020-10-29 00:15:00,0.0,-0.0023085922,lstm
2020-10-29 00:15:00,0.0,0.0004606843,lstm
2020-10-29 00:30:00,0.0,-0.0024092644,lstm
2020-10-29 00:30:00,0.0,-0.003967181,lstm
2020-10-29 00:30:00,0.0,-0.002282828,lstm
2020-10-29 00:30:00,0.0,0.00047972798,lstm
2020-10-29 00:45:00,0.0,-0.0024255067,lstm
2020-10-29 00:45:00,0.0,-0.0039586574,lstm
2020-10-29 00:45:00,0.0,-0.0023692846,lstm
2020-10-29 00:45:00,0.0,0.0004247278,lstm
2020-10-29 01:00:00,0.0,-0.002394855,lstm
2020-10-29 01:00:00,0.0,-0.0039006174,lstm
2020-10-29 01:00:00,0.0,-0.0023256242,lstm
2020-10-29 01:00:00,0.0,0.0004632175,lstm
2020-10-29 01:15:00,0.0,-0.0023705214,lstm
2020-10-29 01:15:00,0.0,-0.0038666725,lstm
2020-10-29 01:15:00,0.0,-0.0022959858,lstm
2020-10-29 01:15:00,0.0,0.00048100948,lstm
2020-10-29 01:30:00,0.0,-0.0023507029,lstm
2020-10-29 01:30:00,0.0,-0.0038460344,lstm
2020-10-29 01:30:00,0.0,-0.0022759438,lstm
2020-10-29 01:30:00,0.0,0.0004899651,lstm
2020-10-29 01:45:00,0.0,-0.0023601204,lstm
2020-10-29 01:45:00,0.0,-0.0038319528,lstm
2020-10-29 01:45:00,0.0,-0.0023448765,lstm
2020-10-29 01:45:00,0.0,0.00042448938,lstm
2020-10-29 02:00:00,0.0,-0.0023183674,lstm
2020-10-29 02:00:00,0.0,-0.003775373,lstm
2020-10-29 02:00:00,0.0,-0.0022909492,lstm
2020-10-29 02:00:00,0.0,0.0004504025,lstm
2020-10-29 02:15:00,0.0,-0.0022856146,lstm
2020-10-29 02:15:00,0.0,-0.0037499517,lstm
2020-10-29 02:15:00,0.0,-0.002262637,lstm
2020-10-29 02:15:00,0.0,0.00045223534,lstm
2020-10-29 02:30:00,0.0,-0.002264306,lstm
2020-10-29 02:30:00,0.0,-0.0037376732,lstm
2020-10-29 02:30:00,0.0,-0.002257362,lstm
2020-10-29 02:30:00,0.0,0.00044070184,lstm
2020-10-29 02:45:00,0.0,-0.0022619367,lstm
2020-10-29 02:45:00,0.0,-0.0037202686,lstm
2020-10-29 02:45:00,0.0,-0.0023142248,lstm
2020-10-29 02:45:00,0.0,0.000363335,lstm
2020-10-29 03:00:00,0.0,-0.0022117943,lstm
2020-10-29 03:00:00,0.0,-0.003673941,lstm
2020-10-29 03:00:00,0.0,-0.0022643209,lstm
2020-10-29 03:00:00,0.0,0.0003684461,lstm
2020-10-29 03:15:00,0.0,-0.0021723956,lstm
2020-10-29 03:15:00,0.0,-0.0036590397,lstm
2020-10-29 03:15:00,0.0,-0.0022509247,lstm
2020-10-29 03:15:00,0.0,0.00034832954,lstm
2020-10-29 03:30:00,0.0,-0.0021449327,lstm
2020-10-29 03:30:00,0.0,-0.003654316,lstm
2020-10-29 03:30:00,0.0,-0.002258569,lstm
2020-10-29 03:30:00,0.0,0.00032365322,lstm
2020-10-29 03:45:00,0.0,-0.0021428466,lstm
2020-10-29 03:45:00,0.0,-0.0036402792,lstm
2020-10-29 03:45:00,0.0,-0.0022902638,lstm
2020-10-29 03:45:00,0.0,0.0002529174,lstm
2020-10-29 04:00:00,0.0,-0.0020982176,lstm
2020-10-29 04:00:00,0.0,-0.0036184043,lstm
2020-10-29 04:00:00,0.0,-0.002264604,lstm
2020-10-29 04:00:00,0.0,0.00022611022,lstm
2020-10-29 04:15:00,0.0,-0.002062872,lstm
2020-10-29 04:15:00,0.0,-0.0036215931,lstm
2020-10-29 04:15:00,0.0,-0.0022711307,lstm
2020-10-29 04:15:00,0.0,0.00019036233,lstm
2020-10-29 04:30:00,0.0,-0.002038151,lstm
2020-10-29 04:30:00,0.0,-0.00363715,lstm
2020-10-29 04:30:00,0.0,-0.0022920966,lstm
2020-10-29 04:30:00,0.0,0.00015561283,lstm
2020-10-29 04:45:00,0.0,-0.0020428747,lstm
2020-10-29 04:45:00,0.0,-0.0036481768,lstm
2020-10-29 04:45:00,0.0,-0.002326578,lstm
2020-10-29 04:45:00,0.0,7.836521e-05,lstm
2020-10-29 05:00:00,0.0,-0.0020086765,lstm
2020-10-29 05:00:00,0.0,-0.003662005,lstm
2020-10-29 05:00:00,0.0,-0.002335772,lstm
2020-10-29 05:00:00,0.0,2.9206276e-05,lstm
2020-10-29 05:15:00,0.0,-0.001969993,lstm
2020-10-29 05:15:00,0.0,-0.0036908984,lstm
2020-10-29 05:15:00,0.0,-0.0023719072,lstm
2020-10-29 05:15:00,0.0,-1.66893e-05,lstm
2020-10-29 05:30:00,0.0,-0.0019390583,lstm
2020-10-29 05:30:00,0.0,-0.0037195086,lstm
2020-10-29 05:30:00,0.0,-0.0024094582,lstm
2020-10-29 05:30:00,0.0,-5.3465366e-05,lstm
2020-10-29 05:45:00,0.0,-0.0019587576,lstm
2020-10-29 05:45:00,0.0,-0.0037522614,lstm
2020-10-29 05:45:00,0.0,-0.0024286658,lstm
2020-10-29 05:45:00,0.0,-9.137392e-05,lstm
2020-10-29 06:00:00,0.0,-0.0019448847,lstm
2020-10-29 06:00:00,0.0,-0.0038098395,lstm
2020-10-29 06:00:00,0.0,-0.00245364,lstm
2020-10-29 06:00:00,0.0,-0.00012013316,lstm
2020-10-29 06:15:00,0.0,-0.001918152,lstm
2020-10-29 06:15:00,0.0,-0.0038736612,lstm
2020-10-29 06:15:00,0.0,-0.0025029927,lstm
2020-10-29 06:15:00,0.0,-0.00014014542,lstm
2020-10-29 06:30:00,0.0,-0.001883477,lstm
2020-10-29 06:30:00,0.0,-0.003937632,lstm
2020-10-29 06:30:00,0.0,-0.002566278,lstm
2020-10-29 06:30:00,0.0,-0.00016534328,lstm
2020-10-29 06:45:00,0.0,-0.0018993169,lstm
2020-10-29 06:45:00,0.0,-0.0039941818,lstm
2020-10-29 06:45:00,0.0,-0.0025678426,lstm
2020-10-29 06:45:00,0.0,-0.00012516975,lstm
2020-10-29 07:00:00,0.0,-0.0018871278,lstm
2020-10-29 07:00:00,0.0,-0.004094571,lstm
2020-10-29 07:00:00,0.0,-0.002551809,lstm
2020-10-29 07:00:00,0.0,-4.9501657e-05,lstm
2020-10-29 07:15:00,0.0,-0.0018612444,lstm
2020-10-29 07:15:00,0.0,-0.004205242,lstm
2020-10-29 07:15:00,0.0,-0.0025794208,lstm
2020-10-29 07:15:00,0.0,5.172193e-05,lstm
2020-10-29 07:30:00,0.0,-0.0018181652,lstm
2020-10-29 07:30:00,0.0,-0.004318163,lstm
2020-10-29 07:30:00,0.0,-0.00259611,lstm
2020-10-29 07:30:00,0.0,0.00021369755,lstm
2020-10-29 07:45:00,0.0,-0.0018008053,lstm
2020-10-29 07:45:00,0.0,-0.0043999106,lstm
2020-10-29 07:45:00,0.0,-0.0024253428,lstm
2020-10-29 07:45:00,0.0,0.0006714463,lstm
2020-10-29 08:00:00,0.0,-0.0017300993,lstm
2020-10-29 08:00:00,0.0,-0.0045360476,lstm
2020-10-29 08:00:00,0.0,-0.0021827072,lstm
2020-10-29 08:00:00,0.0059999973,0.0015173554,lstm
2020-10-29 08:15:00,0.0,-0.001474157,lstm
2020-10-29 08:15:00,0.0,-0.004588306,lstm
2020-10-29 08:15:00,0.0059999973,-0.0014166981,lstm
2020-10-29 08:15:00,0.022400007,0.0038500577,lstm
2020-10-29 08:30:00,0.0,-0.0010305047,lstm
2020-10-29 08:30:00,0.0059999973,-0.0036399812,lstm
2020-10-29 08:30:00,0.022400022,0.0026342273,lstm
2020-10-29 08:30:00,0.06019999,0.014278606,lstm
2020-10-29 08:45:00,0.0059999973,-0.0012051165,lstm
2020-10-29 08:45:00,0.022399992,0.0036043525,lstm
2020-10-29 08:45:00,0.06019999,0.020026788,lstm
2020-10-29 08:45:00,0.1346,0.05011165,lstm
2020-10-29 09:00:00,0.022399992,0.0064244717,lstm
2020-10-29 09:00:00,0.060200006,0.033758327,lstm
2020-10-29 09:00:00,0.1346,0.07695883,lstm
2020-10-29 09:00:00,0.2132,0.14110719,lstm
2020-10-29 09:15:00,0.060200006,0.04945001,lstm
2020-10-29 09:15:00,0.1346,0.10457034,lstm
2020-10-29 09:15:00,0.2132,0.180692,lstm
2020-10-29 09:15:00,0.2834,0.26180506,lstm
2020-10-29 09:30:00,0.1346,0.11215891,lstm
2020-10-29 09:30:00,0.2132,0.18724224,lstm
2020-10-29 09:30:00,0.2834,0.2749405,lstm
2020-10-29 09:30:00,0.359,0.3481994,lstm
2020-10-29 09:45:00,0.2132,0.20555088,lstm
2020-10-29 09:45:00,0.2834,0.28840417,lstm
2020-10-29 09:45:00,0.359,0.36622187,lstm
2020-10-29 09:45:00,0.4196,0.4378808,lstm
2020-10-29 10:00:00,0.2834,0.2767393,lstm
2020-10-29 10:00:00,0.359,0.35189903,lstm
2020-10-29 10:00:00,0.4196,0.40880543,lstm
2020-10-29 10:00:00,0.4184,0.48217273,lstm
2020-10-29 10:15:00,0.359,0.34149426,lstm
2020-10-29 10:15:00,0.4196,0.40847215,lstm
2020-10-29 10:15:00,0.4184,0.45953846,lstm
2020-10-29 10:15:00,0.3524,0.5265312,lstm
2020-10-29 10:30:00,0.4196,0.41331092,lstm
2020-10-29 10:30:00,0.4184,0.4692748,lstm
2020-10-29 10:30:00,0.3524,0.51945823,lstm
2020-10-29 10:30:00,0.3228,0.5730521,lstm
2020-10-29 10:45:00,0.4184,0.48342144,lstm
2020-10-29 10:45:00,0.3524,0.529237,lstm
2020-10-29 10:45:00,0.3228,0.5771187,lstm
2020-10-29 10:45:00,0.376,0.615374,lstm
2020-10-29 11:00:00,0.3524,0.50137866,lstm
2020-10-29 11:00:00,0.3228,0.54284495,lstm
2020-10-29 11:00:00,0.376,0.5829891,lstm
2020-10-29 11:00:00,0.3268,0.60921067,lstm
2020-10-29 11:15:00,0.3228,0.42172056,lstm
2020-10-29 11:15:00,0.376,0.45087424,lstm
2020-10-29 11:15:00,0.3268,0.47907043,lstm
2020-10-29 11:15:00,0.3348,0.49299544,lstm
2020-10-29 11:30:00,0.376,0.3582858,lstm
2020-10-29 11:30:00,0.3268,0.36961973,lstm
2020-10-29 11:30:00,0.3348,0.3922419,lstm
2020-10-29 11:30:00,0.3068,0.40332553,lstm
2020-10-29 11:45:00,0.3268,0.47645003,lstm
2020-10-29 11:45:00,0.3348,0.4927124,lstm
2020-10-29 11:45:00,0.3068,0.52132213,lstm
2020-10-29 11:45:00,0.2578,0.5394876,lstm
2020-10-29 12:00:00,0.3348,0.33782798,lstm
2020-10-29 12:00:00,0.3068,0.35249776,lstm
2020-10-29 12:00:00,0.2578,0.3644061,lstm
2020-10-29 12:00:00,0.223,0.37159765,lstm
2020-10-29 12:15:00,0.3068,0.36457336,lstm
2020-10-29 12:15:00,0.2578,0.36726016,lstm
2020-10-29 12:15:00,0.223,0.37311918,lstm
2020-10-29 12:15:00,0.2124,0.37883753,lstm
2020-10-29 12:30:00,0.2578,0.31281042,lstm
2020-10-29 12:30:00,0.223,0.3195787,lstm
2020-10-29 12:30:00,0.2124,0.31464088,lstm
2020-10-29 12:30:00,0.1922,0.3160289,lstm
2020-10-29 12:45:00,0.223,0.26251522,lstm
2020-10-29 12:45:00,0.2124,0.27306238,lstm
2020-10-29 12:45:00,0.1922,0.26408213,lstm
2020-10-29 12:45:00,0.215,0.26465136,lstm
2020-10-29 13:00:00,0.2124,0.22372526,lstm
2020-10-29 13:00:00,0.1922,0.23270883,lstm
2020-10-29 13:00:00,0.215,0.22811446,lstm
2020-10-29 13:00:00,0.2216,0.22741562,lstm
2020-10-29 13:15:00,0.1922,0.20531303,lstm
2020-10-29 13:15:00,0.215,0.21022737,lstm
2020-10-29 13:15:00,0.2216,0.21145852,lstm
2020-10-29 13:15:00,0.2772,0.20926492,lstm
2020-10-29 13:30:00,0.215,0.1749863,lstm
2020-10-29 13:30:00,0.2216,0.17801699,lstm
2020-10-29 13:30:00,0.2772,0.18095146,lstm
2020-10-29 13:30:00,0.264,0.17948976,lstm
2020-10-29 13:45:00,0.2216,0.20513354,lstm
2020-10-29 13:45:00,0.2772,0.20959377,lstm
2020-10-29 13:45:00,0.264,0.21206641,lstm
2020-10-29 13:45:00,0.2568,0.2127684,lstm
2020-10-29 14:00:00,0.2772,0.2317919,lstm
2020-10-29 14:00:00,0.264,0.23041254,lstm
2020-10-29 14:00:00,0.2568,0.23178059,lstm
2020-10-29 14:00:00,0.231,0.23467612,lstm
2020-10-29 14:15:00,0.264,0.3348659,lstm
2020-10-29 14:15:00,0.2568,0.3261445,lstm
2020-10-29 14:15:00,0.231,0.3255661,lstm
2020-10-29 14:15:00,0.2238,0.32681412,lstm
2020-10-29 14:30:00,0.2568,0.28953543,lstm
2020-10-29 14:30:00,0.231,0.28056633,lstm
2020-10-29 14:30:00,0.2238,0.28942645,lstm
2020-10-29 14:30:00,0.2266,0.3021373,lstm
2020-10-29 14:45:00,0.231,0.26933607,lstm
2020-10-29 14:45:00,0.2238,0.2611612,lstm
2020-10-29 14:45:00,0.2266,0.27576035,lstm
2020-10-29 14:45:00,0.2474,0.2913913,lstm
2020-10-29 15:00:00,0.2238,0.29912576,lstm
2020-10-29 15:00:00,0.2266,0.29145372,lstm
2020-10-29 15:00:00,0.2474,0.3003531,lstm
2020-10-29 15:00:00,0.2562,0.31649628,lstm
2020-10-29 15:15:00,0.2266,0.39228773,lstm
2020-10-29 15:15:00,0.2474,0.38242322,lstm
2020-10-29 15:15:00,0.2562,0.38282877,lstm
2020-10-29 15:15:00,0.1976,0.39093107,lstm
2020-10-29 15:30:00,0.2474,0.43234217,lstm
2020-10-29 15:30:00,0.2562,0.41800123,lstm
2020-10-29 15:30:00,0.1976,0.4164054,lstm
2020-10-29 15:30:00,0.1704,0.41497216,lstm
2020-10-29 15:45:00,0.2562,0.41538584,lstm
2020-10-29 15:45:00,0.1976,0.40206885,lstm
2020-10-29 15:45:00,0.1704,0.39649597,lstm
2020-10-29 15:45:00,0.1432,0.4001611,lstm
2020-10-29 16:00:00,0.1976,0.43684757,lstm
2020-10-29 16:00:00,0.1704,0.41016304,lstm
2020-10-29 16:00:00,0.1432,0.3877954,lstm
2020-10-29 16:00:00,0.119,0.3690006,lstm
2020-10-29 16:15:00,0.1704,0.38879046,lstm
2020-10-29 16:15:00,0.1432,0.35977742,lstm
2020-10-29 16:15:00,0.119,0.32162654,lstm
2020-10-29 16:15:00,0.0998,0.281216,lstm
2020-10-29 16:30:00,0.1432,0.35630786,lstm
2020-10-29 16:30:00,0.119,0.30846307,lstm
2020-10-29 16:30:00,0.0998,0.2563544,lstm
2020-10-29 16:30:00,0.078999996,0.20673858,lstm
2020-10-29 16:45:00,0.119,0.30120224,lstm
2020-10-29 16:45:00,0.0998,0.23883125,lstm
2020-10-29 16:45:00,0.079,0.17980777,lstm
2020-10-29 16:45:00,0.06719999,0.13086972,lstm
2020-10-29 17:00:00,0.0998,0.23992291,lstm
2020-10-29 17:00:00,0.079,0.17331274,lstm
2020-10-29 17:00:00,0.06719999,0.1161755,lstm
2020-10-29 17:00:00,0.054800004,0.07523881,lstm
2020-10-29 17:15:00,0.079,0.17983735,lstm
2020-10-29 17:15:00,0.067200005,0.11594286,lstm
2020-10-29 17:15:00,0.05479999,0.07100043,lstm
2020-10-29 17:15:00,0.035400018,0.03759785,lstm
2020-10-29 17:30:00,0.067200005,0.12110403,lstm
2020-10-29 17:30:00,0.054800004,0.067601815,lstm
2020-10-29 17:30:00,0.035400003,0.038551137,lstm
2020-10-29 17:30:00,0.024399996,0.015536442,lstm
2020-10-29 17:45:00,0.054800004,0.07295411,lstm
2020-10-29 17:45:00,0.035400003,0.03562008,lstm
2020-10-29 17:45:00,0.024399996,0.017430902,lstm
2020-10-29 17:45:00,0.0132,0.0067495257,lstm
2020-10-29 18:00:00,0.035400003,0.03658849,lstm
2020-10-29 18:00:00,0.024399996,0.014011741,lstm
2020-10-29 18:00:00,0.0132,0.0043833405,lstm
2020-10-29 18:00:00,0.0031999946,0.002132818,lstm
2020-10-29 18:15:00,0.02439998,0.017327353,lstm
2020-10-29 18:15:00,0.0132,0.0034359545,lstm
2020-10-29 18:15:00,0.0031999946,-0.0009339601,lstm
2020-10-29 18:15:00,0.0,4.784763e-05,lstm
2020-10-29 18:30:00,0.0132,0.007838011,lstm
2020-10-29 18:30:00,0.0031999797,-0.0011316389,lstm
2020-10-29 18:30:00,0.0,-0.0024069697,lstm
2020-10-29 18:30:00,0.0,-0.0006842017,lstm
2020-10-29 18:45:00,0.0031999946,0.00354518,lstm
2020-10-29 18:45:00,0.0,-0.0030475557,lstm
2020-10-29 18:45:00,0.0,-0.0029150993,lstm
2020-10-29 18:45:00,0.0,-0.0009675026,lstm
2020-10-29 19:00:00,0.0,0.0010922849,lstm
2020-10-29 19:00:00,0.0,-0.0036916882,lstm
2020-10-29 19:00:00,0.0,-0.0030136853,lstm
2020-10-29 19:00:00,0.0,-0.0007150322,lstm
2020-10-29 19:15:00,0.0,-0.00016246736,lstm
2020-10-29 19:15:00,0.0,-0.0038120598,lstm
2020-10-29 19:15:00,0.0,-0.0025932938,lstm
2020-10-29 19:15:00,0.0,-0.00036992133,lstm
2020-10-29 19:30:00,0.0,-0.0009186566,lstm
2020-10-29 19:30:00,0.0,-0.0038761497,lstm
2020-10-29 19:30:00,0.0,-0.0022664666,lstm
2020-10-29 19:30:00,0.0,-0.00019854307,lstm
2020-10-29 19:45:00,0.0,-0.0013605505,lstm
2020-10-29 19:45:00,0.0,-0.003991574,lstm
2020-10-29 19:45:00,0.0,-0.0022084564,lstm
2020-10-29 19:45:00,0.0,-0.00015833974,lstm
2020-10-29 20:00:00,0.0,-0.0016729683,lstm
2020-10-29 20:00:00,0.0,-0.00404498,lstm
2020-10-29 20:00:00,0.0,-0.0021689385,lstm
2020-10-29 20:00:00,0.0,-8.195639e-05,lstm
2020-10-29 20:15:00,0.0,-0.0018443614,lstm
2020-10-29 20:15:00,0.0,-0.0040382445,lstm
2020-10-29 20:15:00,0.0,-0.002109021,lstm
2020-10-29 20:15:00,0.0,1.3113022e-06,lstm
2020-10-29 20:30:00,0.0,-0.0019528121,lstm
2020-10-29 20:30:00,0.0,-0.004021764,lstm
2020-10-29 20:30:00,0.0,-0.0020448565,lstm
2020-10-29 20:30:00,0.0,7.5250864e-05,lstm
2020-10-29 20:45:00,0.0,-0.0020450354,lstm
2020-10-29 20:45:00,0.0,-0.0040768236,lstm
2020-10-29 20:45:00,0.0,-0.0021294057,lstm
2020-10-29 20:45:00,0.0,7.851422e-05,lstm
2020-10-29 21:00:00,0.0,-0.0021192282,lstm
2020-10-29 21:00:00,0.0,-0.0040673316,lstm
2020-10-29 21:00:00,0.0,-0.0021205246,lstm
2020-10-29 21:00:00,0.0,0.00014922023,lstm
2020-10-29 21:15:00,0.0,-0.0021621585,lstm
2020-10-29 21:15:00,0.0,-0.004032567,lstm
2020-10-29 21:15:00,0.0,-0.0020795166,lstm
2020-10-29 21:15:00,0.0,0.00021852553,lstm
2020-10-29 21:30:00,0.0,-0.0021882206,lstm
2020-10-29 21:30:00,0.0,-0.003999591,lstm
2020-10-29 21:30:00,0.0,-0.0020365715,lstm
2020-10-29 21:30:00,0.0,0.00027491152,lstm
2020-10-29 21:45:00,0.0,-0.002262205,lstm
2020-10-29 21:45:00,0.0,-0.0040521473,lstm
2020-10-29 21:45:00,0.0,-0.002148211,lstm
2020-10-29 21:45:00,0.0,0.00026230514,lstm
2020-10-29 22:00:00,0.0,-0.0022869706,lstm
2020-10-29 22:00:00,0.0,-0.0040107965,lstm
2020-10-29 22:00:00,0.0,-0.0021223724,lstm
2020-10-29 22:00:00,0.0,0.00033456087,lstm
2020-10-29 22:15:00,0.0,-0.002300784,lstm
2020-10-29 22:15:00,0.0,-0.0039725304,lstm
2020-10-29 22:15:00,0.0,-0.0020804107,lstm
2020-10-29 22:15:00,0.0,0.00039330125,lstm
2020-10-29 22:30:00,0.0,-0.0023085624,lstm
2020-10-29 22:30:00,0.0,-0.0039415658,lstm
2020-10-29 22:30:00,0.0,-0.002044931,lstm
2020-10-29 22:30:00,0.0,0.0004337579,lstm
2020-10-29 22:45:00,0.0,-0.002378866,lstm
2020-10-29 22:45:00,0.0,-0.003979996,lstm
2020-10-29 22:45:00,0.0,-0.0021591038,lstm
2020-10-29 22:45:00,0.0,0.00040577352,lstm
2020-10-29 23:00:00,0.0,-0.0023770034,lstm
2020-10-29 23:00:00,0.0,-0.0039297193,lstm
2020-10-29 23:00:00,0.0,-0.002121821,lstm
2020-10-29 23:00:00,0.0,0.00046791136,lstm
2020-10-29 23:15:00,0.0,-0.0023691356,lstm
2020-10-29 23:15:00,0.0,-0.0038879812,lstm
2020-10-29 23:15:00,0.0,-0.0020888299,lstm
2020-10-29 23:15:00,0.0,0.00050751865,lstm
2020-10-29 23:30:00,0.0,-0.0023622364,lstm
2020-10-29 23:30:00,0.0,-0.0038497448,lstm
2020-10-29 23:30:00,0.0,-0.0020526052,lstm
2020-10-29 23:30:00,0.0,0.00054471195,lstm
2020-10-29 23:45:00,0.0,-0.0024300218,lstm
2020-10-29 23:45:00,0.0,-0.003882274,lstm
2020-10-29 23:45:00,0.0,-0.002159208,lstm
2020-10-29 23:45:00,0.0,0.0005019307,lstm
2020-10-30 00:00:00,0.0,-0.002414465,lstm
2020-10-30 00:00:00,0.0,-0.00382106,lstm
2020-10-30 00:00:00,0.0,-0.0021039099,lstm
2020-10-30 00:00:00,0.0,0.0005527735,lstm
2020-10-30 00:15:00,0.0,-0.0023983717,lstm
2020-10-30 00:15:00,0.0,-0.0037842244,lstm
2020-10-30 00:15:00,0.0,-0.0020771772,lstm
2020-10-30 00:15:00,0.0,0.00057050586,lstm
2020-10-30 00:30:00,0.0,-0.0023852438,lstm
2020-10-30 00:30:00,0.0,-0.0037531555,lstm
2020-10-30 00:30:00,0.0,-0.002051115,lstm
2020-10-30 00:30:00,0.0,0.00058959424,lstm
2020-10-30 00:45:00,0.0,-0.0024290085,lstm
2020-10-30 00:45:00,0.0,-0.0037698895,lstm
2020-10-30 00:45:00,0.0,-0.0021529347,lstm
2020-10-30 00:45:00,0.0,0.00052694976,lstm
2020-10-30 01:00:00,0.0,-0.002398029,lstm
2020-10-30 01:00:00,0.0,-0.003715098,lstm
2020-10-30 01:00:00,0.0,-0.0021051317,lstm
2020-10-30 01:00:00,0.0,0.00055624545,lstm
2020-10-30 01:15:00,0.0,-0.0023757964,lstm
2020-10-30 01:15:00,0.0,-0.0036853552,lstm
2020-10-30 01:15:00,0.0,-0.002080232,lstm
2020-10-30 01:15:00,0.0,0.00056248903,lstm
2020-10-30 01:30:00,0.0,-0.0023628324,lstm
2020-10-30 01:30:00,0.0,-0.0036699474,lstm
2020-10-30 01:30:00,0.0,-0.0020674467,lstm
2020-10-30 01:30:00,0.0,0.0005635023,lstm
2020-10-30 01:45:00,0.0,-0.0024107844,lstm
2020-10-30 01:45:00,0.0,-0.003695041,lstm
2020-10-30 01:45:00,0.0,-0.0021651983,lstm
2020-10-30 01:45:00,0.0,0.00047953427,lstm
2020-10-30 02:00:00,0.0,-0.0023768097,lstm
2020-10-30 02:00:00,0.0,-0.0036498904,lstm
2020-10-30 02:00:00,0.0,-0.002129525,lstm
2020-10-30 02:00:00,0.0,0.0004811138,lstm
2020-10-30 02:15:00,0.0,-0.00235039,lstm
2020-10-30 02:15:00,0.0,-0.0036306083,lstm
2020-10-30 02:15:00,0.0,-0.0021190047,lstm
2020-10-30 02:15:00,0.0,0.00046797097,lstm
2020-10-30 02:30:00,0.0,-0.0023317188,lstm
2020-10-30 02:30:00,0.0,-0.0036215186,lstm
2020-10-30 02:30:00,0.0,-0.002118513,lstm
2020-10-30 02:30:00,0.0,0.00045278668,lstm
2020-10-30 02:45:00,0.0,-0.0023625493,lstm
2020-10-30 02:45:00,0.0,-0.003636986,lstm
2020-10-30 02:45:00,0.0,-0.0022064894,lstm
2020-10-30 02:45:00,0.0,0.0003516525,lstm
2020-10-30 03:00:00,0.0,-0.0023227334,lstm
2020-10-30 03:00:00,0.0,-0.0036072582,lstm
2020-10-30 03:00:00,0.0,-0.0021826178,lstm
2020-10-30 03:00:00,0.0,0.00032640994,lstm
2020-10-30 03:15:00,0.0,-0.002293393,lstm
2020-10-30 03:15:00,0.0,-0.0036012828,lstm
2020-10-30 03:15:00,0.0,-0.0021821111,lstm
2020-10-30 03:15:00,0.0,0.00029349327,lstm
2020-10-30 03:30:00,0.0,-0.002273187,lstm
2020-10-30 03:30:00,0.0,-0.0036064535,lstm
2020-10-30 03:30:00,0.0,-0.0021959394,lstm
2020-10-30 03:30:00,0.0,0.00025731325,lstm
2020-10-30 03:45:00,0.0,-0.0023072064,lstm
2020-10-30 03:45:00,0.0,-0.0036375672,lstm
2020-10-30 03:45:00,0.0,-0.0022637397,lstm
2020-10-30 03:45:00,0.0,0.00015173852,lstm
2020-10-30 04:00:00,0.0,-0.0022763312,lstm
2020-10-30 04:00:00,0.0,-0.0036393106,lstm
2020-10-30 04:00:00,0.0,-0.002272457,lstm
2020-10-30 04:00:00,0.0,7.763505e-05,lstm
2020-10-30 04:15:00,0.0,-0.0022553653,lstm
2020-10-30 04:15:00,0.0,-0.0036658496,lstm
2020-10-30 04:15:00,0.0,-0.0022940487,lstm
2020-10-30 04:15:00,0.0,2.2605062e-05,lstm
2020-10-30 04:30:00,0.0,-0.0022061318,lstm
2020-10-30 04:30:00,0.0,-0.003680721,lstm
2020-10-30 04:30:00,0.0,-0.0023609698,lstm
2020-10-30 04:30:00,0.0,-7.70241e-05,lstm
2020-10-30 04:45:00,0.0,-0.0021889806,lstm
2020-10-30 04:45:00,0.0,-0.0037033558,lstm
2020-10-30 04:45:00,0.0,-0.0024378449,lstm
2020-10-30 04:45:00,0.0,-0.00020238757,lstm
2020-10-30 05:00:00,0.0,-0.0021433681,lstm
2020-10-30 05:00:00,0.0,-0.0037237257,lstm
2020-10-30 05:00:00,0.0,-0.0024471134,lstm
2020-10-30 05:00:00,0.0,-0.00027818978,lstm
2020-10-30 05:15:00,0.0,-0.0020912588,lstm
2020-10-30 05:15:00,0.0,-0.0037497878,lstm
2020-10-30 05:15:00,0.0,-0.0024895072,lstm
2020-10-30 05:15:00,0.0,-0.00036211312,lstm
2020-10-30 05:30:00,0.0,-0.002046764,lstm
2020-10-30 05:30:00,0.0,-0.0037739426,lstm
2020-10-30 05:30:00,0.0,-0.0025299042,lstm
2020-10-30 05:30:00,0.0,-0.00041854382,lstm
2020-10-30 05:45:00,0.0,-0.0020776838,lstm
2020-10-30 05:45:00,0.0,-0.0038122833,lstm
2020-10-30 05:45:00,0.0,-0.0025660694,lstm
2020-10-30 05:45:00,0.0,-0.00048436224,lstm
2020-10-30 06:00:00,0.0,-0.00209181,lstm
2020-10-30 06:00:00,0.0,-0.003891483,lstm
2020-10-30 06:00:00,0.0,-0.002629578,lstm
2020-10-30 06:00:00,0.0,-0.00057303905,lstm
2020-10-30 06:15:00,0.0,-0.0020946562,lstm
2020-10-30 06:15:00,0.0,-0.0039727986,lstm
2020-10-30 06:15:00,0.0,-0.0027126223,lstm
2020-10-30 06:15:00,0.0,-0.0006379932,lstm
2020-10-30 06:30:00,0.0,-0.002095744,lstm
2020-10-30 06:30:00,0.0,-0.004051417,lstm
2020-10-30 06:30:00,0.0,-0.002793759,lstm
2020-10-30 06:30:00,0.0,-0.00068452954,lstm
2020-10-30 06:45:00,0.0,-0.002170205,lstm
2020-10-30 06:45:00,0.0,-0.0041379184,lstm
2020-10-30 06:45:00,0.0,-0.0028255582,lstm
2020-10-30 06:45:00,0.0,-0.0006747544,lstm
2020-10-30 07:00:00,0.0,-0.0022423565,lstm
2020-10-30 07:00:00,0.0,-0.004295364,lstm
2020-10-30 07:00:00,0.0,-0.0029198974,lstm
2020-10-30 07:00:00,0.0,-0.0006906688,lstm
2020-10-30 07:15:00,0.0,-0.0022667795,lstm
2020-10-30 07:15:00,0.0,-0.0044472963,lstm
2020-10-30 07:15:00,0.0,-0.003020361,lstm
2020-10-30 07:15:00,0.0,-0.0006546527,lstm
2020-10-30 07:30:00,0.0,-0.0022470057,lstm
2020-10-30 07:30:00,0.0,-0.004605949,lstm
2020-10-30 07:30:00,0.0,-0.0031182915,lstm
2020-10-30 07:30:00,0.0,-0.00057299435,lstm
2020-10-30 07:45:00,0.0,-0.0022657067,lstm
2020-10-30 07:45:00,0.0,-0.0047398657,lstm
2020-10-30 07:45:00,0.0,-0.0030686706,lstm
2020-10-30 07:45:00,0.0,-0.0002207309,lstm
2020-10-30 08:00:00,0.0,-0.0022646636,lstm
2020-10-30 08:00:00,0.0,-0.005003467,lstm
2020-10-30 08:00:00,0.0,-0.0029579103,lstm
2020-10-30 08:00:00,0.0015999973,0.0005976558,lstm
2020-10-30 08:15:00,0.0,-0.0020969957,lstm
2020-10-30 08:15:00,0.0,-0.0052654,lstm
2020-10-30 08:15:00,0.0015999973,-0.0021177232,lstm
2020-10-30 08:15:00,0.016800001,0.0037156641,lstm
2020-10-30 08:30:00,0.0,-0.0020819157,lstm
2020-10-30 08:30:00,0.0015999824,-0.0041282177,lstm
2020-10-30 08:30:00,0.016800001,0.0038330704,lstm
2020-10-30 08:30:00,0.046399996,0.020346493,lstm
2020-10-30 08:45:00,0.0015999973,-0.0030586123,lstm
2020-10-30 08:45:00,0.016800001,0.00470531,lstm
2020-10-30 08:45:00,0.046399996,0.025023103,lstm
2020-10-30 08:45:00,0.054399997,0.06504531,lstm
2020-10-30 09:00:00,0.016800001,-0.00025252998,lstm
2020-10-30 09:00:00,0.046399996,0.02422683,lstm
2020-10-30 09:00:00,0.054399997,0.0676301,lstm
2020-10-30 09:00:00,0.0926,0.13539062,lstm
2020-10-30 09:15:00,0.046399996,0.022585928,lstm
2020-10-30 09:15:00,0.054399997,0.056364104,lstm
2020-10-30 09:15:00,0.092599995,0.121219955,lstm
2020-10-30 09:15:00,0.1936,0.193914,lstm
2020-10-30 09:30:00,0.054399997,0.0832075,lstm
2020-10-30 09:30:00,0.0926,0.13413548,lstm
2020-10-30 09:30:00,0.1936,0.214544,lstm
2020-10-30 09:30:00,0.2074,0.2799868,lstm
2020-10-30 09:45:00,0.0926,0.067464724,lstm
2020-10-30 09:45:00,0.1936,0.12680885,lstm
2020-10-30 09:45:00,0.2074,0.19892131,lstm
2020-10-30 09:45:00,0.2432,0.2507252,lstm
2020-10-30 10:00:00,0.1936,0.1391421,lstm
2020-10-30 10:00:00,0.2074,0.19800915,lstm
2020-10-30 10:00:00,0.2432,0.26130348,lstm
2020-10-30 10:00:00,0.2892,0.3034792,lstm
2020-10-30 10:15:00,0.2074,0.26245618,lstm
2020-10-30 10:15:00,0.2432,0.3130625,lstm
2020-10-30 10:15:00,0.2892,0.36380672,lstm
2020-10-30 10:15:00,0.3122,0.4108983,lstm
2020-10-30 10:30:00,0.2432,0.2294584,lstm
2020-10-30 10:30:00,0.2892,0.2826246,lstm
2020-10-30 10:30:00,0.3122,0.32141107,lstm
2020-10-30 10:30:00,0.4362,0.36888963,lstm
2020-10-30 10:45:00,0.2892,0.2967965,lstm
2020-10-30 10:45:00,0.3122,0.35273832,lstm
2020-10-30 10:45:00,0.4362,0.39470863,lstm
2020-10-30 10:45:00,0.5074,0.44177204,lstm
2020-10-30 11:00:00,0.3122,0.3369013,lstm
2020-10-30 11:00:00,0.4362,0.39305097,lstm
2020-10-30 11:00:00,0.5074,0.43617457,lstm
2020-10-30 11:00:00,0.4954,0.48260903,lstm
2020-10-30 11:15:00,0.4362,0.34784532,lstm
2020-10-30 11:15:00,0.5074,0.40070224,lstm
2020-10-30 11:15:00,0.4954,0.44177064,lstm
2020-10-30 11:15:00,0.4974,0.48168832,lstm
2020-10-30 11:30:00,0.5074,0.49060702,lstm
2020-10-30 11:30:00,0.4954,0.52659965,lstm
2020-10-30 11:30:00,0.4974,0.5656647,lstm
2020-10-30 11:30:00,0.4842,0.5994378,lstm
2020-10-30 11:45:00,0.4954,0.5504941,lstm
2020-10-30 11:45:00,0.4974,0.5822333,lstm
2020-10-30 11:45:00,0.4842,0.61340845,lstm
2020-10-30 11:45:00,0.4216,0.6442312,lstm
2020-10-30 12:00:00,0.4974,0.5586256,lstm
2020-10-30 12:00:00,0.4842,0.5896397,lstm
2020-10-30 12:00:00,0.4216,0.61231446,lstm
2020-10-30 12:00:00,0.3602,0.63427496,lstm
2020-10-30 12:15:00,0.4842,0.5821955,lstm
2020-10-30 12:15:00,0.4216,0.60408235,lstm
2020-10-30 12:15:00,0.3602,0.62166876,lstm
2020-10-30 12:15:00,0.324,0.6421513,lstm
2020-10-30 12:30:00,0.4216,0.5542934,lstm
2020-10-30 12:30:00,0.3602,0.56768894,lstm
2020-10-30 12:30:00,0.324,0.58262646,lstm
2020-10-30 12:30:00,0.2646,0.6003165,lstm
2020-10-30 12:45:00,0.3602,0.44159067,lstm
2020-10-30 12:45:00,0.324,0.45626134,lstm
2020-10-30 12:45:00,0.2646,0.4622302,lstm
2020-10-30 12:45:00,0.1902,0.47075766,lstm
2020-10-30 13:00:00,0.324,0.3437447,lstm
2020-10-30 13:00:00,0.2646,0.35680473,lstm
2020-10-30 13:00:00,0.1902,0.35998935,lstm
2020-10-30 13:00:00,0.1836,0.36539692,lstm
2020-10-30 13:15:00,0.2646,0.2854389,lstm
2020-10-30 13:15:00,0.1902,0.30572864,lstm
2020-10-30 13:15:00,0.1836,0.3128022,lstm
2020-10-30 13:15:00,0.235,0.3215437,lstm
2020-10-30 13:30:00,0.1902,0.21262941,lstm
2020-10-30 13:30:00,0.1836,0.23679876,lstm
2020-10-30 13:30:00,0.235,0.242304,lstm
2020-10-30 13:30:00,0.1778,0.2519462,lstm
2020-10-30 13:45:00,0.1836,0.15701701,lstm
2020-10-30 13:45:00,0.235,0.1713036,lstm
2020-10-30 13:45:00,0.1778,0.17611311,lstm
2020-10-30 13:45:00,0.1826,0.17852823,lstm
2020-10-30 14:00:00,0.235,0.15766957,lstm
2020-10-30 14:00:00,0.1778,0.16827458,lstm
2020-10-30 14:00:00,0.1826,0.18090802,lstm
2020-10-30 14:00:00,0.185,0.17854762,lstm
2020-10-30 14:15:00,0.1778,0.20424762,lstm
2020-10-30 14:15:00,0.1826,0.22228944,lstm
2020-10-30 14:15:00,0.185,0.23441708,lstm
2020-10-30 14:15:00,0.1838,0.2402503,lstm
2020-10-30 14:30:00,0.1826,0.13447657,lstm
2020-10-30 14:30:00,0.185,0.1505252,lstm
2020-10-30 14:30:00,0.1838,0.15808004,lstm
2020-10-30 14:30:00,0.1826,0.16963094,lstm
2020-10-30 14:45:00,0.185,0.15119334,lstm
2020-10-30 14:45:00,0.1838,0.1653468,lstm
2020-10-30 14:45:00,0.1826,0.17519984,lstm
2020-10-30 14:45:00,0.182,0.18364115,lstm
2020-10-30 15:00:00,0.1838,0.16782165,lstm
2020-10-30 15:00:00,0.1826,0.17779791,lstm
2020-10-30 15:00:00,0.182,0.19195399,lstm
2020-10-30 15:00:00,0.1806,0.20134906,lstm
2020-10-30 15:15:00,0.1826,0.19625387,lstm
2020-10-30 15:15:00,0.182,0.1975888,lstm
2020-10-30 15:15:00,0.1806,0.21754321,lstm
2020-10-30 15:15:00,0.1758,0.22752994,lstm
2020-10-30 15:30:00,0.182,0.2557274,lstm
2020-10-30 15:30:00,0.1806,0.25343174,lstm
2020-10-30 15:30:00,0.1758,0.27111194,lstm
2020-10-30 15:30:00,0.1742,0.2873603,lstm
2020-10-30 15:45:00,0.1806,0.29081672,lstm
2020-10-30 15:45:00,0.1758,0.2899192,lstm
2020-10-30 15:45:00,0.1742,0.3027105,lstm
2020-10-30 15:45:00,0.1724,0.32124227,lstm
2020-10-30 16:00:00,0.1758,0.35302523,lstm
2020-10-30 16:00:00,0.1742,0.35606903,lstm
2020-10-30 16:00:00,0.1724,0.3594343,lstm
2020-10-30 16:00:00,0.1694,0.37947357,lstm
2020-10-30 16:15:00,0.1742,0.39611322,lstm
2020-10-30 16:15:00,0.1724,0.39758247,lstm
2020-10-30 16:15:00,0.1694,0.39259496,lstm
2020-10-30 16:15:00,0.1672,0.40783164,lstm
2020-10-30 16:30:00,0.1724,0.43305162,lstm
2020-10-30 16:30:00,0.1694,0.42969096,lstm
2020-10-30 16:30:00,0.1672,0.41505086,lstm
2020-10-30 16:30:00,0.1632,0.42148164,lstm
2020-10-30 16:45:00,0.1694,0.44945103,lstm
2020-10-30 16:45:00,0.1672,0.43550253,lstm
2020-10-30 16:45:00,0.1632,0.4064749,lstm
2020-10-30 16:45:00,0.162,0.39428723,lstm
2020-10-30 17:00:00,0.1672,0.43338633,lstm
2020-10-30 17:00:00,0.1632,0.40663922,lstm
2020-10-30 17:00:00,0.162,0.36044264,lstm
2020-10-30 17:00:00,0.2296,0.3248001,lstm
2020-10-30 17:15:00,0.1632,0.40749472,lstm
2020-10-30 17:15:00,0.162,0.36216596,lstm
2020-10-30 17:15:00,0.2296,0.3006128,lstm
2020-10-30 17:15:00,0.2076,0.24523795,lstm
2020-10-30 17:30:00,0.162,0.3719445,lstm
2020-10-30 17:30:00,0.2296,0.30794066,lstm
2020-10-30 17:30:00,0.2076,0.23858552,lstm
2020-10-30 17:30:00,0.122,0.17388986,lstm
2020-10-30 17:45:00,0.2296,0.34811205,lstm
2020-10-30 17:45:00,0.2076,0.26833898,lstm
2020-10-30 17:45:00,0.122,0.19406697,lstm
2020-10-30 17:45:00,0.049999997,0.12617558,lstm
2020-10-30 18:00:00,0.2076,0.28156438,lstm
2020-10-30 18:00:00,0.121999994,0.20866989,lstm
2020-10-30 18:00:00,0.049999997,0.13511321,lstm
2020-10-30 18:00:00,0.0088,0.07715276,lstm
2020-10-30 18:15:00,0.122,0.18811047,lstm
2020-10-30 18:15:00,0.049999997,0.12619838,lstm
2020-10-30 18:15:00,0.0088,0.06447455,lstm
2020-10-30 18:15:00,0.0,0.021234423,lstm
2020-10-30 18:30:00,0.049999997,0.12197079,lstm
2020-10-30 18:30:00,0.0088,0.066508666,lstm
2020-10-30 18:30:00,0.0,0.024728104,lstm
2020-10-30 18:30:00,0.0,0.0011838228,lstm
2020-10-30 18:45:00,0.0088,0.0544288,lstm
2020-10-30 18:45:00,0.0,0.020205691,lstm
2020-10-30 18:45:00,0.0,-0.00051914155,lstm
2020-10-30 18:45:00,0.0,-0.0044244677,lstm
2020-10-30 19:00:00,0.0,0.021895185,lstm
2020-10-30 19:00:00,0.0,0.0028923005,lstm
2020-10-30 19:00:00,0.0,-0.00523369,lstm
2020-10-30 19:00:00,0.0,-0.004013896,lstm
2020-10-30 19:15:00,0.0,0.008427948,lstm
2020-10-30 19:15:00,0.0,-0.0015649647,lstm
2020-10-30 19:15:00,0.0,-0.0041089803,lstm
2020-10-30 19:15:00,0.0,-0.0021757185,lstm
2020-10-30 19:30:00,0.0,0.0028894246,lstm
2020-10-30 19:30:00,0.0,-0.00284864,lstm
2020-10-30 19:30:00,0.0,-0.0029456913,lstm
2020-10-30 19:30:00,0.0,-0.0011492074,lstm
2020-10-30 19:45:00,0.0,0.00051656365,lstm
2020-10-30 19:45:00,0.0,-0.0033916086,lstm
2020-10-30 19:45:00,0.0,-0.002429247,lstm
2020-10-30 19:45:00,0.0,-0.0007569939,lstm
2020-10-30 20:00:00,0.0,-0.0006579459,lstm
2020-10-30 20:00:00,0.0,-0.0036198348,lstm
2020-10-30 20:00:00,0.0,-0.002138719,lstm
2020-10-30 20:00:00,0.0,-0.0004850179,lstm
2020-10-30 20:15:00,0.0,-0.0012488514,lstm
2020-10-30 20:15:00,0.0,-0.0037098527,lstm
2020-10-30 20:15:00,0.0,-0.0019615889,lstm
2020-10-30 20:15:00,0.0,-0.00029194355,lstm
2020-10-30 20:30:00,0.0,-0.0015711039,lstm
2020-10-30 20:30:00,0.0,-0.003736645,lstm
2020-10-30 20:30:00,0.0,-0.0018445253,lstm
2020-10-30 20:30:00,0.0,-0.00014740229,lstm
2020-10-30 20:45:00,0.0,-0.0018038303,lstm
2020-10-30 20:45:00,0.0,-0.0038582832,lstm
2020-10-30 20:45:00,0.0,-0.0019412786,lstm
2020-10-30 20:45:00,0.0,-0.00011008978,lstm
2020-10-30 21:00:00,0.0,-0.0019351542,lstm
2020-10-30 21:00:00,0.0,-0.0038606524,lstm
2020-10-30 21:00:00,0.0,-0.0019150972,lstm
2020-10-30 21:00:00,0.0,4.0233135e-06,lstm
2020-10-30 21:15:00,0.0,-0.0020172596,lstm
2020-10-30 21:15:00,0.0,-0.0038388819,lstm
2020-10-30 21:15:00,0.0,-0.0018701255,lstm
2020-10-30 21:15:00,0.0,9.9405646e-05,lstm
2020-10-30 21:30:00,0.0,-0.0020719916,lstm
2020-10-30 21:30:00,0.0,-0.0038149357,lstm
2020-10-30 21:30:00,0.0,-0.0018265694,lstm
2020-10-30 21:30:00,0.0,0.00017148256,lstm
2020-10-30 21:45:00,0.0,-0.002183631,lstm
2020-10-30 21:45:00,0.0,-0.0039017648,lstm
2020-10-30 21:45:00,0.0,-0.0019757599,lstm
2020-10-30 21:45:00,0.0,0.00015024841,lstm
2020-10-30 22:00:00,0.0,-0.0022234917,lstm
2020-10-30 22:00:00,0.0,-0.0038626492,lstm
2020-10-30 22:00:00,0.0,-0.0019356012,lstm
2020-10-30 22:00:00,0.0,0.0002501756,lstm
2020-10-30 22:15:00,0.0,-0.0022369325,lstm
2020-10-30 22:15:00,0.0,-0.0038300455,lstm
2020-10-30 22:15:00,0.0,-0.0019021034,lstm
2020-10-30 22:15:00,0.0,0.00030778348,lstm
2020-10-30 22:30:00,0.0,-0.0022450387,lstm
2020-10-30 22:30:00,0.0,-0.0038086325,lstm
2020-10-30 22:30:00,0.0,-0.0018788725,lstm
2020-10-30 22:30:00,0.0,0.00034183264,lstm
2020-10-30 22:45:00,0.0,-0.0023435652,lstm
2020-10-30 22:45:00,0.0,-0.0038849562,lstm
2020-10-30 22:45:00,0.0,-0.002037868,lstm
2020-10-30 22:45:00,0.0,0.00029277802,lstm
2020-10-30 23:00:00,0.0,-0.0023284256,lstm
2020-10-30 23:00:00,0.0,-0.0038319677,lstm
2020-10-30 23:00:00,0.0,-0.002007231,lstm
2020-10-30 23:00:00,0.0,0.00035566092,lstm
2020-10-30 23:15:00,0.0,-0.0023140907,lstm
2020-10-30 23:15:00,0.0,-0.0037920475,lstm
2020-10-30 23:15:00,0.0,-0.0019762218,lstm
2020-10-30 23:15:00,0.0,0.0004004389,lstm
2020-10-30 23:30:00,0.0,-0.002304837,lstm
2020-10-30 23:30:00,0.0,-0.0037622303,lstm
2020-10-30 23:30:00,0.0,-0.0019503087,lstm
2020-10-30 23:30:00,0.0,0.00043416023,lstm
2020-10-30 23:45:00,0.0,-0.0023986995,lstm
2020-10-30 23:45:00,0.0,-0.0038229227,lstm
2020-10-30 23:45:00,0.0,-0.0020999014,lstm
2020-10-30 23:45:00,0.0,0.00037376583,lstm
2020-10-31 00:00:00,0.0,-0.002376169,lstm
2020-10-31 00:00:00,0.0,-0.0037641972,lstm
2020-10-31 00:00:00,0.0,-0.0020501167,lstm
2020-10-31 00:00:00,0.0,0.0004298538,lstm
2020-10-31 00:15:00,0.0,-0.002361834,lstm
2020-10-31 00:15:00,0.0,-0.003735274,lstm
2020-10-31 00:15:00,0.0,-0.0020218492,lstm
2020-10-31 00:15:00,0.0,0.00045250356,lstm
2020-10-31 00:30:00,0.0,-0.0023438632,lstm
2020-10-31 00:30:00,0.0,-0.0037101358,lstm
2020-10-31 00:30:00,0.0,-0.0020106435,lstm
2020-10-31 00:30:00,0.0,0.0004631132,lstm
2020-10-31 00:45:00,0.0,-0.002420187,lstm
2020-10-31 00:45:00,0.0,-0.0037571937,lstm
2020-10-31 00:45:00,0.0,-0.002145514,lstm
2020-10-31 00:45:00,0.0,0.00039187074,lstm
2020-10-31 01:00:00,0.0,-0.0023823082,lstm
2020-10-31 01:00:00,0.0,-0.0037030578,lstm
2020-10-31 01:00:00,0.0,-0.0021018535,lstm
2020-10-31 01:00:00,0.0,0.00041861832,lstm
2020-10-31 01:15:00,0.0,-0.0023634285,lstm
2020-10-31 01:15:00,0.0,-0.0036841035,lstm
2020-10-31 01:15:00,0.0,-0.0020769238,lstm
2020-10-31 01:15:00,0.0,0.0004274547,lstm
2020-10-31 01:30:00,0.0,-0.0023463815,lstm
2020-10-31 01:30:00,0.0,-0.0036720186,lstm
2020-10-31 01:30:00,0.0,-0.0020706803,lstm
2020-10-31 01:30:00,0.0,0.00042378902,lstm
2020-10-31 01:45:00,0.0,-0.002412945,lstm
2020-10-31 01:45:00,0.0,-0.0037136525,lstm
2020-10-31 01:45:00,0.0,-0.0021902919,lstm
2020-10-31 01:45:00,0.0,0.0003335625,lstm
2020-10-31 02:00:00,0.0,-0.0023720562,lstm
2020-10-31 02:00:00,0.0,-0.0036694258,lstm
2020-10-31 02:00:00,0.0,-0.002154246,lstm
2020-10-31 02:00:00,0.0,0.00033417344,lstm
2020-10-31 02:15:00,0.0,-0.0023403764,lstm
2020-10-31 02:15:00,0.0,-0.0036554039,lstm
2020-10-31 02:15:00,0.0,-0.0021460801,lstm
2020-10-31 02:15:00,0.0,0.00031773746,lstm
2020-10-31 02:30:00,0.0,-0.002313301,lstm
2020-10-31 02:30:00,0.0,-0.0036449581,lstm
2020-10-31 02:30:00,0.0,-0.0021450967,lstm
2020-10-31 02:30:00,0.0,0.00030489266,lstm
2020-10-31 02:45:00,0.0,-0.0023525655,lstm
2020-10-31 02:45:00,0.0,-0.0036745518,lstm
2020-10-31 02:45:00,0.0,-0.0022379905,lstm
2020-10-31 02:45:00,0.0,0.00020754337,lstm
2020-10-31 03:00:00,0.0,-0.002306193,lstm
2020-10-31 03:00:00,0.0,-0.0036423951,lstm
2020-10-31 03:00:00,0.0,-0.0022115856,lstm
2020-10-31 03:00:00,0.0,0.0001783967,lstm
2020-10-31 03:15:00,0.0,-0.0022633672,lstm
2020-10-31 03:15:00,0.0,-0.0036373287,lstm
2020-10-31 03:15:00,0.0,-0.0022191107,lstm
2020-10-31 03:15:00,0.0,0.00013373792,lstm
2020-10-31 03:30:00,0.0,-0.0022338927,lstm
2020-10-31 03:30:00,0.0,-0.0036398172,lstm
2020-10-31 03:30:00,0.0,-0.0022265613,lstm
2020-10-31 03:30:00,0.0,0.00010406971,lstm
2020-10-31 03:45:00,0.0,-0.0022576302,lstm
2020-10-31 03:45:00,0.0,-0.0036727488,lstm
2020-10-31 03:45:00,0.0,-0.0023062974,lstm
2020-10-31 03:45:00,0.0,-7.927418e-06,lstm
2020-10-31 04:00:00,0.0,-0.002214253,lstm
2020-10-31 04:00:00,0.0,-0.0036664754,lstm
2020-10-31 04:00:00,0.0,-0.002304718,lstm
2020-10-31 04:00:00,0.0,-6.844103e-05,lstm
2020-10-31 04:15:00,0.0,-0.0021702498,lstm
2020-10-31 04:15:00,0.0,-0.003675744,lstm
2020-10-31 04:15:00,0.0,-0.002327755,lstm
2020-10-31 04:15:00,0.0,-0.00013078749,lstm
2020-10-31 04:30:00,0.0,-0.002133578,lstm
2020-10-31 04:30:00,0.0,-0.0036931634,lstm
2020-10-31 04:30:00,0.0,-0.002360016,lstm
2020-10-31 04:30:00,0.0,-0.00018490851,lstm
2020-10-31 04:45:00,0.0,-0.0021567047,lstm
2020-10-31 04:45:00,0.0,-0.003725484,lstm
2020-10-31 04:45:00,0.0,-0.002410099,lstm
2020-10-31 04:45:00,0.0,-0.00027273595,lstm
2020-10-31 05:00:00,0.0,-0.002139017,lstm
2020-10-31 05:00:00,0.0,-0.003762558,lstm
2020-10-31 05:00:00,0.0,-0.0024458766,lstm
2020-10-31 05:00:00,0.0,-0.00036413968,lstm
2020-10-31 05:15:00,0.0,-0.00211142,lstm
2020-10-31 05:15:00,0.0,-0.0038090795,lstm
2020-10-31 05:15:00,0.0,-0.0025044382,lstm
2020-10-31 05:15:00,0.0,-0.00044490397,lstm
2020-10-31 05:30:00,0.0,-0.0021048486,lstm
2020-10-31 05:30:00,0.0,-0.0038565546,lstm
2020-10-31 05:30:00,0.0,-0.00254938,lstm
2020-10-31 05:30:00,0.0,-0.00048948824,lstm
2020-10-31 05:45:00,0.0,-0.00215815,lstm
2020-10-31 05:45:00,0.0,-0.003922701,lstm
2020-10-31 05:45:00,0.0,-0.0026016235,lstm
2020-10-31 05:45:00,0.0,-0.00056032836,lstm
2020-10-31 06:00:00,0.0,-0.0021858811,lstm
2020-10-31 06:00:00,0.0,-0.004023537,lstm
2020-10-31 06:00:00,0.0,-0.0026845932,lstm
2020-10-31 06:00:00,0.0,-0.0006532669,lstm
2020-10-31 06:15:00,0.0,-0.0021853745,lstm
2020-10-31 06:15:00,0.0,-0.0041187704,lstm
2020-10-31 06:15:00,0.0,-0.0027695894,lstm
2020-10-31 06:15:00,0.0,-0.0007150322,lstm
2020-10-31 06:30:00,0.0,-0.0021710694,lstm
2020-10-31 06:30:00,0.0,-0.0042082667,lstm
2020-10-31 06:30:00,0.0,-0.0028557926,lstm
2020-10-31 06:30:00,0.0,-0.0007651597,lstm
2020-10-31 06:45:00,0.0,-0.0022096038,lstm
2020-10-31 06:45:00,0.0,-0.004293412,lstm
2020-10-31 06:45:00,0.0,-0.0029017031,lstm
2020-10-31 06:45:00,0.0,-0.0007683635,lstm
2020-10-31 07:00:00,0.0,-0.0022605658,lstm
2020-10-31 07:00:00,0.0,-0.0044478923,lstm
2020-10-31 07:00:00,0.0,-0.002984032,lstm
2020-10-31 07:00:00,0.0,-0.0007672757,lstm
2020-10-31 07:15:00,0.0,-0.002261132,lstm
2020-10-31 07:15:00,0.0,-0.004596129,lstm
2020-10-31 07:15:00,0.0,-0.0030750036,lstm
2020-10-31 07:15:00,0.0,-0.0007211417,lstm
2020-10-31 07:30:00,0.0,-0.0022250265,lstm
2020-10-31 07:30:00,0.0,-0.004745424,lstm
2020-10-31 07:30:00,0.0,-0.0031547993,lstm
2020-10-31 07:30:00,0.0,-0.000614509,lstm
2020-10-31 07:45:00,0.0,-0.002224967,lstm
2020-10-31 07:45:00,0.0,-0.0048600137,lstm
2020-10-31 07:45:00,0.0,-0.0030839443,lstm
2020-10-31 07:45:00,0.0,-0.00023712218,lstm
2020-10-31 08:00:00,0.0,-0.0021956116,lstm
2020-10-31 08:00:00,0.0,-0.0050953925,lstm
2020-10-31 08:00:00,0.0,-0.0030090213,lstm
2020-10-31 08:00:00,0.00040002167,0.0004671514,lstm
2020-10-31 08:15:00,0.0,-0.0019946843,lstm
2020-10-31 08:15:00,0.0,-0.005355835,lstm
2020-10-31 08:15:00,0.00040000677,-0.002510354,lstm
2020-10-31 08:15:00,0.012199998,0.0026714355,lstm
2020-10-31 08:30:00,0.0,-0.0016622692,lstm
2020-10-31 08:30:00,0.00040000677,-0.004891351,lstm
2020-10-31 08:30:00,0.012199998,0.0012679547,lstm
2020-10-31 08:30:00,0.0564,0.01373136,lstm
2020-10-31 08:45:00,0.00040000677,-0.0024425685,lstm
2020-10-31 08:45:00,0.012199998,0.0010336488,lstm
2020-10-31 08:45:00,0.0564,0.01694344,lstm
2020-10-31 08:45:00,0.1502,0.048839316,lstm
2020-10-31 09:00:00,0.012199998,-0.0009355694,lstm
2020-10-31 09:00:00,0.0564,0.02067098,lstm
2020-10-31 09:00:00,0.1502,0.05955726,lstm
2020-10-31 09:00:00,0.2456,0.12337021,lstm
2020-10-31 09:15:00,0.0564,0.029996037,lstm
2020-10-31 09:15:00,0.1502,0.07339665,lstm
2020-10-31 09:15:00,0.2456,0.14622104,lstm
2020-10-31 09:15:00,0.3152,0.22792454,lstm
2020-10-31 09:30:00,0.1502,0.11424115,lstm
2020-10-31 09:30:00,0.2456,0.18291472,lstm
2020-10-31 09:30:00,0.3152,0.27764034,lstm
2020-10-31 09:30:00,0.3934,0.35348165,lstm
2020-10-31 09:45:00,0.2456,0.22917865,lstm
2020-10-31 09:45:00,0.3152,0.31136012,lstm
2020-10-31 09:45:00,0.3934,0.40088212,lstm
2020-10-31 09:45:00,0.454,0.47351533,lstm
2020-10-31 10:00:00,0.3152,0.30544376,lstm
2020-10-31 10:00:00,0.3934,0.3790511,lstm
2020-10-31 10:00:00,0.454,0.440074,lstm
2020-10-31 10:00:00,0.508,0.5161564,lstm
2020-10-31 10:15:00,0.3934,0.36436725,lstm
2020-10-31 10:15:00,0.454,0.43140322,lstm
2020-10-31 10:15:00,0.508,0.48517162,lstm
2020-10-31 10:15:00,0.5674,0.5546257,lstm
2020-10-31 10:30:00,0.454,0.43610233,lstm
2020-10-31 10:30:00,0.508,0.49208212,lstm
2020-10-31 10:30:00,0.5674,0.5461327,lstm
2020-10-31 10:30:00,0.5088,0.6004476,lstm
2020-10-31 10:45:00,0.508,0.50314915,lstm
2020-10-31 10:45:00,0.5674,0.5474134,lstm
2020-10-31 10:45:00,0.50879997,0.59759194,lstm
2020-10-31 10:45:00,0.341,0.63268465,lstm
2020-10-31 11:00:00,0.5674,0.56523585,lstm
2020-10-31 11:00:00,0.5088,0.5987036,lstm
2020-10-31 11:00:00,0.341,0.64249,lstm
2020-10-31 11:00:00,0.2564,0.6675307,lstm
2020-10-31 11:15:00,0.5088,0.62050235,lstm
2020-10-31 11:15:00,0.341,0.6482018,lstm
2020-10-31 11:15:00,0.2564,0.6856004,lstm
2020-10-31 11:15:00,0.2522,0.7104653,lstm
2020-10-31 11:30:00,0.341,0.5254526,lstm
2020-10-31 11:30:00,0.2564,0.5506488,lstm
2020-10-31 11:30:00,0.2522,0.5711793,lstm
2020-10-31 11:30:00,0.2486,0.58079267,lstm
2020-10-31 11:45:00,0.2564,0.32729682,lstm
2020-10-31 11:45:00,0.2522,0.3514822,lstm
2020-10-31 11:45:00,0.2486,0.36366844,lstm
2020-10-31 11:45:00,0.2238,0.36954242,lstm
2020-10-31 12:00:00,0.2522,0.19237164,lstm
2020-10-31 12:00:00,0.2486,0.19981322,lstm
2020-10-31 12:00:00,0.2238,0.21252045,lstm
2020-10-31 12:00:00,0.2194,0.222348,lstm
2020-10-31 12:15:00,0.2486,0.16962086,lstm
2020-10-31 12:15:00,0.2238,0.1717594,lstm
2020-10-31 12:15:00,0.2194,0.18239483,lstm
2020-10-31 12:15:00,0.2104,0.18823488,lstm
2020-10-31 12:30:00,0.2238,0.14887498,lstm
2020-10-31 12:30:00,0.2194,0.16031045,lstm
2020-10-31 12:30:00,0.2104,0.16220124,lstm
2020-10-31 12:30:00,0.181,0.16654427,lstm
2020-10-31 12:45:00,0.2194,0.11284463,lstm
2020-10-31 12:45:00,0.2104,0.13138455,lstm
2020-10-31 12:45:00,0.181,0.12576981,lstm
2020-10-31 12:45:00,0.1736,0.12885135,lstm
2020-10-31 13:00:00,0.2104,0.10687596,lstm
2020-10-31 13:00:00,0.181,0.12707634,lstm
2020-10-31 13:00:00,0.1736,0.11889297,lstm
2020-10-31 13:00:00,0.1728,0.12403133,lstm
2020-10-31 13:15:00,0.181,0.09567582,lstm
2020-10-31 13:15:00,0.1736,0.111565724,lstm
2020-10-31 13:15:00,0.1728,0.10230165,lstm
2020-10-31 13:15:00,0.1742,0.107628435,lstm
2020-10-31 13:30:00,0.1736,0.0827164,lstm
2020-10-31 13:30:00,0.1728,0.09203962,lstm
2020-10-31 13:30:00,0.1742,0.083362125,lstm
2020-10-31 13:30:00,0.1704,0.08511881,lstm
2020-10-31 13:45:00,0.1728,0.089678966,lstm
2020-10-31 13:45:00,0.1742,0.09179263,lstm
2020-10-31 13:45:00,0.1704,0.08655196,lstm
2020-10-31 13:45:00,0.167,0.08549791,lstm
2020-10-31 14:00:00,0.1742,0.095720425,lstm
2020-10-31 14:00:00,0.1704,0.092424534,lstm
2020-10-31 14:00:00,0.167,0.090048105,lstm
2020-10-31 14:00:00,0.1682,0.08559318,lstm
2020-10-31 14:15:00,0.1704,0.10239989,lstm
2020-10-31 14:15:00,0.167,0.09482933,lstm
2020-10-31 14:15:00,0.1682,0.09464438,lstm
2020-10-31 14:15:00,0.1798,0.08332263,lstm
2020-10-31 14:30:00,0.167,0.10449866,lstm
2020-10-31 14:30:00,0.1682,0.09005101,lstm
2020-10-31 14:30:00,0.1798,0.092832774,lstm
2020-10-31 14:30:00,0.1822,0.0687272,lstm
2020-10-31 14:45:00,0.1682,0.10972743,lstm
2020-10-31 14:45:00,0.1798,0.0896261,lstm
2020-10-31 14:45:00,0.1822,0.09691293,lstm
2020-10-31 14:45:00,0.183,0.061293364,lstm
2020-10-31 15:00:00,0.1798,0.12113772,lstm
2020-10-31 15:00:00,0.1822,0.09910864,lstm
2020-10-31 15:00:00,0.183,0.11071071,lstm
2020-10-31 15:00:00,0.1844,0.06970962,lstm
2020-10-31 15:15:00,0.1822,0.16010723,lstm
2020-10-31 15:15:00,0.183,0.13662921,lstm
2020-10-31 15:15:00,0.1844,0.14637096,lstm
2020-10-31 15:15:00,0.195,0.10643975,lstm
2020-10-31 15:30:00,0.183,0.15100889,lstm
2020-10-31 15:30:00,0.1844,0.12988643,lstm
2020-10-31 15:30:00,0.195,0.14238016,lstm
2020-10-31 15:30:00,0.2134,0.10713314,lstm
2020-10-31 15:45:00,0.1844,0.1278172,lstm
2020-10-31 15:45:00,0.195,0.108048074,lstm
2020-10-31 15:45:00,0.2134,0.1198529,lstm
2020-10-31 15:45:00,0.1994,0.10879518,lstm
2020-10-31 16:00:00,0.195,0.14107592,lstm
2020-10-31 16:00:00,0.2134,0.18333489,lstm
2020-10-31 16:00:00,0.1994,0.21835406,lstm
2020-10-31 16:00:00,0.1602,0.22032869,lstm
2020-10-31 16:15:00,0.2134,0.12911054,lstm
2020-10-31 16:15:00,0.1994,0.18276095,lstm
2020-10-31 16:15:00,0.1602,0.21405295,lstm
2020-10-31 16:15:00,0.208,0.22146882,lstm
2020-10-31 16:30:00,0.1994,0.14546925,lstm
2020-10-31 16:30:00,0.1602,0.20554002,lstm
2020-10-31 16:30:00,0.208,0.22474903,lstm
2020-10-31 16:30:00,0.3286,0.2342297,lstm
2020-10-31 16:45:00,0.1602,0.22089954,lstm
2020-10-31 16:45:00,0.208,0.26059583,lstm
2020-10-31 16:45:00,0.3286,0.26469356,lstm
2020-10-31 16:45:00,0.351,0.25807807,lstm
2020-10-31 17:00:00,0.208,0.19216545,lstm
2020-10-31 17:00:00,0.3286,0.19843248,lstm
2020-10-31 17:00:00,0.351,0.1730265,lstm
2020-10-31 17:00:00,0.2758,0.15903072,lstm
2020-10-31 17:15:00,0.3286,0.132213,lstm
2020-10-31 17:15:00,0.351,0.13801393,lstm
2020-10-31 17:15:00,0.2758,0.0921535,lstm
2020-10-31 17:15:00,0.2022,0.083618805,lstm
2020-10-31 17:30:00,0.351,0.23088074,lstm
2020-10-31 17:30:00,0.2758,0.21572477,lstm
2020-10-31 17:30:00,0.2022,0.15352798,lstm
2020-10-31 17:30:00,0.111200005,0.110147424,lstm
2020-10-31 17:45:00,0.2758,0.30443543,lstm
2020-10-31 17:45:00,0.2022,0.24009746,lstm
2020-10-31 17:45:00,0.1112,0.17786342,lstm
2020-10-31 17:45:00,0.0388,0.10459478,lstm
2020-10-31 18:00:00,0.2022,0.20237324,lstm
2020-10-31 18:00:00,0.1112,0.14222875,lstm
2020-10-31 18:00:00,0.0388,0.08238643,lstm
2020-10-31 18:00:00,0.009000003,0.03408587,lstm
2020-10-31 18:15:00,0.1112,0.09789727,lstm
2020-10-31 18:15:00,0.0388,0.055960655,lstm
2020-10-31 18:15:00,0.009000003,0.016745329,lstm
2020-10-31 18:15:00,0.0,0.002922535,lstm
2020-10-31 18:30:00,0.0388,0.049435362,lstm
2020-10-31 18:30:00,0.009000003,0.016102806,lstm
2020-10-31 18:30:00,0.0,-0.0033082962,lstm
2020-10-31 18:30:00,0.0,-0.0058460236,lstm
2020-10-31 18:45:00,0.009000018,0.023989484,lstm
2020-10-31 18:45:00,0.0,0.0016938895,lstm
2020-10-31 18:45:00,0.0,-0.007210344,lstm
2020-10-31 18:45:00,0.0,-0.0059732497,lstm
2020-10-31 19:00:00,0.0,0.010943949,lstm
2020-10-31 19:00:00,0.0,-0.0022189617,lstm
2020-10-31 19:00:00,0.0,-0.0053514987,lstm
2020-10-31 19:00:00,0.0,-0.0033236444,lstm
2020-10-31 19:15:00,0.0,0.0037487298,lstm
2020-10-31 19:15:00,0.0,-0.0032653958,lstm
2020-10-31 19:15:00,0.0,-0.003683582,lstm
2020-10-31 19:15:00,0.0,-0.0014433414,lstm
2020-10-31 19:30:00,0.0,0.0009975284,lstm
2020-10-31 19:30:00,0.0,-0.0033036768,lstm
2020-10-31 19:30:00,0.0,-0.0024784505,lstm
2020-10-31 19:30:00,0.0,-0.0004618466,lstm
2020-10-31 19:45:00,0.0,-0.00034561753,lstm
2020-10-31 19:45:00,0.0,-0.003491655,lstm
2020-10-31 19:45:00,0.0,-0.002096042,lstm
2020-10-31 19:45:00,0.0,-0.00020800531,lstm
2020-10-31 20:00:00,0.0,-0.00107494,lstm
2020-10-31 20:00:00,0.0,-0.0036180615,lstm
2020-10-31 20:00:00,0.0,-0.0019311756,lstm
2020-10-31 20:00:00,0.0,-6.142259e-05,lstm
2020-10-31 20:15:00,0.0,-0.0015058964,lstm
2020-10-31 20:15:00,0.0,-0.003702134,lstm
2020-10-31 20:15:00,0.0,-0.0018279105,lstm
2020-10-31 20:15:00,0.0,4.221499e-05,lstm
2020-10-31 20:30:00,0.0,-0.0017367154,lstm
2020-10-31 20:30:00,0.0,-0.0037327409,lstm
2020-10-31 20:30:00,0.0,-0.0017516017,lstm
2020-10-31 20:30:00,0.0,0.00011730194,lstm
2020-10-31 20:45:00,0.0,-0.0018714219,lstm
2020-10-31 20:45:00,0.0,-0.003835693,lstm
2020-10-31 20:45:00,0.0,-0.0018693358,lstm
2020-10-31 20:45:00,0.0,9.456277e-05,lstm
2020-10-31 21:00:00,0.0,-0.0019388199,lstm
2020-10-31 21:00:00,0.0,-0.0038392544,lstm
2020-10-31 21:00:00,0.0,-0.0018857569,lstm
2020-10-31 21:00:00,0.0,0.00014448166,lstm
2020-10-31 21:15:00,0.0,-0.0020322204,lstm
2020-10-31 21:15:00,0.0,-0.0038438588,lstm
2020-10-31 21:15:00,0.0,-0.001854986,lstm
2020-10-31 21:15:00,0.0,0.00020313263,lstm
2020-10-31 21:30:00,0.0,-0.0020945072,lstm
2020-10-31 21:30:00,0.0,-0.0038308352,lstm
2020-10-31 21:30:00,0.0,-0.0018181652,lstm
2020-10-31 21:30:00,0.0,0.00026366115,lstm
2020-10-31 21:45:00,0.0,-0.002192974,lstm
2020-10-31 21:45:00,0.0,-0.003904596,lstm
2020-10-31 21:45:00,0.0,-0.0019432902,lstm
2020-10-31 21:45:00,0.0,0.00025610626,lstm
2020-10-31 22:00:00,0.0,-0.0022091419,lstm
2020-10-31 22:00:00,0.0,-0.0038791895,lstm
2020-10-31 22:00:00,0.0,-0.0019327104,lstm
2020-10-31 22:00:00,0.0,0.0003079176,lstm
2020-10-31 22:15:00,0.0,-0.002223134,lstm
2020-10-31 22:15:00,0.0,-0.0038596839,lstm
2020-10-31 22:15:00,0.0,-0.0019087791,lstm
2020-10-31 22:15:00,0.0,0.00035108626,lstm
2020-10-31 22:30:00,0.0,-0.0022139698,lstm
2020-10-31 22:30:00,0.0,-0.0038309693,lstm
2020-10-31 22:30:00,0.0,-0.0018983036,lstm
2020-10-31 22:30:00,0.0,0.00037619472,lstm
2020-10-31 22:45:00,0.0,-0.0023001134,lstm
2020-10-31 22:45:00,0.0,-0.0038959235,lstm
2020-10-31 22:45:00,0.0,-0.0020407587,lstm
2020-10-31 22:45:00,0.0,0.00034034252,lstm
2020-10-31 23:00:00,0.0,-0.002294004,lstm
2020-10-31 23:00:00,0.0,-0.0038443953,lstm
2020-10-31 23:00:00,0.0,-0.0020022392,lstm
2020-10-31 23:00:00,0.0,0.000405401,lstm
2020-10-31 23:15:00,0.0,-0.0022818,lstm
2020-10-31 23:15:00,0.0,-0.0038042665,lstm
2020-10-31 23:15:00,0.0,-0.0019748658,lstm
2020-10-31 23:15:00,0.0,0.0004454255,lstm
2020-10-31 23:30:00,0.0,-0.0022800267,lstm
2020-10-31 23:30:00,0.0,-0.0037737936,lstm
2020-10-31 23:30:00,0.0,-0.00194332,lstm
2020-10-31 23:30:00,0.0,0.00048486888,lstm
2020-10-31 23:45:00,0.0,-0.0023659915,lstm
2020-10-31 23:45:00,0.0,-0.0038228184,lstm
2020-10-31 23:45:00,0.0,-0.002079025,lstm
2020-10-31 23:45:00,0.0,0.0004287362,lstm
2020-11-01 00:00:00,0.0,-0.0023462176,lstm
2020-11-01 00:00:00,0.0,-0.0037629157,lstm
2020-11-01 00:00:00,0.0,-0.0020317882,lstm
2020-11-01 00:00:00,0.0,0.00048168004,lstm
2020-11-01 00:15:00,0.0,-0.002331674,lstm
2020-11-01 00:15:00,0.0,-0.0037276894,lstm
2020-11-01 00:15:00,0.0,-0.001999855,lstm
2020-11-01 00:15:00,0.0,0.0005066395,lstm
2020-11-01 00:30:00,0.0,-0.0023172796,lstm
2020-11-01 00:30:00,0.0,-0.0037081838,lstm
2020-11-01 00:30:00,0.0,-0.0019911826,lstm
2020-11-01 00:30:00,0.0,0.0005131364,lstm
2020-11-01 00:45:00,0.0,-0.0023848414,lstm
2020-11-01 00:45:00,0.0,-0.0037492216,lstm
2020-11-01 00:45:00,0.0,-0.0021163225,lstm
2020-11-01 00:45:00,0.0,0.00044429302,lstm
2020-11-01 01:00:00,0.0,-0.0023510605,lstm
2020-11-01 01:00:00,0.0,-0.0036931634,lstm
2020-11-01 01:00:00,0.0,-0.0020694882,lstm
2020-11-01 01:00:00,0.0,0.0004733801,lstm
2020-11-01 01:15:00,0.0,-0.0023255795,lstm
2020-11-01 01:15:00,0.0,-0.0036697835,lstm
2020-11-01 01:15:00,0.0,-0.00205414,lstm
2020-11-01 01:15:00,0.0,0.0004720539,lstm
2020-11-01 01:30:00,0.0,-0.0023112297,lstm
2020-11-01 01:30:00,0.0,-0.003657505,lstm
2020-11-01 01:30:00,0.0,-0.002043739,lstm
2020-11-01 01:30:00,0.0,0.00047454238,lstm
2020-11-01 01:45:00,0.0,-0.0023715794,lstm
2020-11-01 01:45:00,0.0,-0.0036958903,lstm
2020-11-01 01:45:00,0.0,-0.0021567792,lstm
2020-11-01 01:45:00,0.0,0.00038300455,lstm
2020-11-01 02:00:00,0.0,-0.0023331493,lstm
2020-11-01 02:00:00,0.0,-0.0036488026,lstm
2020-11-01 02:00:00,0.0,-0.0021196455,lstm
2020-11-01 02:00:00,0.0,0.00038321316,lstm
2020-11-01 02:15:00,0.0,-0.0023067445,lstm
2020-11-01 02:15:00,0.0,-0.0036343485,lstm
2020-11-01 02:15:00,0.0,-0.002109602,lstm
2020-11-01 02:15:00,0.0,0.00036679208,lstm
2020-11-01 02:30:00,0.0,-0.0022920668,lstm
2020-11-01 02:30:00,0.0,-0.0036296248,lstm
2020-11-01 02:30:00,0.0,-0.0021047443,lstm
2020-11-01 02:30:00,0.0,0.0003540665,lstm
2020-11-01 02:45:00,0.0,-0.0023367256,lstm
2020-11-01 02:45:00,0.0,-0.0036626905,lstm
2020-11-01 02:45:00,0.0,-0.0022007376,lstm
2020-11-01 02:45:00,0.0,0.00024573505,lstm
2020-11-01 03:00:00,0.0,-0.0023012906,lstm
2020-11-01 03:00:00,0.0,-0.0036410391,lstm
2020-11-01 03:00:00,0.0,-0.0021860003,lstm
2020-11-01 03:00:00,0.0,0.00020627677,lstm
2020-11-01 03:15:00,0.0,-0.0022734255,lstm
2020-11-01 03:15:00,0.0,-0.0036444664,lstm
2020-11-01 03:15:00,0.0,-0.0021952689,lstm
2020-11-01 03:15:00,0.0,0.00016199052,lstm
2020-11-01 03:30:00,0.0,-0.0022541732,lstm
2020-11-01 03:30:00,0.0,-0.0036547482,lstm
2020-11-01 03:30:00,0.0,-0.0022105277,lstm
2020-11-01 03:30:00,0.0,0.00012478232,lstm
2020-11-01 03:45:00,0.0,-0.0022889525,lstm
2020-11-01 03:45:00,0.0,-0.0036927015,lstm
2020-11-01 03:45:00,0.0,-0.0022888929,lstm
2020-11-01 03:45:00,0.0,1.0848045e-05,lstm
2020-11-01 04:00:00,0.0,-0.0022619665,lstm
2020-11-01 04:00:00,0.0,-0.0037023127,lstm
2020-11-01 04:00:00,0.0,-0.0022967905,lstm
2020-11-01 04:00:00,0.0,-6.261468e-05,lstm
2020-11-01 04:15:00,0.0,-0.0022334307,lstm
2020-11-01 04:15:00,0.0,-0.0037298203,lstm
2020-11-01 04:15:00,0.0,-0.0023314208,lstm
2020-11-01 04:15:00,0.0,-0.00013580918,lstm
2020-11-01 04:30:00,0.0,-0.002217546,lstm
2020-11-01 04:30:00,0.0,-0.0037600696,lstm
2020-11-01 04:30:00,0.0,-0.002363041,lstm
2020-11-01 04:30:00,0.0,-0.0001873672,lstm
2020-11-01 04:45:00,0.0,-0.0022594929,lstm
2020-11-01 04:45:00,0.0,-0.00381428,lstm
2020-11-01 04:45:00,0.0,-0.0024271458,lstm
2020-11-01 04:45:00,0.0,-0.00029821694,lstm
2020-11-01 05:00:00,0.0,-0.0022606105,lstm
2020-11-01 05:00:00,0.0,-0.003874123,lstm
2020-11-01 05:00:00,0.0,-0.0024748594,lstm
2020-11-01 05:00:00,0.0,-0.00040203333,lstm
2020-11-01 05:15:00,0.0,-0.0022497773,lstm
2020-11-01 05:15:00,0.0,-0.0039364845,lstm
2020-11-01 05:15:00,0.0,-0.002537027,lstm
2020-11-01 05:15:00,0.0,-0.0004891902,lstm
2020-11-01 05:30:00,0.0,-0.0022300035,lstm
2020-11-01 05:30:00,0.0,-0.003995806,lstm
2020-11-01 05:30:00,0.0,-0.0026063472,lstm
2020-11-01 05:30:00,0.0,-0.0005655736,lstm
2020-11-01 05:45:00,0.0,-0.0022748262,lstm
2020-11-01 05:45:00,0.0,-0.004069969,lstm
2020-11-01 05:45:00,0.0,-0.0026598126,lstm
2020-11-01 05:45:00,0.0,-0.00064593554,lstm
2020-11-01 06:00:00,0.0,-0.0022932142,lstm
2020-11-01 06:00:00,0.0,-0.004174188,lstm
2020-11-01 06:00:00,0.0,-0.002734989,lstm
2020-11-01 06:00:00,0.0,-0.0007407814,lstm
2020-11-01 06:15:00,0.0,-0.002277419,lstm
2020-11-01 06:15:00,0.0,-0.004267171,lstm
2020-11-01 06:15:00,0.0,-0.0028161407,lstm
2020-11-01 06:15:00,0.0,-0.00080259144,lstm
2020-11-01 06:30:00,0.0,-0.0022502393,lstm
2020-11-01 06:30:00,0.0,-0.004350126,lstm
2020-11-01 06:30:00,0.0,-0.0028920472,lstm
2020-11-01 06:30:00,0.0,-0.0008415282,lstm
2020-11-01 06:45:00,0.0,-0.002297908,lstm
2020-11-01 06:45:00,0.0,-0.004437804,lstm
2020-11-01 06:45:00,0.0,-0.0029083192,lstm
2020-11-01 06:45:00,0.0,-0.00081428885,lstm
2020-11-01 07:00:00,0.0,-0.00232701,lstm
2020-11-01 07:00:00,0.0,-0.0045827627,lstm
2020-11-01 07:00:00,0.0,-0.0029755235,lstm
2020-11-01 07:00:00,0.0,-0.0008030683,lstm
2020-11-01 07:15:00,0.0,-0.002296701,lstm
2020-11-01 07:15:00,0.0,-0.004714057,lstm
2020-11-01 07:15:00,0.0,-0.003050536,lstm
2020-11-01 07:15:00,0.0,-0.000735119,lstm
2020-11-01 07:30:00,0.0,-0.002242133,lstm
2020-11-01 07:30:00,0.0,-0.0048443377,lstm
2020-11-01 07:30:00,0.0,-0.0031013787,lstm
2020-11-01 07:30:00,0.0,-0.00060242414,lstm
2020-11-01 07:45:00,0.0,-0.0022147894,lstm
2020-11-01 07:45:00,0.0,-0.0049381554,lstm
2020-11-01 07:45:00,0.0,-0.0030106753,lstm
2020-11-01 07:45:00,0.0,-0.00022299588,lstm
2020-11-01 08:00:00,0.0,-0.0021712333,lstm
2020-11-01 08:00:00,0.0,-0.0051288903,lstm
2020-11-01 08:00:00,0.0,-0.0028951615,lstm
2020-11-01 08:00:00,0.0018000007,0.00045998394,lstm
2020-11-01 08:15:00,0.0,-0.0019705594,lstm
2020-11-01 08:15:00,0.0,-0.0053341687,lstm
2020-11-01 08:15:00,0.0018000007,-0.002424121,lstm
2020-11-01 08:15:00,0.0176,0.002340287,lstm
2020-11-01 08:30:00,0.0,-0.0015323907,lstm
2020-11-01 08:30:00,0.0018000007,-0.0050485134,lstm
2020-11-01 08:30:00,0.0176,0.00050500035,lstm
2020-11-01 08:30:00,0.047399998,0.010942176,lstm
2020-11-01 08:45:00,0.0018000007,-0.0019941777,lstm
2020-11-01 08:45:00,0.017600015,-0.0003502071,lstm
2020-11-01 08:45:00,0.047399998,0.013802692,lstm
2020-11-01 08:45:00,0.1078,0.041157484,lstm
2020-11-01 09:00:00,0.0176,0.00012174249,lstm
2020-11-01 09:00:00,0.047399998,0.021395132,lstm
2020-11-01 09:00:00,0.1078,0.059715137,lstm
2020-11-01 09:00:00,0.186,0.12212004,lstm
2020-11-01 09:15:00,0.047399998,0.037992373,lstm
2020-11-01 09:15:00,0.1078,0.08500415,lstm
2020-11-01 09:15:00,0.186,0.16027081,lstm
2020-11-01 09:15:00,0.2538,0.24416047,lstm
2020-11-01 09:30:00,0.1078,0.092555866,lstm
2020-11-01 09:30:00,0.186,0.15991476,lstm
2020-11-01 09:30:00,0.2538,0.25086725,lstm
2020-11-01 09:30:00,0.3188,0.32306707,lstm
2020-11-01 09:45:00,0.186,0.1888349,lstm
2020-11-01 09:45:00,0.2538,0.26965538,lstm
2020-11-01 09:45:00,0.3188,0.3577736,lstm
2020-11-01 09:45:00,0.3724,0.42084277,lstm
2020-11-01 10:00:00,0.2538,0.27364865,lstm
2020-11-01 10:00:00,0.3188,0.34715396,lstm
2020-11-01 10:00:00,0.3724,0.40987593,lstm
2020-11-01 10:00:00,0.4232,0.47412652,lstm
2020-11-01 10:15:00,0.3188,0.33098683,lstm
2020-11-01 10:15:00,0.3724,0.39674044,lstm
2020-11-01 10:15:00,0.4232,0.4464311,lstm
2020-11-01 10:15:00,0.4792,0.5110017,lstm
2020-11-01 10:30:00,0.3724,0.38714445,lstm
2020-11-01 10:30:00,0.4232,0.4461585,lstm
2020-11-01 10:30:00,0.4792,0.49402118,lstm
2020-11-01 10:30:00,0.5334,0.55365556,lstm
2020-11-01 10:45:00,0.4232,0.44419813,lstm
2020-11-01 10:45:00,0.4792,0.49684888,lstm
2020-11-01 10:45:00,0.5334,0.5444132,lstm
2020-11-01 10:45:00,0.58,0.5920731,lstm
2020-11-01 11:00:00,0.4792,0.5088563,lstm
2020-11-01 11:00:00,0.5334,0.55015177,lstm
2020-11-01 11:00:00,0.58,0.5942658,lstm
2020-11-01 11:00:00,0.6174,0.6278036,lstm
2020-11-01 11:15:00,0.53340006,0.5707125,lstm
2020-11-01 11:15:00,0.58,0.60254526,lstm
2020-11-01 11:15:00,0.6174,0.6422247,lstm
2020-11-01 11:15:00,0.6502,0.66920435,lstm
2020-11-01 11:30:00,0.58,0.62115407,lstm
2020-11-01 11:30:00,0.6174,0.6487967,lstm
2020-11-01 11:30:00,0.6502,0.68290865,lstm
2020-11-01 11:30:00,0.6786,0.70943856,lstm
2020-11-01 11:45:00,0.6174,0.66400576,lstm
2020-11-01 11:45:00,0.6502,0.68986857,lstm
2020-11-01 11:45:00,0.6786,0.71730834,lstm
2020-11-01 11:45:00,0.713,0.7448948,lstm
2020-11-01 12:00:00,0.6502,0.6936457,lstm
2020-11-01 12:00:00,0.6786,0.71867466,lstm
2020-11-01 12:00:00,0.713,0.74005044,lstm
2020-11-01 12:00:00,0.7304,0.76738685,lstm
2020-11-01 12:15:00,0.6786,0.7181845,lstm
2020-11-01 12:15:00,0.71299994,0.74138665,lstm
2020-11-01 12:15:00,0.7304,0.7585294,lstm
2020-11-01 12:15:00,0.745,0.7847796,lstm
2020-11-01 12:30:00,0.713,0.73856425,lstm
2020-11-01 12:30:00,0.73039997,0.7589636,lstm
2020-11-01 12:30:00,0.745,0.77323824,lstm
2020-11-01 12:30:00,0.7528,0.7972747,lstm
2020-11-01 12:45:00,0.7304,0.7678661,lstm
2020-11-01 12:45:00,0.745,0.7836205,lstm
2020-11-01 12:45:00,0.7528,0.7967042,lstm
2020-11-01 12:45:00,0.752,0.81975436,lstm
2020-11-01 13:00:00,0.745,0.7813937,lstm
2020-11-01 13:00:00,0.7528,0.7929058,lstm
2020-11-01 13:00:00,0.752,0.80279315,lstm
2020-11-01 13:00:00,0.7438,0.82021755,lstm
2020-11-01 13:15:00,0.7528,0.7939629,lstm
2020-11-01 13:15:00,0.752,0.800007,lstm
2020-11-01 13:15:00,0.7438,0.80818814,lstm
2020-11-01 13:15:00,0.74480003,0.82288027,lstm
2020-11-01 13:30:00,0.752,0.7999694,lstm
2020-11-01 13:30:00,0.7437999,0.80165243,lstm
2020-11-01 13:30:00,0.7448,0.80767196,lstm
2020-11-01 13:30:00,0.7472,0.8192418,lstm
2020-11-01 13:45:00,0.7438,0.7974604,lstm
2020-11-01 13:45:00,0.7448,0.7946161,lstm
2020-11-01 13:45:00,0.7472,0.79686844,lstm
2020-11-01 13:45:00,0.7284,0.80444646,lstm
2020-11-01 14:00:00,0.7448,0.784812,lstm
2020-11-01 14:00:00,0.7472,0.77773976,lstm
2020-11-01 14:00:00,0.7284,0.7762432,lstm
2020-11-01 14:00:00,0.6186,0.77903265,lstm
2020-11-01 14:15:00,0.7472,0.78585243,lstm
2020-11-01 14:15:00,0.7284,0.773757,lstm
2020-11-01 14:15:00,0.6186,0.7704803,lstm
2020-11-01 14:15:00,0.45780003,0.7708167,lstm
2020-11-01 14:30:00,0.7284,0.7817164,lstm
2020-11-01 14:30:00,0.6186,0.7659731,lstm
2020-11-01 14:30:00,0.45780003,0.76057917,lstm
2020-11-01 14:30:00,0.3868,0.75652623,lstm
2020-11-01 14:45:00,0.6186,0.7582119,lstm
2020-11-01 14:45:00,0.4578,0.7365011,lstm
2020-11-01 14:45:00,0.3868,0.7244654,lstm
2020-11-01 14:45:00,0.3802,0.7106787,lstm
2020-11-01 15:00:00,0.4578,0.6497878,lstm
2020-11-01 15:00:00,0.3868,0.64251375,lstm
2020-11-01 15:00:00,0.3802,0.6238163,lstm
2020-11-01 15:00:00,0.3822,0.60116947,lstm
2020-11-01 15:15:00,0.3868,0.53966343,lstm
2020-11-01 15:15:00,0.3802,0.55871725,lstm
2020-11-01 15:15:00,0.3822,0.5431143,lstm
2020-11-01 15:15:00,0.5628,0.53471726,lstm
2020-11-01 15:30:00,0.3802,0.48255935,lstm
2020-11-01 15:30:00,0.3822,0.5007669,lstm
2020-11-01 15:30:00,0.5628,0.49151802,lstm
2020-11-01 15:30:00,0.5564,0.4884944,lstm
2020-11-01 15:45:00,0.3822,0.48889667,lstm
2020-11-01 15:45:00,0.5628,0.48123938,lstm
2020-11-01 15:45:00,0.5564,0.4748152,lstm
2020-11-01 15:45:00,0.5082,0.468022,lstm
2020-11-01 16:00:00,0.5628,0.50106966,lstm
2020-11-01 16:00:00,0.5564,0.47162995,lstm
2020-11-01 16:00:00,0.5082,0.4588902,lstm
2020-11-01 16:00:00,0.4612,0.44052848,lstm
2020-11-01 16:15:00,0.55640006,0.6197945,lstm
2020-11-01 16:15:00,0.50819993,0.55248976,lstm
2020-11-01 16:15:00,0.4612,0.5193402,lstm
2020-11-01 16:15:00,0.40000004,0.47559083,lstm
2020-11-01 16:30:00,0.5082,0.548923,lstm
2020-11-01 16:30:00,0.4612,0.49966818,lstm
2020-11-01 16:30:00,0.4,0.4531393,lstm
2020-11-01 16:30:00,0.3382,0.40460777,lstm
2020-11-01 16:45:00,0.4612,0.47291428,lstm
2020-11-01 16:45:00,0.4,0.42408255,lstm
2020-11-01 16:45:00,0.3382,0.36913717,lstm
2020-11-01 16:45:00,0.2754,0.31184256,lstm
2020-11-01 17:00:00,0.4,0.4307161,lstm
2020-11-01 17:00:00,0.3382,0.36381543,lstm
2020-11-01 17:00:00,0.2754,0.29960272,lstm
2020-11-01 17:00:00,0.2082,0.23237461,lstm
2020-11-01 17:15:00,0.3382,0.37182784,lstm
2020-11-01 17:15:00,0.2754,0.28532502,lstm
2020-11-01 17:15:00,0.2082,0.21298517,lstm
2020-11-01 17:15:00,0.1382,0.14318965,lstm
2020-11-01 17:30:00,0.2754,0.30159032,lstm
2020-11-01 17:30:00,0.2082,0.2081884,lstm
2020-11-01 17:30:00,0.1382,0.13335061,lstm
2020-11-01 17:30:00,0.0784,0.07411354,lstm
2020-11-01 17:45:00,0.2082,0.22633669,lstm
2020-11-01 17:45:00,0.1382,0.13967952,lstm
2020-11-01 17:45:00,0.0784,0.075550236,lstm
2020-11-01 17:45:00,0.0344,0.032374382,lstm
2020-11-01 18:00:00,0.1382,0.14159265,lstm
2020-11-01 18:00:00,0.0784,0.07406851,lstm
2020-11-01 18:00:00,0.0344,0.03153175,lstm
2020-11-01 18:00:00,0.010600001,0.0092025995,lstm
2020-11-01 18:15:00,0.0784,0.0689709,lstm
2020-11-01 18:15:00,0.0344,0.026631072,lstm
2020-11-01 18:15:00,0.0106000155,0.004377663,lstm
2020-11-01 18:15:00,0.0,-0.0005527437,lstm
2020-11-01 18:30:00,0.034400016,0.029798865,lstm
2020-11-01 18:30:00,0.010600001,0.005559504,lstm
2020-11-01 18:30:00,0.0,-0.004171431,lstm
2020-11-01 18:30:00,0.0,-0.0031359494,lstm
2020-11-01 18:45:00,0.010600001,0.013613746,lstm
2020-11-01 18:45:00,0.0,-0.0008468628,lstm
2020-11-01 18:45:00,0.0,-0.0048761815,lstm
2020-11-01 18:45:00,0.0,-0.0025861412,lstm
2020-11-01 19:00:00,0.0,0.0058716834,lstm
2020-11-01 19:00:00,0.0,-0.0031070858,lstm
2020-11-01 19:00:00,0.0,-0.0041444898,lstm
2020-11-01 19:00:00,0.0,-0.0017018914,lstm
2020-11-01 19:15:00,0.0,0.002104491,lstm
2020-11-01 19:15:00,0.0,-0.003410086,lstm
2020-11-01 19:15:00,0.0,-0.0031906664,lstm
2020-11-01 19:15:00,0.0,-0.0007722676,lstm
2020-11-01 19:30:00,0.0,0.00041903555,lstm
2020-11-01 19:30:00,0.0,-0.0033283383,lstm
2020-11-01 19:30:00,0.0,-0.0022655427,lstm
2020-11-01 19:30:00,0.0,-0.00015847385,lstm
2020-11-01 19:45:00,0.0,-0.0006124675,lstm
2020-11-01 19:45:00,0.0,-0.0035034865,lstm
2020-11-01 19:45:00,0.0,-0.0020076632,lstm
2020-11-01 19:45:00,0.0,-4.5120716e-05,lstm
2020-11-01 20:00:00,0.0,-0.00122872,lstm
2020-11-01 20:00:00,0.0,-0.0036250353,lstm
2020-11-01 20:00:00,0.0,-0.0018866062,lstm
2020-11-01 20:00:00,0.0,5.0336123e-05,lstm
2020-11-01 20:15:00,0.0,-0.0016276091,lstm
2020-11-01 20:15:00,0.0,-0.0036991239,lstm
2020-11-01 20:15:00,0.0,-0.0017908514,lstm
2020-11-01 20:15:00,0.0,0.00014698505,lstm
2020-11-01 20:30:00,0.0,-0.0018072724,lstm
2020-11-01 20:30:00,0.0,-0.0037272274,lstm
2020-11-01 20:30:00,0.0,-0.0017420352,lstm
2020-11-01 20:30:00,0.0,0.00020265579,lstm
2020-11-01 20:45:00,0.0,-0.0019491911,lstm
2020-11-01 20:45:00,0.0,-0.003840953,lstm
2020-11-01 20:45:00,0.0,-0.0018680692,lstm
2020-11-01 20:45:00,0.0,0.00017511845,lstm
2020-11-01 21:00:00,0.0,-0.0020418167,lstm
2020-11-01 21:00:00,0.0,-0.0038576573,lstm
2020-11-01 21:00:00,0.0,-0.0018717945,lstm
2020-11-01 21:00:00,0.0,0.00022831559,lstm
2020-11-01 21:15:00,0.0,-0.002095446,lstm
2020-11-01 21:15:00,0.0,-0.0038539171,lstm
2020-11-01 21:15:00,0.0,-0.0018534064,lstm
2020-11-01 21:15:00,0.0,0.00026971102,lstm
2020-11-01 21:30:00,0.0,-0.0021164417,lstm
2020-11-01 21:30:00,0.0,-0.0038422197,lstm
2020-11-01 21:30:00,0.0,-0.0018400699,lstm
2020-11-01 21:30:00,0.0,0.0002989173,lstm
2020-11-01 21:45:00,0.0,-0.0021947771,lstm
2020-11-01 21:45:00,0.0,-0.0039164126,lstm
2020-11-01 21:45:00,0.0,-0.001983419,lstm
2020-11-01 21:45:00,0.0,0.00027036667,lstm
2020-11-01 22:00:00,0.0,-0.0022171736,lstm
2020-11-01 22:00:00,0.0,-0.0038933307,lstm
2020-11-01 22:00:00,0.0,-0.0019673407,lstm
2020-11-01 22:00:00,0.0,0.00033645332,lstm
2020-11-01 22:15:00,0.0,-0.0022249073,lstm
2020-11-01 22:15:00,0.0,-0.0038617253,lstm
2020-11-01 22:15:00,0.0,-0.0019392073,lstm
2020-11-01 22:15:00,0.0,0.00038525462,lstm
2020-11-01 22:30:00,0.0,-0.0022284836,lstm
2020-11-01 22:30:00,0.0,-0.003837034,lstm
2020-11-01 22:30:00,0.0,-0.001914978,lstm
2020-11-01 22:30:00,0.0,0.00042279065,lstm
2020-11-01 22:45:00,0.0,-0.0023093522,lstm
2020-11-01 22:45:00,0.0,-0.0038970858,lstm
2020-11-01 22:45:00,0.0,-0.002058953,lstm
2020-11-01 22:45:00,0.0,0.0003811419,lstm
2020-11-01 23:00:00,0.0,-0.002300039,lstm
2020-11-01 23:00:00,0.0,-0.0038437694,lstm
2020-11-01 23:00:00,0.0,-0.0020245314,lstm
2020-11-01 23:00:00,0.0,0.00044693053,lstm
2020-11-01 23:15:00,0.0,-0.0022974163,lstm
2020-11-01 23:15:00,0.0,-0.0038106889,lstm
2020-11-01 23:15:00,0.0,-0.001986146,lstm
2020-11-01 23:15:00,0.0,0.0004938841,lstm
2020-11-01 23:30:00,0.0,-0.0022955239,lstm
2020-11-01 23:30:00,0.0,-0.0037819296,lstm
2020-11-01 23:30:00,0.0,-0.0019601732,lstm
2020-11-01 23:30:00,0.0,0.0005235672,lstm
2020-11-01 23:45:00,0.0,-0.0023783296,lstm
2020-11-01 23:45:00,0.0,-0.0038271248,lstm
2020-11-01 23:45:00,0.0,-0.002088204,lstm
2020-11-01 23:45:00,0.0,0.0004736185,lstm
2020-11-02 00:00:00,0.0,-0.0023616701,lstm
2020-11-02 00:00:00,0.0,-0.0037718564,lstm
2020-11-02 00:00:00,0.0,-0.0020416677,lstm
2020-11-02 00:00:00,0.0,0.00052410364,lstm
2020-11-02 00:15:00,0.0,-0.0023437738,lstm
2020-11-02 00:15:00,0.0,-0.003737852,lstm
2020-11-02 00:15:00,0.0,-0.0020183176,lstm
2020-11-02 00:15:00,0.0,0.000543192,lstm
2020-11-02 00:30:00,0.0,-0.0023284853,lstm
2020-11-02 00:30:00,0.0,-0.0037148446,lstm
2020-11-02 00:30:00,0.0,-0.002002716,lstm
2020-11-02 00:30:00,0.0,0.0005578548,lstm
2020-11-02 00:45:00,0.0,-0.002381444,lstm
2020-11-02 00:45:00,0.0,-0.0037452728,lstm
2020-11-02 00:45:00,0.0,-0.0021222979,lstm
2020-11-02 00:45:00,0.0,0.00048819184,lstm
2020-11-02 01:00:00,0.0,-0.0023426712,lstm
2020-11-02 01:00:00,0.0,-0.0036873966,lstm
2020-11-02 01:00:00,0.0,-0.0020768493,lstm
2020-11-02 01:00:00,0.0,0.00051760674,lstm
2020-11-02 01:15:00,0.0,-0.0023183972,lstm
2020-11-02 01:15:00,0.0,-0.003663063,lstm
2020-11-02 01:15:00,0.0,-0.002053395,lstm
2020-11-02 01:15:00,0.0,0.0005247444,lstm
2020-11-02 01:30:00,0.0,-0.0023020804,lstm
2020-11-02 01:30:00,0.0,-0.003648162,lstm
2020-11-02 01:30:00,0.0,-0.002040863,lstm
2020-11-02 01:30:00,0.0,0.000525862,lstm
2020-11-02 01:45:00,0.0,-0.0023538917,lstm
2020-11-02 01:45:00,0.0,-0.0036805123,lstm
2020-11-02 01:45:00,0.0,-0.002151221,lstm
2020-11-02 01:45:00,0.0,0.00043408573,lstm
2020-11-02 02:00:00,0.0,-0.0023140907,lstm
2020-11-02 02:00:00,0.0,-0.0036332011,lstm
2020-11-02 02:00:00,0.0,-0.0021105707,lstm
2020-11-02 02:00:00,0.0,0.00043801963,lstm
2020-11-02 02:15:00,0.0,-0.0022829026,lstm
2020-11-02 02:15:00,0.0,-0.003618598,lstm
2020-11-02 02:15:00,0.0,-0.002103433,lstm
2020-11-02 02:15:00,0.0,0.00041796267,lstm
2020-11-02 02:30:00,0.0,-0.0022616237,lstm
2020-11-02 02:30:00,0.0,-0.0036131442,lstm
2020-11-02 02:30:00,0.0,-0.0021022856,lstm
2020-11-02 02:30:00,0.0,0.00040356815,lstm
2020-11-02 02:45:00,0.0,-0.0022986978,lstm
2020-11-02 02:45:00,0.0,-0.0036388189,lstm
2020-11-02 02:45:00,0.0,-0.0021866262,lstm
2020-11-02 02:45:00,0.0,0.00030989945,lstm
2020-11-02 03:00:00,0.0,-0.0022623092,lstm
2020-11-02 03:00:00,0.0,-0.0036108792,lstm
2020-11-02 03:00:00,0.0,-0.0021590143,lstm
2020-11-02 03:00:00,0.0,0.00028644502,lstm
2020-11-02 03:15:00,0.0,-0.0022275746,lstm
2020-11-02 03:15:00,0.0,-0.0036090314,lstm
2020-11-02 03:15:00,0.0,-0.002171263,lstm
2020-11-02 03:15:00,0.0,0.00024168193,lstm
2020-11-02 03:30:00,0.0,-0.0022106469,lstm
2020-11-02 03:30:00,0.0,-0.0036154091,lstm
2020-11-02 03:30:00,0.0,-0.0021750182,lstm
2020-11-02 03:30:00,0.0,0.00022234023,lstm
2020-11-02 03:45:00,0.0,-0.0022353828,lstm
2020-11-02 03:45:00,0.0,-0.0036423057,lstm
2020-11-02 03:45:00,0.0,-0.0022509694,lstm
2020-11-02 03:45:00,0.0,0.000111564994,lstm
2020-11-02 04:00:00,0.0,-0.002196595,lstm
2020-11-02 04:00:00,0.0,-0.0036398321,lstm
2020-11-02 04:00:00,0.0,-0.0022524595,lstm
2020-11-02 04:00:00,0.0,5.38975e-05,lstm
2020-11-02 04:15:00,0.0,-0.0021558404,lstm
2020-11-02 04:15:00,0.0,-0.0036540478,lstm
2020-11-02 04:15:00,0.0,-0.0022801906,lstm
2020-11-02 04:15:00,0.0,-4.7832727e-06,lstm
2020-11-02 04:30:00,0.0,-0.002126947,lstm
2020-11-02 04:30:00,0.0,-0.0036693662,lstm
2020-11-02 04:30:00,0.0,-0.0023009032,lstm
2020-11-02 04:30:00,0.0,-4.0963292e-05,lstm
2020-11-02 04:45:00,0.0,-0.0021496713,lstm
2020-11-02 04:45:00,0.0,-0.003703773,lstm
2020-11-02 04:45:00,0.0,-0.0023557693,lstm
2020-11-02 04:45:00,0.0,-0.00013756752,lstm
2020-11-02 05:00:00,0.0,-0.0021242946,lstm
2020-11-02 05:00:00,0.0,-0.0037374198,lstm
2020-11-02 05:00:00,0.0,-0.0023846626,lstm
2020-11-02 05:00:00,0.0,-0.00021703541,lstm
2020-11-02 05:15:00,0.0,-0.0020892173,lstm
2020-11-02 05:15:00,0.0,-0.0037762225,lstm
2020-11-02 05:15:00,0.0,-0.0024356842,lstm
2020-11-02 05:15:00,0.0,-0.0002859831,lstm
2020-11-02 05:30:00,0.0,-0.0020582825,lstm
2020-11-02 05:30:00,0.0,-0.003813535,lstm
2020-11-02 05:30:00,0.0,-0.0024784505,lstm
2020-11-02 05:30:00,0.0,-0.00033032894,lstm
2020-11-02 05:45:00,0.0,-0.0020909458,lstm
2020-11-02 05:45:00,0.0,-0.003863901,lstm
2020-11-02 05:45:00,0.0,-0.0025159717,lstm
2020-11-02 05:45:00,0.0,-0.000390023,lstm
2020-11-02 06:00:00,0.0,-0.0020949692,lstm
2020-11-02 06:00:00,0.0,-0.0039434284,lstm
2020-11-02 06:00:00,0.0,-0.002571553,lstm
2020-11-02 06:00:00,0.0,-0.00046160817,lstm
2020-11-02 06:15:00,0.0,-0.002070427,lstm
2020-11-02 06:15:00,0.0,-0.004019618,lstm
2020-11-02 06:15:00,0.0,-0.0026497096,lstm
2020-11-02 06:15:00,0.0,-0.00051881373,lstm
2020-11-02 06:30:00,0.0,-0.0020418316,lstm
2020-11-02 06:30:00,0.0,-0.0040877312,lstm
2020-11-02 06:30:00,0.0,-0.0027069151,lstm
2020-11-02 06:30:00,0.0,-0.00053957105,lstm
2020-11-02 06:45:00,0.0,-0.0020897388,lstm
2020-11-02 06:45:00,0.0,-0.004162252,lstm
2020-11-02 06:45:00,0.0,-0.0027080923,lstm
2020-11-02 06:45:00,0.0,-0.00050242245,lstm
2020-11-02 07:00:00,0.0,-0.0021212697,lstm
2020-11-02 07:00:00,0.0,-0.0042939484,lstm
2020-11-02 07:00:00,0.0,-0.0027595311,lstm
2020-11-02 07:00:00,0.0,-0.00048446655,lstm
2020-11-02 07:15:00,0.0,-0.0021084398,lstm
2020-11-02 07:15:00,0.0,-0.0044207424,lstm
2020-11-02 07:15:00,0.0,-0.002810672,lstm
2020-11-02 07:15:00,0.0,-0.0004105121,lstm
2020-11-02 07:30:00,0.0,-0.0020593256,lstm
2020-11-02 07:30:00,0.0,-0.0045485795,lstm
2020-11-02 07:30:00,0.0,-0.0028577298,lstm
2020-11-02 07:30:00,0.0,-0.000293836,lstm
2020-11-02 07:45:00,0.0,-0.0020336509,lstm
2020-11-02 07:45:00,0.0,-0.004644081,lstm
2020-11-02 07:45:00,0.0,-0.002779901,lstm
2020-11-02 07:45:00,0.0,4.2706728e-05,lstm
2020-11-02 08:00:00,0.0,-0.0019711107,lstm
2020-11-02 08:00:00,0.0,-0.0048130304,lstm
2020-11-02 08:00:00,0.0,-0.002656132,lstm
2020-11-02 08:00:00,0.00059999526,0.0006791353,lstm
2020-11-02 08:15:00,0.0,-0.0017639995,lstm
2020-11-02 08:15:00,0.0,-0.0049672127,lstm
2020-11-02 08:15:00,0.00059999526,-0.0021408796,lstm
2020-11-02 08:15:00,0.0119999945,0.0024959892,lstm
2020-11-02 08:30:00,0.0,-0.0013065934,lstm
2020-11-02 08:30:00,0.00059999526,-0.004546538,lstm
2020-11-02 08:30:00,0.0119999945,0.0008647442,lstm
2020-11-02 08:30:00,0.0396,0.010773644,lstm
2020-11-02 08:45:00,0.00059999526,-0.0016532689,lstm
2020-11-02 08:45:00,0.0119999945,-0.00013950467,lstm
2020-11-02 08:45:00,0.0396,0.013155535,lstm
2020-11-02 08:45:00,0.0984,0.038554505,lstm
2020-11-02 09:00:00,0.01199998,3.0577183e-05,lstm
2020-11-02 09:00:00,0.0396,0.020413399,lstm
2020-11-02 09:00:00,0.0984,0.056423843,lstm
2020-11-02 09:00:00,0.174,0.11539265,lstm
2020-11-02 09:15:00,0.0396,0.0188075,lstm
2020-11-02 09:15:00,0.0984,0.05511479,lstm
2020-11-02 09:15:00,0.174,0.116655864,lstm
2020-11-02 09:15:00,0.2466,0.19222674,lstm
2020-11-02 09:30:00,0.09839999,0.0814771,lstm
2020-11-02 09:30:00,0.174,0.13720307,lstm
2020-11-02 09:30:00,0.2466,0.21865477,lstm
2020-11-02 09:30:00,0.3244,0.28856176,lstm
2020-11-02 09:45:00,0.174,0.17277029,lstm
2020-11-02 09:45:00,0.2466,0.24799508,lstm
2020-11-02 09:45:00,0.3244,0.3333316,lstm
2020-11-02 09:45:00,0.3904,0.39748725,lstm
2020-11-02 10:00:00,0.2466,0.254571,lstm
2020-11-02 10:00:00,0.3244,0.32647124,lstm
2020-11-02 10:00:00,0.3904,0.3891834,lstm
2020-11-02 10:00:00,0.4486,0.4543746,lstm
2020-11-02 10:15:00,0.3244,0.31794584,lstm
2020-11-02 10:15:00,0.3904,0.38172477,lstm
2020-11-02 10:15:00,0.4486,0.4304152,lstm
2020-11-02 10:15:00,0.5034,0.49675804,lstm
2020-11-02 10:30:00,0.3904,0.38520914,lstm
2020-11-02 10:30:00,0.4486,0.44112766,lstm
2020-11-02 10:30:00,0.5034,0.48795277,lstm
2020-11-02 10:30:00,0.5618,0.54936713,lstm
2020-11-02 10:45:00,0.4486,0.45245194,lstm
2020-11-02 10:45:00,0.5034,0.50116706,lstm
2020-11-02 10:45:00,0.56179994,0.5480619,lstm
2020-11-02 10:45:00,0.6072,0.5962089,lstm
2020-11-02 11:00:00,0.5034,0.520022,lstm
2020-11-02 11:00:00,0.5618,0.5587769,lstm
2020-11-02 11:00:00,0.6072,0.60262364,lstm
2020-11-02 11:00:00,0.63979995,0.63663095,lstm
2020-11-02 11:15:00,0.5618,0.57926655,lstm
2020-11-02 11:15:00,0.6072,0.6107698,lstm
2020-11-02 11:15:00,0.6398,0.6496001,lstm
2020-11-02 11:15:00,0.6714,0.67765576,lstm
2020-11-02 11:30:00,0.6072,0.63366514,lstm
2020-11-02 11:30:00,0.6398,0.66144097,lstm
2020-11-02 11:30:00,0.6714,0.694504,lstm
2020-11-02 11:30:00,0.6938,0.72339785,lstm
2020-11-02 11:45:00,0.6398,0.6751783,lstm
2020-11-02 11:45:00,0.6714,0.7021452,lstm
2020-11-02 11:45:00,0.6938,0.72851187,lstm
2020-11-02 11:45:00,0.6326,0.75810516,lstm
2020-11-02 12:00:00,0.6714,0.7012052,lstm
2020-11-02 12:00:00,0.6938,0.72733116,lstm
2020-11-02 12:00:00,0.6326,0.7476945,lstm
2020-11-02 12:00:00,0.7148,0.775883,lstm
2020-11-02 12:15:00,0.6938,0.7246477,lstm
2020-11-02 12:15:00,0.6326,0.74793863,lstm
2020-11-02 12:15:00,0.7148,0.7644045,lstm
2020-11-02 12:15:00,0.757,0.79115874,lstm
2020-11-02 12:30:00,0.63260007,0.7390259,lstm
2020-11-02 12:30:00,0.7148,0.7590537,lstm
2020-11-02 12:30:00,0.757,0.772299,lstm
2020-11-02 12:30:00,0.7632,0.7952567,lstm
2020-11-02 12:45:00,0.7148,0.61485183,lstm
2020-11-02 12:45:00,0.75699997,0.62613654,lstm
2020-11-02 12:45:00,0.7632,0.62534076,lstm
2020-11-02 12:45:00,0.7724,0.62763613,lstm
2020-11-02 13:00:00,0.757,0.7703737,lstm
2020-11-02 13:00:00,0.7631999,0.7668941,lstm
2020-11-02 13:00:00,0.7724,0.7807581,lstm
2020-11-02 13:00:00,0.775,0.8019603,lstm
2020-11-02 13:15:00,0.7632,0.7911791,lstm
2020-11-02 13:15:00,0.7724,0.79722536,lstm
2020-11-02 13:15:00,0.775,0.80766267,lstm
2020-11-02 13:15:00,0.6684,0.82599205,lstm
2020-11-02 13:30:00,0.7724,0.7960481,lstm
2020-11-02 13:30:00,0.775,0.80026805,lstm
2020-11-02 13:30:00,0.6684,0.80865514,lstm
2020-11-02 13:30:00,0.3946,0.8207853,lstm
2020-11-02 13:45:00,0.775,0.80580425,lstm
2020-11-02 13:45:00,0.6684,0.80426073,lstm
2020-11-02 13:45:00,0.39459997,0.8089931,lstm
2020-11-02 13:45:00,0.3184,0.8190454,lstm
2020-11-02 14:00:00,0.6684,0.8067582,lstm
2020-11-02 14:00:00,0.3946,0.80132425,lstm
2020-11-02 14:00:00,0.3184,0.8025135,lstm
2020-11-02 14:00:00,0.312,0.8081056,lstm
2020-11-02 14:15:00,0.3946,0.66120625,lstm
2020-11-02 14:15:00,0.3184,0.6683748,lstm
2020-11-02 14:15:00,0.312,0.6599617,lstm
2020-11-02 14:15:00,0.3106,0.64850694,lstm
2020-11-02 14:30:00,0.3184,0.4583427,lstm
2020-11-02 14:30:00,0.312,0.5211736,lstm
2020-11-02 14:30:00,0.3106,0.51944757,lstm
2020-11-02 14:30:00,0.5946,0.5319455,lstm
2020-11-02 14:45:00,0.312,0.36072117,lstm
2020-11-02 14:45:00,0.3106,0.4365723,lstm
2020-11-02 14:45:00,0.5946,0.44495142,lstm
2020-11-02 14:45:00,0.519,0.46674287,lstm
2020-11-02 15:00:00,0.3106,0.3627465,lstm
2020-11-02 15:00:00,0.5946,0.41951326,lstm
2020-11-02 15:00:00,0.519,0.439528,lstm
2020-11-02 15:00:00,0.5476,0.46132118,lstm
2020-11-02 15:15:00,0.5946,0.34441167,lstm
2020-11-02 15:15:00,0.519,0.39165634,lstm
2020-11-02 15:15:00,0.5475999,0.40967575,lstm
2020-11-02 15:15:00,0.592,0.43012655,lstm
2020-11-02 15:30:00,0.519,0.6198914,lstm
2020-11-02 15:30:00,0.5476,0.6090183,lstm
2020-11-02 15:30:00,0.592,0.59709585,lstm
2020-11-02 15:30:00,0.5798,0.59333676,lstm
2020-11-02 15:45:00,0.5476,0.48984563,lstm
2020-11-02 15:45:00,0.592,0.5004396,lstm
2020-11-02 15:45:00,0.5798,0.48999512,lstm
2020-11-02 15:45:00,0.5332,0.4884829,lstm
2020-11-02 16:00:00,0.592,0.55965203,lstm
2020-11-02 16:00:00,0.5798,0.5327357,lstm
2020-11-02 16:00:00,0.5332,0.5070982,lstm
2020-11-02 16:00:00,0.48300004,0.4942596,lstm
2020-11-02 16:15:00,0.5798,0.57886577,lstm
2020-11-02 16:15:00,0.5332,0.5396278,lstm
2020-11-02 16:15:00,0.48300004,0.50188535,lstm
2020-11-02 16:15:00,0.4222,0.47779495,lstm
2020-11-02 16:30:00,0.5332,0.5330495,lstm
2020-11-02 16:30:00,0.483,0.49406272,lstm
2020-11-02 16:30:00,0.4222,0.44890118,lstm
2020-11-02 16:30:00,0.3628,0.4140738,lstm
2020-11-02 16:45:00,0.483,0.46791348,lstm
2020-11-02 16:45:00,0.4222,0.42238158,lstm
2020-11-02 16:45:00,0.3628,0.36602646,lstm
2020-11-02 16:45:00,0.303,0.31446382,lstm
2020-11-02 17:00:00,0.4222,0.4375558,lstm
2020-11-02 17:00:00,0.3628,0.37608713,lstm
2020-11-02 17:00:00,0.303,0.31147194,lstm
2020-11-02 17:00:00,0.2358,0.24872555,lstm
2020-11-02 17:15:00,0.3628,0.3806231,lstm
2020-11-02 17:15:00,0.303,0.30239117,lstm
2020-11-02 17:15:00,0.2358,0.23053297,lstm
2020-11-02 17:15:00,0.159,0.16341954,lstm
2020-11-02 17:30:00,0.303,0.31259346,lstm
2020-11-02 17:30:00,0.2358,0.22452033,lstm
2020-11-02 17:30:00,0.159,0.14946096,lstm
2020-11-02 17:30:00,0.0822,0.08983613,lstm
2020-11-02 17:45:00,0.2358,0.2386226,lstm
2020-11-02 17:45:00,0.159,0.1516519,lstm
2020-11-02 17:45:00,0.0822,0.08607802,lstm
2020-11-02 17:45:00,0.031200022,0.04013364,lstm
2020-11-02 18:00:00,0.159,0.15504664,lstm
2020-11-02 18:00:00,0.0822,0.08248562,lstm
2020-11-02 18:00:00,0.031200007,0.038812667,lstm
2020-11-02 18:00:00,0.0059999973,0.011680022,lstm
2020-11-02 18:15:00,0.0822,0.080940425,lstm
2020-11-02 18:15:00,0.031199992,0.03227839,lstm
2020-11-02 18:15:00,0.0059999973,0.0073788017,lstm
2020-11-02 18:15:00,0.0,0.00041040778,lstm
2020-11-02 18:30:00,0.031199992,0.038752303,lstm
2020-11-02 18:30:00,0.0059999973,0.0087542385,lstm
2020-11-02 18:30:00,0.0,-0.003941506,lstm
2020-11-02 18:30:00,0.0,-0.0028865635,lstm
2020-11-02 18:45:00,0.0059999973,0.0186328,lstm
2020-11-02 18:45:00,0.0,0.0005094558,lstm
2020-11-02 18:45:00,0.0,-0.0054025203,lstm
2020-11-02 18:45:00,0.0,-0.0026791096,lstm
2020-11-02 19:00:00,0.0,0.008035362,lstm
2020-11-02 19:00:00,0.0,-0.0025512874,lstm
2020-11-02 19:00:00,0.0,-0.004462898,lstm
2020-11-02 19:00:00,0.0,-0.0016602129,lstm
2020-11-02 19:15:00,0.0,0.0028532743,lstm
2020-11-02 19:15:00,0.0,-0.0032105297,lstm
2020-11-02 19:15:00,0.0,-0.0032503754,lstm
2020-11-02 19:15:00,0.0,-0.000626117,lstm
2020-11-02 19:30:00,0.0,0.00032101572,lstm
2020-11-02 19:30:00,0.0,-0.0034861565,lstm
2020-11-02 19:30:00,0.0,-0.0024419576,lstm
2020-11-02 19:30:00,0.0,-0.00012247264,lstm
2020-11-02 19:45:00,0.0,-0.0006404966,lstm
2020-11-02 19:45:00,0.0,-0.0036271662,lstm
2020-11-02 19:45:00,0.0,-0.0021977574,lstm
2020-11-02 19:45:00,0.0,-2.2500753e-05,lstm
2020-11-02 20:00:00,0.0,-0.0013041347,lstm
2020-11-02 20:00:00,0.0,-0.003766939,lstm
2020-11-02 20:00:00,0.0,-0.0020841062,lstm
2020-11-02 20:00:00,0.0,6.5624714e-05,lstm
2020-11-02 20:15:00,0.0,-0.0016808957,lstm
2020-11-02 20:15:00,0.0,-0.0038268268,lstm
2020-11-02 20:15:00,0.0,-0.001984626,lstm
2020-11-02 20:15:00,0.0,0.00016789138,lstm
2020-11-02 20:30:00,0.0,-0.001863867,lstm
2020-11-02 20:30:00,0.0,-0.0038498938,lstm
2020-11-02 20:30:00,0.0,-0.0019231886,lstm
2020-11-02 20:30:00,0.0,0.00022937357,lstm
2020-11-02 20:45:00,0.0,-0.0019865632,lstm
2020-11-02 20:45:00,0.0,-0.00393717,lstm
2020-11-02 20:45:00,0.0,-0.0020238757,lstm
2020-11-02 20:45:00,0.0,0.00021648407,lstm
2020-11-02 21:00:00,0.0,-0.0020859689,lstm
2020-11-02 21:00:00,0.0,-0.0039530694,lstm
2020-11-02 21:00:00,0.0,-0.0020106435,lstm
2020-11-02 21:00:00,0.0,0.0002759248,lstm
2020-11-02 21:15:00,0.0,-0.0021415353,lstm
2020-11-02 21:15:00,0.0,-0.0039523393,lstm
2020-11-02 21:15:00,0.0,-0.0019960701,lstm
2020-11-02 21:15:00,0.0,0.00030831993,lstm
2020-11-02 21:30:00,0.0,-0.002175659,lstm
2020-11-02 21:30:00,0.0,-0.0039411485,lstm
2020-11-02 21:30:00,0.0,-0.001973763,lstm
2020-11-02 21:30:00,0.0,0.00034429133,lstm
2020-11-02 21:45:00,0.0,-0.0022509843,lstm
2020-11-02 21:45:00,0.0,-0.00400649,lstm
2020-11-02 21:45:00,0.0,-0.0021035373,lstm
2020-11-02 21:45:00,0.0,0.00031721592,lstm
2020-11-02 22:00:00,0.0,-0.0022715032,lstm
2020-11-02 22:00:00,0.0,-0.003984317,lstm
2020-11-02 22:00:00,0.0,-0.0021028668,lstm
2020-11-02 22:00:00,0.0,0.0003708154,lstm
2020-11-02 22:15:00,0.0,-0.002271995,lstm
2020-11-02 22:15:00,0.0,-0.0039511323,lstm
2020-11-02 22:15:00,0.0,-0.0020752847,lstm
2020-11-02 22:15:00,0.0,0.00042049587,lstm
2020-11-02 22:30:00,0.0,-0.0022729784,lstm
2020-11-02 22:30:00,0.0,-0.0039284527,lstm
2020-11-02 22:30:00,0.0,-0.002045095,lstm
2020-11-02 22:30:00,0.0,0.00045858324,lstm
2020-11-02 22:45:00,0.0,-0.0023399442,lstm
2020-11-02 22:45:00,0.0,-0.003969714,lstm
2020-11-02 22:45:00,0.0,-0.0021590441,lstm
2020-11-02 22:45:00,0.0,0.0004273504,lstm
2020-11-02 23:00:00,0.0,-0.0023388267,lstm
2020-11-02 23:00:00,0.0,-0.0039274544,lstm
2020-11-02 23:00:00,0.0,-0.0021268874,lstm
2020-11-02 23:00:00,0.0,0.00048285723,lstm
2020-11-02 23:15:00,0.0,-0.0023284703,lstm
2020-11-02 23:15:00,0.0,-0.0038883388,lstm
2020-11-02 23:15:00,0.0,-0.0020987839,lstm
2020-11-02 23:15:00,0.0,0.0005196929,lstm
2020-11-02 23:30:00,0.0,-0.0023212284,lstm
2020-11-02 23:30:00,0.0,-0.0038575977,lstm
2020-11-02 23:30:00,0.0,-0.002069518,lstm
2020-11-02 23:30:00,0.0,0.0005541146,lstm
2020-11-02 23:45:00,0.0,-0.0023830384,lstm
2020-11-02 23:45:00,0.0,-0.0038831532,lstm
2020-11-02 23:45:00,0.0,-0.0021779537,lstm
2020-11-02 23:45:00,0.0,0.00051122904,lstm
2020-11-03 00:00:00,0.0,-0.0023605675,lstm
2020-11-03 00:00:00,0.0,-0.0038263202,lstm
2020-11-03 00:00:00,0.0,-0.0021343827,lstm
2020-11-03 00:00:00,0.0,0.0005582571,lstm
2020-11-03 00:15:00,0.0,-0.0023398101,lstm
2020-11-03 00:15:00,0.0,-0.003788337,lstm
2020-11-03 00:15:00,0.0,-0.0021027625,lstm
2020-11-03 00:15:00,0.0,0.0005837977,lstm
2020-11-03 00:30:00,0.0,-0.0023213327,lstm
2020-11-03 00:30:00,0.0,-0.0037578344,lstm
2020-11-03 00:30:00,0.0,-0.0020774156,lstm
2020-11-03 00:30:00,0.0,0.00060231984,lstm
2020-11-03 00:45:00,0.0,-0.0023620427,lstm
2020-11-03 00:45:00,0.0,-0.0037712604,lstm
2020-11-03 00:45:00,0.0,-0.0021708608,lstm
2020-11-03 00:45:00,0.0,0.0005478412,lstm
2020-11-03 01:00:00,0.0,-0.0023241043,lstm
2020-11-03 01:00:00,0.0,-0.0037124455,lstm
2020-11-03 01:00:00,0.0,-0.0021220148,lstm
2020-11-03 01:00:00,0.0,0.000577122,lstm
2020-11-03 01:15:00,0.0,-0.0022957623,lstm
2020-11-03 01:15:00,0.0,-0.003681168,lstm
2020-11-03 01:15:00,0.0,-0.0020969957,lstm
2020-11-03 01:15:00,0.0,0.0005852729,lstm
2020-11-03 01:30:00,0.0,-0.0022767186,lstm
2020-11-03 01:30:00,0.0,-0.0036645085,lstm
2020-11-03 01:30:00,0.0,-0.0020847917,lstm
2020-11-03 01:30:00,0.0,0.0005875379,lstm
2020-11-03 01:45:00,0.0,-0.0023105592,lstm
2020-11-03 01:45:00,0.0,-0.0036730766,lstm
2020-11-03 01:45:00,0.0,-0.0021701604,lstm
2020-11-03 01:45:00,0.0,0.0005147606,lstm
2020-11-03 02:00:00,0.0,-0.0022634417,lstm
2020-11-03 02:00:00,0.0,-0.003620416,lstm
2020-11-03 02:00:00,0.0,-0.0021273494,lstm
2020-11-03 02:00:00,0.0,0.0005211085,lstm
2020-11-03 02:15:00,0.0,-0.002230361,lstm
2020-11-03 02:15:00,0.0,-0.00359945,lstm
2020-11-03 02:15:00,0.0,-0.002110362,lstm
2020-11-03 02:15:00,0.0,0.0005143583,lstm
2020-11-03 02:30:00,0.0,-0.0022113472,lstm
2020-11-03 02:30:00,0.0,-0.0035924464,lstm
2020-11-03 02:30:00,0.0,-0.0021065623,lstm
2020-11-03 02:30:00,0.0,0.0005057603,lstm
2020-11-03 02:45:00,0.0,-0.0022323579,lstm
2020-11-03 02:45:00,0.0,-0.0035959035,lstm
2020-11-03 02:45:00,0.0,-0.0021733344,lstm
2020-11-03 02:45:00,0.0,0.00042709708,lstm
2020-11-03 03:00:00,0.0,-0.0021837503,lstm
2020-11-03 03:00:00,0.0,-0.0035554767,lstm
2020-11-03 03:00:00,0.0,-0.0021472871,lstm
2020-11-03 03:00:00,0.0,0.00040495396,lstm
2020-11-03 03:15:00,0.0,-0.0021426529,lstm
2020-11-03 03:15:00,0.0,-0.0035435855,lstm
2020-11-03 03:15:00,0.0,-0.002146721,lstm
2020-11-03 03:15:00,0.0,0.00037752092,lstm
2020-11-03 03:30:00,0.0,-0.002112791,lstm
2020-11-03 03:30:00,0.0,-0.0035396665,lstm
2020-11-03 03:30:00,0.0,-0.0021522492,lstm
2020-11-03 03:30:00,0.0,0.00035339594,lstm
2020-11-03 03:45:00,0.0,-0.0021201223,lstm
2020-11-03 03:45:00,0.0,-0.0035443008,lstm
2020-11-03 03:45:00,0.0,-0.0022024512,lstm
2020-11-03 03:45:00,0.0,0.00026871264,lstm
2020-11-03 04:00:00,0.0,-0.0020721406,lstm
2020-11-03 04:00:00,0.0,-0.0035265982,lstm
2020-11-03 04:00:00,0.0,-0.002187878,lstm
2020-11-03 04:00:00,0.0,0.0002245307,lstm
2020-11-03 04:15:00,0.0,-0.0020360202,lstm
2020-11-03 04:15:00,0.0,-0.0035370886,lstm
2020-11-03 04:15:00,0.0,-0.0022020936,lstm
2020-11-03 04:15:00,0.0,0.0001809746,lstm
2020-11-03 04:30:00,0.0,-0.002011925,lstm
2020-11-03 04:30:00,0.0,-0.0035516024,lstm
2020-11-03 04:30:00,0.0,-0.0022203177,lstm
2020-11-03 04:30:00,0.0,0.00014391541,lstm
2020-11-03 04:45:00,0.0,-0.0020247847,lstm
2020-11-03 04:45:00,0.0,-0.0035757571,lstm
2020-11-03 04:45:00,0.0,-0.0022699684,lstm
2020-11-03 04:45:00,0.0,5.1379204e-05,lstm
2020-11-03 05:00:00,0.0,-0.0019996315,lstm
2020-11-03 05:00:00,0.0,-0.0036028624,lstm
2020-11-03 05:00:00,0.0,-0.0022826195,lstm
2020-11-03 05:00:00,0.0,-8.5532665e-06,lstm
2020-11-03 05:15:00,0.0,-0.0019732863,lstm
2020-11-03 05:15:00,0.0,-0.003646344,lstm
2020-11-03 05:15:00,0.0,-0.002327934,lstm
2020-11-03 05:15:00,0.0,-7.028878e-05,lstm
2020-11-03 05:30:00,0.0,-0.0019461364,lstm
2020-11-03 05:30:00,0.0,-0.003685385,lstm
2020-11-03 05:30:00,0.0,-0.0023790896,lstm
2020-11-03 05:30:00,0.0,-0.00012244284,lstm
2020-11-03 05:45:00,0.0,-0.0019651502,lstm
2020-11-03 05:45:00,0.0,-0.0037270188,lstm
2020-11-03 05:45:00,0.0,-0.0024199039,lstm
2020-11-03 05:45:00,0.0,-0.00018444657,lstm
2020-11-03 06:00:00,0.0,-0.0019516349,lstm
2020-11-03 06:00:00,0.0,-0.0037928075,lstm
2020-11-03 06:00:00,0.0,-0.0024629384,lstm
2020-11-03 06:00:00,0.0,-0.00024281442,lstm
2020-11-03 06:15:00,0.0,-0.0019281358,lstm
2020-11-03 06:15:00,0.0,-0.0038630515,lstm
2020-11-03 06:15:00,0.0,-0.0025185347,lstm
2020-11-03 06:15:00,0.0,-0.00028033555,lstm
2020-11-03 06:30:00,0.0,-0.0019007027,lstm
2020-11-03 06:30:00,0.0,-0.0039312243,lstm
2020-11-03 06:30:00,0.0,-0.0025834143,lstm
2020-11-03 06:30:00,0.0,-0.00031462312,lstm
2020-11-03 06:45:00,0.0,-0.0019299239,lstm
2020-11-03 06:45:00,0.0,-0.003996417,lstm
2020-11-03 06:45:00,0.0,-0.0025982708,lstm
2020-11-03 06:45:00,0.0,-0.00029544532,lstm
2020-11-03 07:00:00,0.0,-0.0019432455,lstm
2020-11-03 07:00:00,0.0,-0.004111916,lstm
2020-11-03 07:00:00,0.0,-0.0026353747,lstm
2020-11-03 07:00:00,0.0,-0.00027103722,lstm
2020-11-03 07:15:00,0.0,-0.0019145161,lstm
2020-11-03 07:15:00,0.0,-0.0042250454,lstm
2020-11-03 07:15:00,0.0,-0.0026960373,lstm
2020-11-03 07:15:00,0.0,-0.00021906197,lstm
2020-11-03 07:30:00,0.0,-0.0018657446,lstm
2020-11-03 07:30:00,0.0,-0.004334554,lstm
2020-11-03 07:30:00,0.0,-0.002735436,lstm
2020-11-03 07:30:00,0.0,-0.000106945634,lstm
2020-11-03 07:45:00,0.0,-0.0018557757,lstm
2020-11-03 07:45:00,0.0,-0.0044180006,lstm
2020-11-03 07:45:00,0.0,-0.0026490837,lstm
2020-11-03 07:45:00,0.0,0.00021731853,lstm
2020-11-03 08:00:00,0.0,-0.0018113256,lstm
2020-11-03 08:00:00,0.0,-0.0045779943,lstm
2020-11-03 08:00:00,0.0,-0.0025229752,lstm
2020-11-03 08:00:00,0.00040002167,0.00080031157,lstm
2020-11-03 08:15:00,0.0,-0.0016180575,lstm
2020-11-03 08:15:00,0.0,-0.0047465563,lstm
2020-11-03 08:15:00,0.00040000677,-0.002154544,lstm
2020-11-03 08:15:00,0.011800006,0.0022992343,lstm
2020-11-03 08:30:00,0.0,-0.0011670142,lstm
2020-11-03 08:30:00,0.00040000677,-0.0045612752,lstm
2020-11-03 08:30:00,0.011800006,1.8179417e-05,lstm
2020-11-03 08:30:00,0.0388,0.008751571,lstm
2020-11-03 08:45:00,0.00040000677,-0.001333341,lstm
2020-11-03 08:45:00,0.011800006,-0.0013548881,lstm
2020-11-03 08:45:00,0.0388,0.009517729,lstm
2020-11-03 08:45:00,0.09159999,0.031027973,lstm
2020-11-03 09:00:00,0.011800006,-0.0003193915,lstm
2020-11-03 09:00:00,0.0388,0.01597169,lstm
2020-11-03 09:00:00,0.0916,0.04658486,lstm
2020-11-03 09:00:00,0.172,0.09902645,lstm
2020-11-03 09:15:00,0.0388,0.016556412,lstm
2020-11-03 09:15:00,0.0916,0.050743222,lstm
2020-11-03 09:15:00,0.172,0.10792193,lstm
2020-11-03 09:15:00,0.25,0.18188961,lstm
2020-11-03 09:30:00,0.09159999,0.078499734,lstm
2020-11-03 09:30:00,0.172,0.13445605,lstm
2020-11-03 09:30:00,0.25,0.21626382,lstm
2020-11-03 09:30:00,0.324,0.28954625,lstm
2020-11-03 09:45:00,0.172,0.16044243,lstm
2020-11-03 09:45:00,0.25,0.23851831,lstm
2020-11-03 09:45:00,0.324,0.32714105,lstm
2020-11-03 09:45:00,0.3902,0.3950733,lstm
2020-11-03 10:00:00,0.25,0.2522922,lstm
2020-11-03 10:00:00,0.324,0.3281718,lstm
2020-11-03 10:00:00,0.3902,0.39486796,lstm
2020-11-03 10:00:00,0.4472,0.46299326,lstm
2020-11-03 10:15:00,0.324,0.31967437,lstm
2020-11-03 10:15:00,0.3902,0.3864019,lstm
2020-11-03 10:15:00,0.4472,0.43647692,lstm
2020-11-03 10:15:00,0.5028,0.5058294,lstm
2020-11-03 10:30:00,0.3902,0.38555056,lstm
2020-11-03 10:30:00,0.4472,0.44400132,lstm
2020-11-03 10:30:00,0.5028,0.4913535,lstm
2020-11-03 10:30:00,0.5564,0.5538677,lstm
2020-11-03 10:45:00,0.4472,0.4552794,lstm
2020-11-03 10:45:00,0.5028,0.504774,lstm
2020-11-03 10:45:00,0.5564,0.5516655,lstm
2020-11-03 10:45:00,0.6038,0.5993074,lstm
2020-11-03 11:00:00,0.5028,0.52215624,lstm
2020-11-03 11:00:00,0.5564,0.56127703,lstm
2020-11-03 11:00:00,0.6038,0.60446244,lstm
2020-11-03 11:00:00,0.6402,0.63784146,lstm
2020-11-03 11:15:00,0.55640006,0.58111,lstm
2020-11-03 11:15:00,0.6038,0.61273056,lstm
2020-11-03 11:15:00,0.6402,0.6506119,lstm
2020-11-03 11:15:00,0.6734,0.6784586,lstm
2020-11-03 11:30:00,0.6038,0.6309879,lstm
2020-11-03 11:30:00,0.6402,0.65927327,lstm
2020-11-03 11:30:00,0.6734,0.69100744,lstm
2020-11-03 11:30:00,0.7006,0.7191301,lstm
2020-11-03 11:45:00,0.6402,0.67287374,lstm
2020-11-03 11:45:00,0.6734,0.699453,lstm
2020-11-03 11:45:00,0.7006,0.72468615,lstm
2020-11-03 11:45:00,0.724,0.75377786,lstm
2020-11-03 12:00:00,0.6734,0.7005922,lstm
2020-11-03 12:00:00,0.7006,0.7258692,lstm
2020-11-03 12:00:00,0.724,0.7453176,lstm
2020-11-03 12:00:00,0.7476,0.77316767,lstm
2020-11-03 12:15:00,0.7006,0.72391325,lstm
2020-11-03 12:15:00,0.724,0.7463126,lstm
2020-11-03 12:15:00,0.7476,0.7618443,lstm
2020-11-03 12:15:00,0.7632,0.78810054,lstm
2020-11-03 12:30:00,0.724,0.74247825,lstm
2020-11-03 12:30:00,0.74759996,0.76141083,lstm
2020-11-03 12:30:00,0.7632,0.7741223,lstm
2020-11-03 12:30:00,0.774,0.7974443,lstm
2020-11-03 12:45:00,0.7476,0.7621302,lstm
2020-11-03 12:45:00,0.7631999,0.7760992,lstm
2020-11-03 12:45:00,0.774,0.78655016,lstm
2020-11-03 12:45:00,0.78459996,0.80686206,lstm
2020-11-03 13:00:00,0.7632,0.78577447,lstm
2020-11-03 13:00:00,0.7739999,0.7942729,lstm
2020-11-03 13:00:00,0.7846,0.8036155,lstm
2020-11-03 13:00:00,0.7816,0.821309,lstm
2020-11-03 13:15:00,0.774,0.80132747,lstm
2020-11-03 13:15:00,0.7846,0.8051746,lstm
2020-11-03 13:15:00,0.7816,0.8128381,lstm
2020-11-03 13:15:00,0.7778,0.8270701,lstm
2020-11-03 13:30:00,0.7846,0.811526,lstm
2020-11-03 13:30:00,0.7816,0.81131816,lstm
2020-11-03 13:30:00,0.7778,0.817505,lstm
2020-11-03 13:30:00,0.78339994,0.8293627,lstm
2020-11-03 13:45:00,0.78159994,0.82133335,lstm
2020-11-03 13:45:00,0.77779996,0.8170215,lstm
2020-11-03 13:45:00,0.7834,0.82115614,lstm
2020-11-03 13:45:00,0.7748,0.83091795,lstm
2020-11-03 14:00:00,0.7778,0.8144081,lstm
2020-11-03 14:00:00,0.78339994,0.8079059,lstm
2020-11-03 14:00:00,0.7748,0.8083525,lstm
2020-11-03 14:00:00,0.5514,0.81315416,lstm
2020-11-03 14:15:00,0.78339994,0.81069535,lstm
2020-11-03 14:15:00,0.77479994,0.79990983,lstm
2020-11-03 14:15:00,0.5514,0.7972627,lstm
2020-11-03 14:15:00,0.3442,0.79838145,lstm
2020-11-03 14:30:00,0.7748,0.81336015,lstm
2020-11-03 14:30:00,0.5514,0.798748,lstm
2020-11-03 14:30:00,0.3442,0.7946617,lstm
2020-11-03 14:30:00,0.3452,0.79332244,lstm
2020-11-03 14:45:00,0.5514,0.79753995,lstm
2020-11-03 14:45:00,0.3442,0.7797326,lstm
2020-11-03 14:45:00,0.3452,0.77023715,lstm
2020-11-03 14:45:00,0.346,0.760818,lstm
2020-11-03 15:00:00,0.3442,0.58722615,lstm
2020-11-03 15:00:00,0.3452,0.61283445,lstm
2020-11-03 15:00:00,0.346,0.60303867,lstm
2020-11-03 15:00:00,0.45200002,0.5897638,lstm
2020-11-03 15:15:00,0.3452,0.4543,lstm
2020-11-03 15:15:00,0.346,0.5160291,lstm
2020-11-03 15:15:00,0.45200002,0.5156746,lstm
2020-11-03 15:15:00,0.49580002,0.5265803,lstm
2020-11-03 15:30:00,0.346,0.46618202,lstm
2020-11-03 15:30:00,0.452,0.50911164,lstm
2020-11-03 15:30:00,0.49580002,0.514206,lstm
2020-11-03 15:30:00,0.55859995,0.52571434,lstm
2020-11-03 15:45:00,0.452,0.47923526,lstm
2020-11-03 15:45:00,0.4958,0.4985084,lstm
2020-11-03 15:45:00,0.5586,0.497644,lstm
2020-11-03 15:45:00,0.55239993,0.4981969,lstm
2020-11-03 16:00:00,0.4958,0.5920249,lstm
2020-11-03 16:00:00,0.5586,0.5585873,lstm
2020-11-03 16:00:00,0.5524,0.53917694,lstm
2020-11-03 16:00:00,0.507,0.51776046,lstm
2020-11-03 16:15:00,0.5586,0.60506034,lstm
2020-11-03 16:15:00,0.5524,0.56270367,lstm
2020-11-03 16:15:00,0.507,0.5271289,lstm
2020-11-03 16:15:00,0.4548,0.49277216,lstm
2020-11-03 16:30:00,0.5524,0.5995214,lstm
2020-11-03 16:30:00,0.50699997,0.5501001,lstm
2020-11-03 16:30:00,0.4548,0.49757075,lstm
2020-11-03 16:30:00,0.3978,0.45249182,lstm
2020-11-03 16:45:00,0.507,0.5263942,lstm
2020-11-03 16:45:00,0.4548,0.481756,lstm
2020-11-03 16:45:00,0.3978,0.4221546,lstm
2020-11-03 16:45:00,0.3314,0.3701446,lstm
2020-11-03 17:00:00,0.4548,0.45600542,lstm
2020-11-03 17:00:00,0.3978,0.40810055,lstm
2020-11-03 17:00:00,0.3314,0.34771514,lstm
2020-11-03 17:00:00,0.2618,0.28801522,lstm
2020-11-03 17:15:00,0.39780003,0.4126113,lstm
2020-11-03 17:15:00,0.3314,0.3457502,lstm
2020-11-03 17:15:00,0.2618,0.27893746,lstm
2020-11-03 17:15:00,0.1786,0.21008986,lstm
2020-11-03 17:30:00,0.3314,0.3572511,lstm
2020-11-03 17:30:00,0.2618,0.27241978,lstm
2020-11-03 17:30:00,0.1786,0.1982645,lstm
2020-11-03 17:30:00,0.085999995,0.13102308,lstm
2020-11-03 17:45:00,0.2618,0.2826147,lstm
2020-11-03 17:45:00,0.1786,0.1925591,lstm
2020-11-03 17:45:00,0.086,0.12040134,lstm
2020-11-03 17:45:00,0.032000005,0.06583768,lstm
2020-11-03 18:00:00,0.1786,0.19627817,lstm
2020-11-03 18:00:00,0.086,0.11403184,lstm
2020-11-03 18:00:00,0.032000005,0.060332537,lstm
2020-11-03 18:00:00,0.005400002,0.023333415,lstm
2020-11-03 18:15:00,0.086,0.105445325,lstm
2020-11-03 18:15:00,0.032000005,0.047724947,lstm
2020-11-03 18:15:00,0.005400002,0.016764894,lstm
2020-11-03 18:15:00,0.0,0.0035345256,lstm
2020-11-03 18:30:00,0.032000005,0.0440197,lstm
2020-11-03 18:30:00,0.005400002,0.011351541,lstm
2020-11-03 18:30:00,0.0,-0.0036160797,lstm
2020-11-03 18:30:00,0.0,-0.0032317191,lstm
2020-11-03 18:45:00,0.005400002,0.019742385,lstm
2020-11-03 18:45:00,0.0,0.0006354004,lstm
2020-11-03 18:45:00,0.0,-0.0060543865,lstm
2020-11-03 18:45:00,0.0,-0.0033422112,lstm
2020-11-03 19:00:00,0.0,0.009375274,lstm
2020-11-03 19:00:00,0.0,-0.0023265034,lstm
2020-11-03 19:00:00,0.0,-0.004843667,lstm
2020-11-03 19:00:00,0.0,-0.0018832386,lstm
2020-11-03 19:15:00,0.0,0.0042283535,lstm
2020-11-03 19:15:00,0.0,-0.0027221292,lstm
2020-11-03 19:15:00,0.0,-0.0032786578,lstm
2020-11-03 19:15:00,0.0,-0.00059732795,lstm
2020-11-03 19:30:00,0.0,0.0011741817,lstm
2020-11-03 19:30:00,0.0,-0.0031836927,lstm
2020-11-03 19:30:00,0.0,-0.0025140643,lstm
2020-11-03 19:30:00,0.0,-0.00011180341,lstm
2020-11-03 19:45:00,0.0,-0.00028592348,lstm
2020-11-03 19:45:00,0.0,-0.0034989268,lstm
2020-11-03 19:45:00,0.0,-0.0022487491,lstm
2020-11-03 19:45:00,0.0,1.3262033e-06,lstm
2020-11-03 20:00:00,0.0,-0.0011509806,lstm
2020-11-03 20:00:00,0.0,-0.003730312,lstm
2020-11-03 20:00:00,0.0,-0.0021328628,lstm
2020-11-03 20:00:00,0.0,7.8842044e-05,lstm
2020-11-03 20:15:00,0.0,-0.0015751421,lstm
2020-11-03 20:15:00,0.0,-0.003820911,lstm
2020-11-03 20:15:00,0.0,-0.0020432472,lstm
2020-11-03 20:15:00,0.0,0.00016076863,lstm
2020-11-03 20:30:00,0.0,-0.0018223971,lstm
2020-11-03 20:30:00,0.0,-0.0038609803,lstm
2020-11-03 20:30:00,0.0,-0.0019692034,lstm
2020-11-03 20:30:00,0.0,0.00023847818,lstm
2020-11-03 20:45:00,0.0,-0.0019757897,lstm
2020-11-03 20:45:00,0.0,-0.0039515644,lstm
2020-11-03 20:45:00,0.0,-0.0020588338,lstm
2020-11-03 20:45:00,0.0,0.00024169683,lstm
2020-11-03 21:00:00,0.0,-0.0020681918,lstm
2020-11-03 21:00:00,0.0,-0.0039672107,lstm
2020-11-03 21:00:00,0.0,-0.002063647,lstm
2020-11-03 21:00:00,0.0,0.0002927184,lstm
2020-11-03 21:15:00,0.0,-0.0021215081,lstm
2020-11-03 21:15:00,0.0,-0.0039637983,lstm
2020-11-03 21:15:00,0.0,-0.0020464808,lstm
2020-11-03 21:15:00,0.0,0.00033688545,lstm
2020-11-03 21:30:00,0.0,-0.0021539032,lstm
2020-11-03 21:30:00,0.0,-0.003951326,lstm
2020-11-03 21:30:00,0.0,-0.002018869,lstm
2020-11-03 21:30:00,0.0,0.00037693977,lstm
2020-11-03 21:45:00,0.0,-0.0022326857,lstm
2020-11-03 21:45:00,0.0,-0.0040166676,lstm
2020-11-03 21:45:00,0.0,-0.0021387488,lstm
2020-11-03 21:45:00,0.0,0.00035192072,lstm
2020-11-03 22:00:00,0.0,-0.0022577792,lstm
2020-11-03 22:00:00,0.0,-0.003995657,lstm
2020-11-03 22:00:00,0.0,-0.0021260977,lstm
2020-11-03 22:00:00,0.0,0.00040499866,lstm
2020-11-03 22:15:00,0.0,-0.0022645593,lstm
2020-11-03 22:15:00,0.0,-0.0039687306,lstm
2020-11-03 22:15:00,0.0,-0.0021013767,lstm
2020-11-03 22:15:00,0.0,0.00044420362,lstm
2020-11-03 22:30:00,0.0,-0.0022632629,lstm
2020-11-03 22:30:00,0.0,-0.0039441586,lstm
2020-11-03 22:30:00,0.0,-0.002080977,lstm
2020-11-03 22:30:00,0.0,0.00047378242,lstm
2020-11-03 22:45:00,0.0,-0.0023308098,lstm
2020-11-03 22:45:00,0.0,-0.003984481,lstm
2020-11-03 22:45:00,0.0,-0.0021971166,lstm
2020-11-03 22:45:00,0.0,0.00044374168,lstm
2020-11-03 23:00:00,0.0,-0.0023255944,lstm
2020-11-03 23:00:00,0.0,-0.0039352924,lstm
2020-11-03 23:00:00,0.0,-0.002158925,lstm
2020-11-03 23:00:00,0.0,0.00050240755,lstm
2020-11-03 23:15:00,0.0,-0.0023116171,lstm
2020-11-03 23:15:00,0.0,-0.0038956553,lstm
2020-11-03 23:15:00,0.0,-0.0021263063,lstm
2020-11-03 23:15:00,0.0,0.000538677,lstm
2020-11-03 23:30:00,0.0,-0.0023003668,lstm
2020-11-03 23:30:00,0.0,-0.00386177,lstm
2020-11-03 23:30:00,0.0,-0.0020969063,lstm
2020-11-03 23:30:00,0.0,0.0005699098,lstm
2020-11-03 23:45:00,0.0,-0.002364546,lstm
2020-11-03 23:45:00,0.0,-0.0038864166,lstm
2020-11-03 23:45:00,0.0,-0.0021976829,lstm
2020-11-03 23:45:00,0.0,0.0005328059,lstm
2020-11-04 00:00:00,0.0,-0.0023387969,lstm
2020-11-04 00:00:00,0.0,-0.0038263053,lstm
2020-11-04 00:00:00,0.0,-0.0021526068,lstm
2020-11-04 00:00:00,0.0,0.00057569146,lstm
2020-11-04 00:15:00,0.0,-0.0023153871,lstm
2020-11-04 00:15:00,0.0,-0.0037840009,lstm
2020-11-04 00:15:00,0.0,-0.0021163225,lstm
2020-11-04 00:15:00,0.0,0.000603199,lstm
2020-11-04 00:30:00,0.0,-0.0023005605,lstm
2020-11-04 00:30:00,0.0,-0.0037626624,lstm
2020-11-04 00:30:00,0.0,-0.0020972043,lstm
2020-11-04 00:30:00,0.0,0.0006171018,lstm
2020-11-04 00:45:00,0.0,-0.0023439825,lstm
2020-11-04 00:45:00,0.0,-0.0037748367,lstm
2020-11-04 00:45:00,0.0,-0.0021939874,lstm
2020-11-04 00:45:00,0.0,0.0005632043,lstm
2020-11-04 01:00:00,0.0,-0.0023028404,lstm
2020-11-04 01:00:00,0.0,-0.0037110746,lstm
2020-11-04 01:00:00,0.0,-0.0021422356,lstm
2020-11-04 01:00:00,0.0,0.00059626997,lstm
2020-11-04 01:15:00,0.0,-0.002274856,lstm
2020-11-04 01:15:00,0.0,-0.0036819726,lstm
2020-11-04 01:15:00,0.0,-0.002116561,lstm
2020-11-04 01:15:00,0.0,0.00060521066,lstm
2020-11-04 01:30:00,0.0,-0.002254203,lstm
2020-11-04 01:30:00,0.0,-0.0036628246,lstm
2020-11-04 01:30:00,0.0,-0.0021047294,lstm
2020-11-04 01:30:00,0.0,0.0006057918,lstm
2020-11-04 01:45:00,0.0,-0.0022834241,lstm
2020-11-04 01:45:00,0.0,-0.0036690384,lstm
2020-11-04 01:45:00,0.0,-0.0021909326,lstm
2020-11-04 01:45:00,0.0,0.00053463876,lstm
2020-11-04 02:00:00,0.0,-0.0022340715,lstm
2020-11-04 02:00:00,0.0,-0.0036123246,lstm
2020-11-04 02:00:00,0.0,-0.002140224,lstm
2020-11-04 02:00:00,0.0,0.00055111945,lstm
2020-11-04 02:15:00,0.0,-0.00219509,lstm
2020-11-04 02:15:00,0.0,-0.0035831034,lstm
2020-11-04 02:15:00,0.0,-0.0021231025,lstm
2020-11-04 02:15:00,0.0,0.0005416274,lstm
2020-11-04 02:30:00,0.0,-0.0021695793,lstm
2020-11-04 02:30:00,0.0,-0.0035704821,lstm
2020-11-04 02:30:00,0.0,-0.0021166205,lstm
2020-11-04 02:30:00,0.0,0.0005362481,lstm
2020-11-04 02:45:00,0.0,-0.0021812618,lstm
2020-11-04 02:45:00,0.0,-0.0035636872,lstm
2020-11-04 02:45:00,0.0,-0.00217776,lstm
2020-11-04 02:45:00,0.0,0.00046384335,lstm
2020-11-04 03:00:00,0.0,-0.002124399,lstm
2020-11-04 03:00:00,0.0,-0.0035153925,lstm
2020-11-04 03:00:00,0.0,-0.0021376014,lstm
2020-11-04 03:00:00,0.0,0.00045518577,lstm
2020-11-04 03:15:00,0.0,-0.0020788312,lstm
2020-11-04 03:15:00,0.0,-0.0035023391,lstm
2020-11-04 03:15:00,0.0,-0.0021342188,lstm
2020-11-04 03:15:00,0.0,0.00042833388,lstm
2020-11-04 03:30:00,0.0,-0.0020456016,lstm
2020-11-04 03:30:00,0.0,-0.0034946501,lstm
2020-11-04 03:30:00,0.0,-0.0021376908,lstm
2020-11-04 03:30:00,0.0,0.00040712953,lstm
2020-11-04 03:45:00,0.0,-0.0020428598,lstm
2020-11-04 03:45:00,0.0,-0.003485486,lstm
2020-11-04 03:45:00,0.0,-0.0021763295,lstm
2020-11-04 03:45:00,0.0,0.00033514202,lstm
2020-11-04 04:00:00,0.0,-0.0019856244,lstm
2020-11-04 04:00:00,0.0,-0.003461197,lstm
2020-11-04 04:00:00,0.0,-0.0021590143,lstm
2020-11-04 04:00:00,0.0,0.00029678643,lstm
2020-11-04 04:15:00,0.0,-0.0019371063,lstm
2020-11-04 04:15:00,0.0,-0.0034582615,lstm
2020-11-04 04:15:00,0.0,-0.0021689534,lstm
2020-11-04 04:15:00,0.0,0.00025868416,lstm
2020-11-04 04:30:00,0.0,-0.0019022673,lstm
2020-11-04 04:30:00,0.0,-0.0034643114,lstm
2020-11-04 04:30:00,0.0,-0.0021860152,lstm
2020-11-04 04:30:00,0.0,0.00022888184,lstm
2020-11-04 04:45:00,0.0,-0.0019039959,lstm
2020-11-04 04:45:00,0.0,-0.0034663826,lstm
2020-11-04 04:45:00,0.0,-0.0022136867,lstm
2020-11-04 04:45:00,0.0,0.00016726553,lstm
2020-11-04 05:00:00,0.0,-0.0018631816,lstm
2020-11-04 05:00:00,0.0,-0.003473118,lstm
2020-11-04 05:00:00,0.0,-0.0022211075,lstm
2020-11-04 05:00:00,0.0,0.00011856854,lstm
2020-11-04 05:15:00,0.0,-0.0018269271,lstm
2020-11-04 05:15:00,0.0,-0.003498137,lstm
2020-11-04 05:15:00,0.0,-0.0022505373,lstm
2020-11-04 05:15:00,0.0,8.068979e-05,lstm
2020-11-04 05:30:00,0.0,-0.0017938763,lstm
2020-11-04 05:30:00,0.0,-0.003523618,lstm
2020-11-04 05:30:00,0.0,-0.002293229,lstm
2020-11-04 05:30:00,0.0,3.863871e-05,lstm
2020-11-04 05:45:00,0.0,-0.00180538,lstm
2020-11-04 05:45:00,0.0,-0.0035450608,lstm
2020-11-04 05:45:00,0.0,-0.0023154467,lstm
2020-11-04 05:45:00,0.0,4.1872263e-06,lstm
2020-11-04 06:00:00,0.0,-0.0017866492,lstm
2020-11-04 06:00:00,0.0,-0.0035936534,lstm
2020-11-04 06:00:00,0.0,-0.00234662,lstm
2020-11-04 06:00:00,0.0,-3.3333898e-05,lstm
2020-11-04 06:15:00,0.0,-0.0017601997,lstm
2020-11-04 06:15:00,0.0,-0.003649786,lstm
2020-11-04 06:15:00,0.0,-0.002396658,lstm
2020-11-04 06:15:00,0.0,-5.4731965e-05,lstm
2020-11-04 06:30:00,0.0,-0.0017317832,lstm
2020-11-04 06:30:00,0.0,-0.0037042648,lstm
2020-11-04 06:30:00,0.0,-0.0024561733,lstm
2020-11-04 06:30:00,0.0,-7.560849e-05,lstm
2020-11-04 06:45:00,0.0,-0.0017658472,lstm
2020-11-04 06:45:00,0.0,-0.0037553012,lstm
2020-11-04 06:45:00,0.0,-0.0024532229,lstm
2020-11-04 06:45:00,0.0,-2.4721026e-05,lstm
2020-11-04 07:00:00,0.0,-0.0017727464,lstm
2020-11-04 07:00:00,0.0,-0.003857538,lstm
2020-11-04 07:00:00,0.0,-0.0025026202,lstm
2020-11-04 07:00:00,0.0,-2.9951334e-06,lstm
2020-11-04 07:15:00,0.0,-0.0017403513,lstm
2020-11-04 07:15:00,0.0,-0.0039543957,lstm
2020-11-04 07:15:00,0.0,-0.0025524497,lstm
2020-11-04 07:15:00,0.0,6.882846e-05,lstm
2020-11-04 07:30:00,0.0,-0.0016857982,lstm
2020-11-04 07:30:00,0.0,-0.004050821,lstm
2020-11-04 07:30:00,0.0,-0.0025982857,lstm
2020-11-04 07:30:00,0.0,0.00017735362,lstm
2020-11-04 07:45:00,0.0,-0.001665324,lstm
2020-11-04 07:45:00,0.0,-0.0041154027,lstm
2020-11-04 07:45:00,0.0,-0.0025179833,lstm
2020-11-04 07:45:00,0.0,0.0005029291,lstm
2020-11-04 08:00:00,0.0,-0.001613751,lstm
2020-11-04 08:00:00,0.0,-0.004251361,lstm
2020-11-04 08:00:00,0.0,-0.0023936778,lstm
2020-11-04 08:00:00,0.0,0.0010991842,lstm
2020-11-04 08:15:00,0.0,-0.0014378875,lstm
2020-11-04 08:15:00,0.0,-0.0044024736,lstm
2020-11-04 08:15:00,0.0,-0.002021134,lstm
2020-11-04 08:15:00,0.010000005,0.0026315004,lstm
2020-11-04 08:30:00,0.0,-0.0010451525,lstm
2020-11-04 08:30:00,0.0,-0.0041796267,lstm
2020-11-04 08:30:00,0.010000005,0.00014406443,lstm
2020-11-04 08:30:00,0.037399992,0.0091395825,lstm
2020-11-04 08:45:00,0.0,-0.0012704134,lstm
2020-11-04 08:45:00,0.010000005,-0.0009482056,lstm
2020-11-04 08:45:00,0.037400007,0.009307697,lstm
2020-11-04 08:45:00,0.098,0.030594036,lstm
2020-11-04 09:00:00,0.010000005,-0.00022180378,lstm
2020-11-04 09:00:00,0.037400007,0.014905065,lstm
2020-11-04 09:00:00,0.098,0.042935878,lstm
2020-11-04 09:00:00,0.192,0.092237905,lstm
2020-11-04 09:15:00,0.037400007,0.013952732,lstm
2020-11-04 09:15:00,0.098,0.046097323,lstm
2020-11-04 09:15:00,0.192,0.09878678,lstm
2020-11-04 09:15:00,0.2772,0.16951232,lstm
2020-11-04 09:30:00,0.098,0.07635292,lstm
2020-11-04 09:30:00,0.192,0.13239646,lstm
2020-11-04 09:30:00,0.2772,0.21241327,lstm
2020-11-04 09:30:00,0.3492,0.28609675,lstm
2020-11-04 09:45:00,0.192,0.16877317,lstm
2020-11-04 09:45:00,0.2772,0.24898475,lstm
2020-11-04 09:45:00,0.3492,0.33839637,lstm
2020-11-04 09:45:00,0.4148,0.4086743,lstm
2020-11-04 10:00:00,0.2772,0.26654965,lstm
2020-11-04 10:00:00,0.3492,0.34296438,lstm
2020-11-04 10:00:00,0.4148,0.4085181,lstm
2020-11-04 10:00:00,0.4752,0.4803306,lstm
2020-11-04 10:15:00,0.3492,0.33746246,lstm
2020-11-04 10:15:00,0.4148,0.40377668,lstm
2020-11-04 10:15:00,0.4752,0.45318955,lstm
2020-11-04 10:15:00,0.5298,0.5245902,lstm
2020-11-04 10:30:00,0.4148,0.40568963,lstm
2020-11-04 10:30:00,0.4752,0.46318823,lstm
2020-11-04 10:30:00,0.5298,0.5105435,lstm
2020-11-04 10:30:00,0.5802,0.57084614,lstm
2020-11-04 10:45:00,0.4752,0.47810414,lstm
2020-11-04 10:45:00,0.5298,0.52467465,lstm
2020-11-04 10:45:00,0.5802,0.5703517,lstm
2020-11-04 10:45:00,0.623,0.61331695,lstm
2020-11-04 11:00:00,0.5298,0.54606694,lstm
2020-11-04 11:00:00,0.5802,0.582157,lstm
2020-11-04 11:00:00,0.623,0.6230419,lstm
2020-11-04 11:00:00,0.6602,0.65395117,lstm
2020-11-04 11:15:00,0.5802,0.6014669,lstm
2020-11-04 11:15:00,0.623,0.63162595,lstm
2020-11-04 11:15:00,0.6602,0.6660573,lstm
2020-11-04 11:15:00,0.6654,0.693584,lstm
2020-11-04 11:30:00,0.623,0.6466187,lstm
2020-11-04 11:30:00,0.6602,0.6740618,lstm
2020-11-04 11:30:00,0.6654,0.70186913,lstm
2020-11-04 11:30:00,0.5568,0.73008674,lstm
2020-11-04 11:45:00,0.6602,0.6829195,lstm
2020-11-04 11:45:00,0.6654,0.7083621,lstm
2020-11-04 11:45:00,0.5568,0.72992265,lstm
2020-11-04 11:45:00,0.4418,0.75831753,lstm
2020-11-04 12:00:00,0.6654,0.70961523,lstm
2020-11-04 12:00:00,0.5568,0.73290265,lstm
2020-11-04 12:00:00,0.4418,0.7497127,lstm
2020-11-04 12:00:00,0.3862,0.7769667,lstm
2020-11-04 12:15:00,0.5568,0.7045317,lstm
2020-11-04 12:15:00,0.4418,0.72376394,lstm
2020-11-04 12:15:00,0.3862,0.7333381,lstm
2020-11-04 12:15:00,0.3604,0.7521596,lstm
2020-11-04 12:30:00,0.4418,0.51040375,lstm
2020-11-04 12:30:00,0.3862,0.5189028,lstm
2020-11-04 12:30:00,0.36040002,0.51215595,lstm
2020-11-04 12:30:00,0.3212,0.5094684,lstm
2020-11-04 12:45:00,0.3862,0.3671251,lstm
2020-11-04 12:45:00,0.3604,0.368058,lstm
2020-11-04 12:45:00,0.3212,0.35807294,lstm
2020-11-04 12:45:00,0.2946,0.36528987,lstm
2020-11-04 13:00:00,0.3604,0.29791033,lstm
2020-11-04 13:00:00,0.3212,0.2867926,lstm
2020-11-04 13:00:00,0.2946,0.27973288,lstm
2020-11-04 13:00:00,0.2544,0.2911213,lstm
2020-11-04 13:15:00,0.3212,0.28533027,lstm
2020-11-04 13:15:00,0.2946,0.27183777,lstm
2020-11-04 13:15:00,0.2544,0.26409703,lstm
2020-11-04 13:15:00,0.2232,0.27448067,lstm
2020-11-04 13:30:00,0.2946,0.23275407,lstm
2020-11-04 13:30:00,0.2544,0.22499509,lstm
2020-11-04 13:30:00,0.2232,0.21658683,lstm
2020-11-04 13:30:00,0.2048,0.22495215,lstm
2020-11-04 13:45:00,0.2544,0.19441208,lstm
2020-11-04 13:45:00,0.2232,0.18827042,lstm
2020-11-04 13:45:00,0.2048,0.18506478,lstm
2020-11-04 13:45:00,0.1884,0.19132417,lstm
2020-11-04 14:00:00,0.2232,0.14513758,lstm
2020-11-04 14:00:00,0.2048,0.14287154,lstm
2020-11-04 14:00:00,0.1884,0.14295802,lstm
2020-11-04 14:00:00,0.128,0.14806235,lstm
2020-11-04 14:15:00,0.2048,0.120609276,lstm
2020-11-04 14:15:00,0.1884,0.11836698,lstm
2020-11-04 14:15:00,0.128,0.1215798,lstm
2020-11-04 14:15:00,0.1164,0.12441338,lstm
2020-11-04 14:30:00,0.1884,0.11297191,lstm
2020-11-04 14:30:00,0.128,0.10912939,lstm
2020-11-04 14:30:00,0.1164,0.11498362,lstm
2020-11-04 14:30:00,0.1162,0.11618542,lstm
2020-11-04 14:45:00,0.128,0.11220184,lstm
2020-11-04 14:45:00,0.1164,0.10735421,lstm
2020-11-04 14:45:00,0.1162,0.115144856,lstm
2020-11-04 14:45:00,0.1202,0.115588106,lstm
2020-11-04 15:00:00,0.116399996,0.092559166,lstm
2020-11-04 15:00:00,0.1162,0.08819039,lstm
2020-11-04 15:00:00,0.1202,0.096601434,lstm
2020-11-04 15:00:00,0.1216,0.09558608,lstm
2020-11-04 15:15:00,0.1162,0.10036148,lstm
2020-11-04 15:15:00,0.1202,0.096805155,lstm
2020-11-04 15:15:00,0.1216,0.106407054,lstm
2020-11-04 15:15:00,0.118200004,0.10615988,lstm
2020-11-04 15:30:00,0.1202,0.112693205,lstm
2020-11-04 15:30:00,0.1216,0.10991814,lstm
2020-11-04 15:30:00,0.1182,0.120584,lstm
2020-11-04 15:30:00,0.1116,0.122314885,lstm
2020-11-04 15:45:00,0.1216,0.12610954,lstm
2020-11-04 15:45:00,0.1182,0.12490755,lstm
2020-11-04 15:45:00,0.11159999,0.13492844,lstm
2020-11-04 15:45:00,0.124,0.13855618,lstm
2020-11-04 16:00:00,0.11819999,0.13637188,lstm
2020-11-04 16:00:00,0.1116,0.13638252,lstm
2020-11-04 16:00:00,0.124,0.14328161,lstm
2020-11-04 16:00:00,0.1564,0.14900738,lstm
2020-11-04 16:15:00,0.1116,0.14812858,lstm
2020-11-04 16:15:00,0.124,0.14692162,lstm
2020-11-04 16:15:00,0.1564,0.14955401,lstm
2020-11-04 16:15:00,0.212,0.15577647,lstm
2020-11-04 16:30:00,0.124,0.20100641,lstm
2020-11-04 16:30:00,0.1564,0.19388655,lstm
2020-11-04 16:30:00,0.212,0.19177929,lstm
2020-11-04 16:30:00,0.2934,0.19432831,lstm
2020-11-04 16:45:00,0.1564,0.34518707,lstm
2020-11-04 16:45:00,0.212,0.31712893,lstm
2020-11-04 16:45:00,0.2934,0.2933385,lstm
2020-11-04 16:45:00,0.3128,0.27447277,lstm
2020-11-04 17:00:00,0.212,0.3947867,lstm
2020-11-04 17:00:00,0.2934,0.35516387,lstm
2020-11-04 17:00:00,0.3128,0.30388802,lstm
2020-11-04 17:00:00,0.246,0.25842142,lstm
2020-11-04 17:15:00,0.2934,0.3735531,lstm
2020-11-04 17:15:00,0.3128,0.322717,lstm
2020-11-04 17:15:00,0.246,0.25804907,lstm
2020-11-04 17:15:00,0.1352,0.19840528,lstm
2020-11-04 17:30:00,0.3128,0.33614022,lstm
2020-11-04 17:30:00,0.246,0.27589482,lstm
2020-11-04 17:30:00,0.1352,0.20719808,lstm
2020-11-04 17:30:00,0.0766,0.14496513,lstm
2020-11-04 17:45:00,0.246,0.2697789,lstm
2020-11-04 17:45:00,0.1352,0.20676751,lstm
2020-11-04 17:45:00,0.0766,0.1421769,lstm
2020-11-04 17:45:00,0.015599996,0.083864,lstm
2020-11-04 18:00:00,0.1352,0.19176427,lstm
2020-11-04 18:00:00,0.0766,0.12622063,lstm
2020-11-04 18:00:00,0.015600011,0.074526414,lstm
2020-11-04 18:00:00,0.0028000027,0.028450236,lstm
2020-11-04 18:15:00,0.0766,0.11399789,lstm
2020-11-04 18:15:00,0.015599996,0.056784153,lstm
2020-11-04 18:15:00,0.0028000027,0.02855131,lstm
2020-11-04 18:15:00,0.0,0.0010770857,lstm
2020-11-04 18:30:00,0.015599996,0.05507572,lstm
2020-11-04 18:30:00,0.0028000027,0.020118728,lstm
2020-11-04 18:30:00,0.0,0.0052259564,lstm
2020-11-04 18:30:00,0.0,-0.003015563,lstm
2020-11-04 18:45:00,0.0028000027,0.0225593,lstm
2020-11-04 18:45:00,0.0,0.0037003756,lstm
2020-11-04 18:45:00,0.0,-0.0034995377,lstm
2020-11-04 18:45:00,0.0,-0.0026247948,lstm
2020-11-04 19:00:00,0.0,0.010045424,lstm
2020-11-04 19:00:00,0.0,-0.000526458,lstm
2020-11-04 19:00:00,0.0,-0.0033269525,lstm
2020-11-04 19:00:00,0.0,-0.0011394322,lstm
2020-11-04 19:15:00,0.0,0.003878668,lstm
2020-11-04 19:15:00,0.0,-0.0024132133,lstm
2020-11-04 19:15:00,0.0,-0.0029330999,lstm
2020-11-04 19:15:00,0.0,-0.00046665967,lstm
2020-11-04 19:30:00,0.0,0.0009919256,lstm
2020-11-04 19:30:00,0.0,-0.0031949282,lstm
2020-11-04 19:30:00,0.0,-0.0025535375,lstm
2020-11-04 19:30:00,0.0,-0.00021785498,lstm
2020-11-04 19:45:00,0.0,-0.00039370358,lstm
2020-11-04 19:45:00,0.0,-0.0036366582,lstm
2020-11-04 19:45:00,0.0,-0.0024556667,lstm
2020-11-04 19:45:00,0.0,-0.00014047325,lstm
2020-11-04 20:00:00,0.0,-0.001136288,lstm
2020-11-04 20:00:00,0.0,-0.0038587153,lstm
2020-11-04 20:00:00,0.0,-0.0024005175,lstm
2020-11-04 20:00:00,0.0,-5.1409006e-05,lstm
2020-11-04 20:15:00,0.0,-0.0015190095,lstm
2020-11-04 20:15:00,0.0,-0.003946215,lstm
2020-11-04 20:15:00,0.0,-0.0023271292,lstm
2020-11-04 20:15:00,0.0,4.479289e-05,lstm
2020-11-04 20:30:00,0.0,-0.0017281026,lstm
2020-11-04 20:30:00,0.0,-0.003980592,lstm
2020-11-04 20:30:00,0.0,-0.0022634566,lstm
2020-11-04 20:30:00,0.0,0.00011904538,lstm
2020-11-04 20:45:00,0.0,-0.0018988848,lstm
2020-11-04 20:45:00,0.0,-0.0040780604,lstm
2020-11-04 20:45:00,0.0,-0.0023325384,lstm
2020-11-04 20:45:00,0.0,0.00012862682,lstm
2020-11-04 21:00:00,0.0,-0.002028674,lstm
2020-11-04 21:00:00,0.0,-0.004098475,lstm
2020-11-04 21:00:00,0.0,-0.0023180842,lstm
2020-11-04 21:00:00,0.0,0.00019390881,lstm
2020-11-04 21:15:00,0.0,-0.0021180212,lstm
2020-11-04 21:15:00,0.0,-0.004088789,lstm
2020-11-04 21:15:00,0.0,-0.0022589415,lstm
2020-11-04 21:15:00,0.0,0.00027003884,lstm
2020-11-04 21:30:00,0.0,-0.002177596,lstm
2020-11-04 21:30:00,0.0,-0.00406532,lstm
2020-11-04 21:30:00,0.0,-0.002196595,lstm
2020-11-04 21:30:00,0.0,0.00033514202,lstm
2020-11-04 21:45:00,0.0,-0.0022602826,lstm
2020-11-04 21:45:00,0.0,-0.004103899,lstm
2020-11-04 21:45:00,0.0,-0.0022718161,lstm
2020-11-04 21:45:00,0.0,0.00034411252,lstm
2020-11-04 22:00:00,0.0,-0.0022813976,lstm
2020-11-04 22:00:00,0.0,-0.004074171,lstm
2020-11-04 22:00:00,0.0,-0.0022480637,lstm
2020-11-04 22:00:00,0.0,0.00039824843,lstm
2020-11-04 22:15:00,0.0,-0.0022884756,lstm
2020-11-04 22:15:00,0.0,-0.004042819,lstm
2020-11-04 22:15:00,0.0,-0.002213195,lstm
2020-11-04 22:15:00,0.0,0.00044080615,lstm
2020-11-04 22:30:00,0.0,-0.0022871941,lstm
2020-11-04 22:30:00,0.0,-0.0040109605,lstm
2020-11-04 22:30:00,0.0,-0.002181083,lstm
2020-11-04 22:30:00,0.0,0.00047306716,lstm
2020-11-04 22:45:00,0.0,-0.0023484677,lstm
2020-11-04 22:45:00,0.0,-0.004038051,lstm
2020-11-04 22:45:00,0.0,-0.002282098,lstm
2020-11-04 22:45:00,0.0,0.00044679642,lstm
2020-11-04 23:00:00,0.0,-0.0023386478,lstm
2020-11-04 23:00:00,0.0,-0.0039798617,lstm
2020-11-04 23:00:00,0.0,-0.0022380203,lstm
2020-11-04 23:00:00,0.0,0.00050510466,lstm
2020-11-04 23:15:00,0.0,-0.0023270696,lstm
2020-11-04 23:15:00,0.0,-0.0039409846,lstm
2020-11-04 23:15:00,0.0,-0.0021995306,lstm
2020-11-04 23:15:00,0.0,0.0005425662,lstm
2020-11-04 23:30:00,0.0,-0.0023162067,lstm
2020-11-04 23:30:00,0.0,-0.0039053708,lstm
2020-11-04 23:30:00,0.0,-0.0021626502,lstm
2020-11-04 23:30:00,0.0,0.0005738437,lstm
2020-11-04 23:45:00,0.0,-0.0023711473,lstm
2020-11-04 23:45:00,0.0,-0.003911227,lstm
2020-11-04 23:45:00,0.0,-0.0022428185,lstm
2020-11-04 23:45:00,0.0,0.00054425,lstm
2020-11-05 00:00:00,0.0,-0.0023440272,lstm
2020-11-05 00:00:00,0.0,-0.0038487017,lstm
2020-11-05 00:00:00,0.0,-0.0021895468,lstm
2020-11-05 00:00:00,0.0,0.0005874485,lstm
2020-11-05 00:15:00,0.0,-0.0023211688,lstm
2020-11-05 00:15:00,0.0,-0.0038100332,lstm
2020-11-05 00:15:00,0.0,-0.0021560937,lstm
2020-11-05 00:15:00,0.0,0.0006079674,lstm
2020-11-05 00:30:00,0.0,-0.0023026913,lstm
2020-11-05 00:30:00,0.0,-0.0037816465,lstm
2020-11-05 00:30:00,0.0,-0.002135232,lstm
2020-11-05 00:30:00,0.0,0.0006213039,lstm
2020-11-05 00:45:00,0.0,-0.0023352206,lstm
2020-11-05 00:45:00,0.0,-0.0037727803,lstm
2020-11-05 00:45:00,0.0,-0.0022145808,lstm
2020-11-05 00:45:00,0.0,0.00057697296,lstm
2020-11-05 01:00:00,0.0,-0.0022895634,lstm
2020-11-05 01:00:00,0.0,-0.0037055165,lstm
2020-11-05 01:00:00,0.0,-0.0021545738,lstm
2020-11-05 01:00:00,0.0,0.00061254203,lstm
2020-11-05 01:15:00,0.0,-0.0022598207,lstm
2020-11-05 01:15:00,0.0,-0.0036710948,lstm
2020-11-05 01:15:00,0.0,-0.0021200627,lstm
2020-11-05 01:15:00,0.0,0.00062435865,lstm
2020-11-05 01:30:00,0.0,-0.0022412986,lstm
2020-11-05 01:30:00,0.0,-0.0036575198,lstm
2020-11-05 01:30:00,0.0,-0.0021095872,lstm
2020-11-05 01:30:00,0.0,0.0006226301,lstm
2020-11-05 01:45:00,0.0,-0.0022680312,lstm
2020-11-05 01:45:00,0.0,-0.0036621243,lstm
2020-11-05 01:45:00,0.0,-0.0022002608,lstm
2020-11-05 01:45:00,0.0,0.0005465001,lstm
2020-11-05 02:00:00,0.0,-0.0022092909,lstm
2020-11-05 02:00:00,0.0,-0.0035869628,lstm
2020-11-05 02:00:00,0.0,-0.002141565,lstm
2020-11-05 02:00:00,0.0,0.00056652725,lstm
2020-11-05 02:15:00,0.0,-0.002176106,lstm
2020-11-05 02:15:00,0.0,-0.0035641044,lstm
2020-11-05 02:15:00,0.0,-0.002110213,lstm
2020-11-05 02:15:00,0.0,0.00057365,lstm
2020-11-05 02:30:00,0.0,-0.0021576434,lstm
2020-11-05 02:30:00,0.0,-0.0035548508,lstm
2020-11-05 02:30:00,0.0,-0.0021041036,lstm
2020-11-05 02:30:00,0.0,0.0005605817,lstm
2020-11-05 02:45:00,0.0,-0.0021720082,lstm
2020-11-05 02:45:00,0.0,-0.0035455227,lstm
2020-11-05 02:45:00,0.0,-0.002164349,lstm
2020-11-05 02:45:00,0.0,0.00048671663,lstm
2020-11-05 03:00:00,0.0,-0.0021181405,lstm
2020-11-05 03:00:00,0.0,-0.003500402,lstm
2020-11-05 03:00:00,0.0,-0.0021279454,lstm
2020-11-05 03:00:00,0.0,0.00047191978,lstm
2020-11-05 03:15:00,0.0,-0.0020736307,lstm
2020-11-05 03:15:00,0.0,-0.0034843832,lstm
2020-11-05 03:15:00,0.0,-0.0021303147,lstm
2020-11-05 03:15:00,0.0,0.0004364401,lstm
2020-11-05 03:30:00,0.0,-0.0020466,lstm
2020-11-05 03:30:00,0.0,-0.0034795254,lstm
2020-11-05 03:30:00,0.0,-0.002131164,lstm
2020-11-05 03:30:00,0.0,0.00042055547,lstm
2020-11-05 03:45:00,0.0,-0.0020488948,lstm
2020-11-05 03:45:00,0.0,-0.0034717917,lstm
2020-11-05 03:45:00,0.0,-0.0021814853,lstm
2020-11-05 03:45:00,0.0,0.00033338368,lstm
2020-11-05 04:00:00,0.0,-0.0019960552,lstm
2020-11-05 04:00:00,0.0,-0.0034493655,lstm
2020-11-05 04:00:00,0.0,-0.0021619648,lstm
2020-11-05 04:00:00,0.0,0.00029726326,lstm
2020-11-05 04:15:00,0.0,-0.0019616485,lstm
2020-11-05 04:15:00,0.0,-0.0034561604,lstm
2020-11-05 04:15:00,0.0,-0.0021698177,lstm
2020-11-05 04:15:00,0.0,0.00026088953,lstm
2020-11-05 04:30:00,0.0,-0.0019423366,lstm
2020-11-05 04:30:00,0.0,-0.0034720749,lstm
2020-11-05 04:30:00,0.0,-0.0021912903,lstm
2020-11-05 04:30:00,0.0,0.00022526085,lstm
2020-11-05 04:45:00,0.0,-0.0019622147,lstm
2020-11-05 04:45:00,0.0,-0.0034926683,lstm
2020-11-05 04:45:00,0.0,-0.0022305697,lstm
2020-11-05 04:45:00,0.0,0.00015206635,lstm
2020-11-05 05:00:00,0.0,-0.0019402504,lstm
2020-11-05 05:00:00,0.0,-0.0035179108,lstm
2020-11-05 05:00:00,0.0,-0.0022442043,lstm
2020-11-05 05:00:00,0.0,9.275973e-05,lstm
2020-11-05 05:15:00,0.0,-0.0019352287,lstm
2020-11-05 05:15:00,0.0,-0.0035725236,lstm
2020-11-05 05:15:00,0.0,-0.0022703558,lstm
2020-11-05 05:15:00,0.0,5.094707e-05,lstm
2020-11-05 05:30:00,0.0,-0.0019364059,lstm
2020-11-05 05:30:00,0.0,-0.0036376417,lstm
2020-11-05 05:30:00,0.0,-0.0023398548,lstm
2020-11-05 05:30:00,0.0,-2.3066998e-05,lstm
2020-11-05 05:45:00,0.0,-0.0019671172,lstm
2020-11-05 05:45:00,0.0,-0.003695026,lstm
2020-11-05 05:45:00,0.0,-0.0024127513,lstm
2020-11-05 05:45:00,0.0,-0.000112727284,lstm
2020-11-05 06:00:00,0.0,-0.001926139,lstm
2020-11-05 06:00:00,0.0,-0.0037533343,lstm
2020-11-05 06:00:00,0.0,-0.002503097,lstm
2020-11-05 06:00:00,0.0,-0.00021474063,lstm
2020-11-05 06:15:00,0.0,-0.0018787086,lstm
2020-11-05 06:15:00,0.0,-0.0038016737,lstm
2020-11-05 06:15:00,0.0,-0.002553925,lstm
2020-11-05 06:15:00,0.0,-0.00024463236,lstm
2020-11-05 06:30:00,0.0,-0.001879096,lstm
2020-11-05 06:30:00,0.0,-0.0038693398,lstm
2020-11-05 06:30:00,0.0,-0.0025710166,lstm
2020-11-05 06:30:00,0.0,-0.00024440885,lstm
2020-11-05 06:45:00,0.0,-0.001944527,lstm
2020-11-05 06:45:00,0.0,-0.0039593726,lstm
2020-11-05 06:45:00,0.0,-0.0025809258,lstm
2020-11-05 06:45:00,0.0,-0.00024801493,lstm
2020-11-05 07:00:00,0.0,-0.0019966215,lstm
2020-11-05 07:00:00,0.0,-0.004101202,lstm
2020-11-05 07:00:00,0.0,-0.0026022643,lstm
2020-11-05 07:00:00,0.0,-0.00022529066,lstm
2020-11-05 07:15:00,0.0,-0.0020070523,lstm
2020-11-05 07:15:00,0.0,-0.004247412,lstm
2020-11-05 07:15:00,0.0,-0.0026318878,lstm
2020-11-05 07:15:00,0.0,-0.00016595423,lstm
2020-11-05 07:30:00,0.0,-0.0019784868,lstm
2020-11-05 07:30:00,0.0,-0.004396096,lstm
2020-11-05 07:30:00,0.0,-0.0026770234,lstm
2020-11-05 07:30:00,0.0,-7.4252486e-05,lstm
2020-11-05 07:45:00,0.0,-0.001976177,lstm
2020-11-05 07:45:00,0.0,-0.0045140684,lstm
2020-11-05 07:45:00,0.0,-0.0025923997,lstm
2020-11-05 07:45:00,0.0,0.000236094,lstm
2020-11-05 08:00:00,0.0,-0.0019039065,lstm
2020-11-05 08:00:00,0.0,-0.0046797395,lstm
2020-11-05 08:00:00,0.0,-0.0024513602,lstm
2020-11-05 08:00:00,0.0,0.0008209944,lstm
2020-11-05 08:15:00,0.0,-0.0016899556,lstm
2020-11-05 08:15:00,0.0,-0.0047836453,lstm
2020-11-05 08:15:00,0.0,-0.0018848926,lstm
2020-11-05 08:15:00,0.0018000007,0.0024646819,lstm
2020-11-05 08:30:00,0.0,-0.0011681616,lstm
2020-11-05 08:30:00,0.0,-0.0043266565,lstm
2020-11-05 08:30:00,0.0018000007,0.0008866787,lstm
2020-11-05 08:30:00,0.0051999986,0.009295672,lstm
2020-11-05 08:45:00,0.0,-0.0010649264,lstm
2020-11-05 08:45:00,0.0018000007,-0.0006277412,lstm
2020-11-05 08:45:00,0.0051999986,0.01148884,lstm
2020-11-05 08:45:00,0.015000001,0.032805547,lstm
2020-11-05 09:00:00,0.0018000007,0.00048980117,lstm
2020-11-05 09:00:00,0.0051999986,0.019517258,lstm
2020-11-05 09:00:00,0.015000001,0.05402015,lstm
2020-11-05 09:00:00,0.0678,0.109478034,lstm
2020-11-05 09:15:00,0.0051999986,0.008389041,lstm
2020-11-05 09:15:00,0.015000001,0.044677585,lstm
2020-11-05 09:15:00,0.0678,0.10272691,lstm
2020-11-05 09:15:00,0.1714,0.17914757,lstm
2020-11-05 09:30:00,0.015000001,0.01345183,lstm
2020-11-05 09:30:00,0.0678,0.048443288,lstm
2020-11-05 09:30:00,0.1714,0.11006868,lstm
2020-11-05 09:30:00,0.219,0.17329854,lstm
2020-11-05 09:45:00,0.0678,0.033840194,lstm
2020-11-05 09:45:00,0.1714,0.07687181,lstm
2020-11-05 09:45:00,0.219,0.13838008,lstm
2020-11-05 09:45:00,0.3562,0.19336767,lstm
2020-11-05 10:00:00,0.1714,0.13597599,lstm
2020-11-05 10:00:00,0.219,0.19116785,lstm
2020-11-05 10:00:00,0.3562,0.25154907,lstm
2020-11-05 10:00:00,0.353,0.29667294,lstm
2020-11-05 10:15:00,0.219,0.2487976,lstm
2020-11-05 10:15:00,0.3562,0.29923877,lstm
2020-11-05 10:15:00,0.353,0.35255206,lstm
2020-11-05 10:15:00,0.3374,0.40228212,lstm
2020-11-05 10:30:00,0.3562,0.2667826,lstm
2020-11-05 10:30:00,0.353,0.31943953,lstm
2020-11-05 10:30:00,0.33739996,0.361673,lstm
2020-11-05 10:30:00,0.283,0.4206938,lstm
2020-11-05 10:45:00,0.353,0.38987756,lstm
2020-11-05 10:45:00,0.3374,0.43068027,lstm
2020-11-05 10:45:00,0.283,0.4732116,lstm
2020-11-05 10:45:00,0.2634,0.52977407,lstm
2020-11-05 11:00:00,0.3374,0.3996702,lstm
2020-11-05 11:00:00,0.283,0.45250943,lstm
2020-11-05 11:00:00,0.2634,0.49263203,lstm
2020-11-05 11:00:00,0.2384,0.53849036,lstm
2020-11-05 11:15:00,0.283,0.42051578,lstm
2020-11-05 11:15:00,0.2634,0.4662088,lstm
2020-11-05 11:15:00,0.2384,0.5006146,lstm
2020-11-05 11:15:00,0.1848,0.5293045,lstm
2020-11-05 11:30:00,0.2634,0.33479834,lstm
2020-11-05 11:30:00,0.2384,0.3622095,lstm
2020-11-05 11:30:00,0.1848,0.38265166,lstm
2020-11-05 11:30:00,0.1724,0.39568958,lstm
2020-11-05 11:45:00,0.2384,0.28363264,lstm
2020-11-05 11:45:00,0.1848,0.29010463,lstm
2020-11-05 11:45:00,0.1724,0.30238533,lstm
2020-11-05 11:45:00,0.1658,0.31521627,lstm
2020-11-05 12:00:00,0.1848,0.23897502,lstm
2020-11-05 12:00:00,0.1724,0.24319214,lstm
2020-11-05 12:00:00,0.1658,0.2476554,lstm
2020-11-05 12:00:00,0.1494,0.26044244,lstm
2020-11-05 12:15:00,0.1724,0.17130548,lstm
2020-11-05 12:15:00,0.1658,0.17170279,lstm
2020-11-05 12:15:00,0.1494,0.16932666,lstm
2020-11-05 12:15:00,0.1508,0.17824312,lstm
2020-11-05 12:30:00,0.1658,0.15564464,lstm
2020-11-05 12:30:00,0.1494,0.1624065,lstm
2020-11-05 12:30:00,0.1508,0.15818417,lstm
2020-11-05 12:30:00,0.1244,0.16493678,lstm
2020-11-05 12:45:00,0.1494,0.13718039,lstm
2020-11-05 12:45:00,0.1508,0.15233466,lstm
2020-11-05 12:45:00,0.1244,0.1481207,lstm
2020-11-05 12:45:00,0.1044,0.15083557,lstm
2020-11-05 13:00:00,0.1508,0.11477698,lstm
2020-11-05 13:00:00,0.1244,0.1307367,lstm
2020-11-05 13:00:00,0.1044,0.12559587,lstm
2020-11-05 13:00:00,0.104200006,0.12441627,lstm
2020-11-05 13:15:00,0.1244,0.111924805,lstm
2020-11-05 13:15:00,0.1044,0.12507728,lstm
2020-11-05 13:15:00,0.1042,0.118885554,lstm
2020-11-05 13:15:00,0.104200006,0.11814007,lstm
2020-11-05 13:30:00,0.1044,0.09577343,lstm
2020-11-05 13:30:00,0.1042,0.100437514,lstm
2020-11-05 13:30:00,0.1042,0.0952138,lstm
2020-11-05 13:30:00,0.102800004,0.089617364,lstm
2020-11-05 13:45:00,0.1042,0.0934179,lstm
2020-11-05 13:45:00,0.1042,0.09374805,lstm
2020-11-05 13:45:00,0.1028,0.08902385,lstm
2020-11-05 13:45:00,0.1024,0.081594996,lstm
2020-11-05 14:00:00,0.1042,0.10007515,lstm
2020-11-05 14:00:00,0.1028,0.097950414,lstm
2020-11-05 14:00:00,0.1024,0.09479419,lstm
2020-11-05 14:00:00,0.1024,0.08755607,lstm
2020-11-05 14:15:00,0.1028,0.1022053,lstm
2020-11-05 14:15:00,0.1024,0.09445351,lstm
2020-11-05 14:15:00,0.1024,0.09287341,lstm
2020-11-05 14:15:00,0.1022,0.0807854,lstm
2020-11-05 14:30:00,0.1024,0.10560409,lstm
2020-11-05 14:30:00,0.1024,0.09394086,lstm
2020-11-05 14:30:00,0.1022,0.09628063,lstm
2020-11-05 14:30:00,0.1018,0.08130451,lstm
2020-11-05 14:45:00,0.1024,0.121811405,lstm
2020-11-05 14:45:00,0.10220001,0.10814137,lstm
2020-11-05 14:45:00,0.1018,0.11529127,lstm
2020-11-05 14:45:00,0.1012,0.0974732,lstm
2020-11-05 15:00:00,0.1022,0.1530648,lstm
2020-11-05 15:00:00,0.1018,0.13735354,lstm
2020-11-05 15:00:00,0.1012,0.14585592,lstm
2020-11-05 15:00:00,0.0998,0.12767215,lstm
2020-11-05 15:15:00,0.1018,0.19201699,lstm
2020-11-05 15:15:00,0.1012,0.1740147,lstm
2020-11-05 15:15:00,0.0998,0.17991364,lstm
2020-11-05 15:15:00,0.099,0.16244386,lstm
2020-11-05 15:30:00,0.1012,0.22175239,lstm
2020-11-05 15:30:00,0.0998,0.2052841,lstm
2020-11-05 15:30:00,0.099,0.20402317,lstm
2020-11-05 15:30:00,0.0994,0.19281739,lstm
2020-11-05 15:45:00,0.0998,0.25230646,lstm
2020-11-05 15:45:00,0.09900001,0.23853445,lstm
2020-11-05 15:45:00,0.0994,0.23220369,lstm
2020-11-05 15:45:00,0.1016,0.22195022,lstm
2020-11-05 16:00:00,0.099,0.23316756,lstm
2020-11-05 16:00:00,0.0994,0.22159147,lstm
2020-11-05 16:00:00,0.1016,0.22003083,lstm
2020-11-05 16:00:00,0.1002,0.20867078,lstm
2020-11-05 16:15:00,0.0994,0.1869512,lstm
2020-11-05 16:15:00,0.1016,0.18052526,lstm
2020-11-05 16:15:00,0.1002,0.18548235,lstm
2020-11-05 16:15:00,0.09860001,0.17970526,lstm
2020-11-05 16:30:00,0.1016,0.22758324,lstm
2020-11-05 16:30:00,0.1002,0.24003482,lstm
2020-11-05 16:30:00,0.0986,0.24361828,lstm
2020-11-05 16:30:00,0.0982,0.23638375,lstm
2020-11-05 16:45:00,0.1002,0.25666735,lstm
2020-11-05 16:45:00,0.0986,0.26828855,lstm
2020-11-05 16:45:00,0.09820001,0.25742632,lstm
2020-11-05 16:45:00,0.098,0.24131173,lstm
2020-11-05 17:00:00,0.0986,0.2885114,lstm
2020-11-05 17:00:00,0.09820001,0.28246987,lstm
2020-11-05 17:00:00,0.098,0.24963191,lstm
2020-11-05 17:00:00,0.1365,0.21523264,lstm
2020-11-05 17:15:00,0.0982,0.30431458,lstm
2020-11-05 17:15:00,0.098,0.26650473,lstm
2020-11-05 17:15:00,0.1365,0.21042082,lstm
2020-11-05 17:15:00,0.175,0.15623227,lstm
2020-11-05 17:30:00,0.098,0.30466837,lstm
2020-11-05 17:30:00,0.1365,0.24388695,lstm
2020-11-05 17:30:00,0.175,0.1752326,lstm
2020-11-05 17:30:00,0.0976,0.11416264,lstm
2020-11-05 17:45:00,0.1365,0.28678718,lstm
2020-11-05 17:45:00,0.175,0.21207155,lstm
2020-11-05 17:45:00,0.09759999,0.13817394,lstm
2020-11-05 17:45:00,0.0388,0.07522167,lstm
2020-11-05 18:00:00,0.175,0.21535504,lstm
2020-11-05 18:00:00,0.0976,0.15195979,lstm
2020-11-05 18:00:00,0.0388,0.07977589,lstm
2020-11-05 18:00:00,0.008599997,0.03067416,lstm
2020-11-05 18:15:00,0.0976,0.14341867,lstm
2020-11-05 18:15:00,0.0388,0.10389072,lstm
2020-11-05 18:15:00,0.008599997,0.037577093,lstm
2020-11-05 18:15:00,0.0,0.0095760375,lstm
2020-11-05 18:30:00,0.0388,0.07209383,lstm
2020-11-05 18:30:00,0.008599997,0.04174882,lstm
2020-11-05 18:30:00,0.0,0.0032134652,lstm
2020-11-05 18:30:00,0.0,-0.0022531152,lstm
2020-11-05 18:45:00,0.008599997,0.02979879,lstm
2020-11-05 18:45:00,0.0,0.008002773,lstm
2020-11-05 18:45:00,0.0,-0.007460028,lstm
2020-11-05 18:45:00,0.0,-0.0062799603,lstm
2020-11-05 19:00:00,0.0,0.011503994,lstm
2020-11-05 19:00:00,0.0,-0.0019064993,lstm
2020-11-05 19:00:00,0.0,-0.0069031417,lstm
2020-11-05 19:00:00,0.0,-0.004852429,lstm
2020-11-05 19:15:00,0.0,0.004067704,lstm
2020-11-05 19:15:00,0.0,-0.0035859197,lstm
2020-11-05 19:15:00,0.0,-0.0047459304,lstm
2020-11-05 19:15:00,0.0,-0.0025975555,lstm
2020-11-05 19:30:00,0.0,0.001038447,lstm
2020-11-05 19:30:00,0.0,-0.0037097484,lstm
2020-11-05 19:30:00,0.0,-0.0031662285,lstm
2020-11-05 19:30:00,0.0,-0.0012656152,lstm
2020-11-05 19:45:00,0.0,-0.0002645254,lstm
2020-11-05 19:45:00,0.0,-0.003782466,lstm
2020-11-05 19:45:00,0.0,-0.002526313,lstm
2020-11-05 19:45:00,0.0,-0.0007574856,lstm
2020-11-05 20:00:00,0.0,-0.0009560883,lstm
2020-11-05 20:00:00,0.0,-0.0037953556,lstm
2020-11-05 20:00:00,0.0,-0.0021900684,lstm
2020-11-05 20:00:00,0.0,-0.00043459237,lstm
2020-11-05 20:15:00,0.0,-0.0013403296,lstm
2020-11-05 20:15:00,0.0,-0.0037837923,lstm
2020-11-05 20:15:00,0.0,-0.0019842535,lstm
2020-11-05 20:15:00,0.0,-0.00021637976,lstm
2020-11-05 20:30:00,0.0,-0.0015745014,lstm
2020-11-05 20:30:00,0.0,-0.0037745088,lstm
2020-11-05 20:30:00,0.0,-0.0018461794,lstm
2020-11-05 20:30:00,0.0,-6.7189336e-05,lstm
2020-11-05 20:45:00,0.0,-0.0017603636,lstm
2020-11-05 20:45:00,0.0,-0.0038727075,lstm
2020-11-05 20:45:00,0.0,-0.0019340813,lstm
2020-11-05 20:45:00,0.0,-3.9100647e-05,lstm
2020-11-05 21:00:00,0.0,-0.0018756539,lstm
2020-11-05 21:00:00,0.0,-0.0038764924,lstm
2020-11-05 21:00:00,0.0,-0.0019049793,lstm
2020-11-05 21:00:00,0.0,6.349385e-05,lstm
2020-11-05 21:15:00,0.0,-0.0019303113,lstm
2020-11-05 21:15:00,0.0,-0.003848344,lstm
2020-11-05 21:15:00,0.0,-0.0018695444,lstm
2020-11-05 21:15:00,0.0,0.00014102459,lstm
2020-11-05 21:30:00,0.0,-0.0019663274,lstm
2020-11-05 21:30:00,0.0,-0.0038186908,lstm
2020-11-05 21:30:00,0.0,-0.0018289983,lstm
2020-11-05 21:30:00,0.0,0.00020986795,lstm
2020-11-05 21:45:00,0.0,-0.002067089,lstm
2020-11-05 21:45:00,0.0,-0.0038933307,lstm
2020-11-05 21:45:00,0.0,-0.0019647926,lstm
2020-11-05 21:45:00,0.0,0.00019583106,lstm
2020-11-05 22:00:00,0.0,-0.0021088868,lstm
2020-11-05 22:00:00,0.0,-0.003864482,lstm
2020-11-05 22:00:00,0.0,-0.0019323975,lstm
2020-11-05 22:00:00,0.0,0.00028210878,lstm
2020-11-05 22:15:00,0.0,-0.0021262914,lstm
2020-11-05 22:15:00,0.0,-0.0038271248,lstm
2020-11-05 22:15:00,0.0,-0.0018942207,lstm
2020-11-05 22:15:00,0.0,0.0003476739,lstm
2020-11-05 22:30:00,0.0,-0.002136156,lstm
2020-11-05 22:30:00,0.0,-0.00380826,lstm
2020-11-05 22:30:00,0.0,-0.0018697232,lstm
2020-11-05 22:30:00,0.0,0.00038529932,lstm
2020-11-05 22:45:00,0.0,-0.002229765,lstm
2020-11-05 22:45:00,0.0,-0.003880456,lstm
2020-11-05 22:45:00,0.0,-0.0020183623,lstm
2020-11-05 22:45:00,0.0,0.00033822656,lstm
2020-11-05 23:00:00,0.0,-0.0022266507,lstm
2020-11-05 23:00:00,0.0,-0.0038322061,lstm
2020-11-05 23:00:00,0.0,-0.001982987,lstm
2020-11-05 23:00:00,0.0,0.0004031211,lstm
2020-11-05 23:15:00,0.0,-0.0022209734,lstm
2020-11-05 23:15:00,0.0,-0.003796488,lstm
2020-11-05 23:15:00,0.0,-0.0019501597,lstm
2020-11-05 23:15:00,0.0,0.00044554472,lstm
2020-11-05 23:30:00,0.0,-0.0022251606,lstm
2020-11-05 23:30:00,0.0,-0.0037745237,lstm
2020-11-05 23:30:00,0.0,-0.0019188523,lstm
2020-11-05 23:30:00,0.0,0.00047956407,lstm
2020-11-05 23:45:00,0.0,-0.002295196,lstm
2020-11-05 23:45:00,0.0,-0.003818065,lstm
2020-11-05 23:45:00,0.0,-0.002068907,lstm
2020-11-05 23:45:00,0.0,0.00041149557,lstm
2020-11-06 00:00:00,0.0,-0.0022689402,lstm
2020-11-06 00:00:00,0.0,-0.0037624687,lstm
2020-11-06 00:00:00,0.0,-0.0020241886,lstm
2020-11-06 00:00:00,0.0,0.00046876073,lstm
2020-11-06 00:15:00,0.0,-0.0022461414,lstm
2020-11-06 00:15:00,0.0,-0.0037285239,lstm
2020-11-06 00:15:00,0.0,-0.0019952059,lstm
2020-11-06 00:15:00,0.0,0.0004912913,lstm
2020-11-06 00:30:00,0.0,-0.0022272766,lstm
2020-11-06 00:30:00,0.0,-0.0037050545,lstm
2020-11-06 00:30:00,0.0,-0.0019789785,lstm
2020-11-06 00:30:00,0.0,0.0005057752,lstm
2020-11-06 00:45:00,0.0,-0.002288863,lstm
2020-11-06 00:45:00,0.0,-0.003739208,lstm
2020-11-06 00:45:00,0.0,-0.0020896196,lstm
2020-11-06 00:45:00,0.0,0.00044307113,lstm
2020-11-06 01:00:00,0.0,-0.0022581816,lstm
2020-11-06 01:00:00,0.0,-0.0036883801,lstm
2020-11-06 01:00:00,0.0,-0.0020403266,lstm
2020-11-06 01:00:00,0.0,0.00047016144,lstm
2020-11-06 01:15:00,0.0,-0.002237916,lstm
2020-11-06 01:15:00,0.0,-0.0036676228,lstm
2020-11-06 01:15:00,0.0,-0.0020218492,lstm
2020-11-06 01:15:00,0.0,0.00046908855,lstm
2020-11-06 01:30:00,0.0,-0.0022313446,lstm
2020-11-06 01:30:00,0.0,-0.0036654472,lstm
2020-11-06 01:30:00,0.0,-0.0020127743,lstm
2020-11-06 01:30:00,0.0,0.0004685074,lstm
2020-11-06 01:45:00,0.0,-0.0022912323,lstm
2020-11-06 01:45:00,0.0,-0.0037037581,lstm
2020-11-06 01:45:00,0.0,-0.0021250844,lstm
2020-11-06 01:45:00,0.0,0.00037415326,lstm
2020-11-06 02:00:00,0.0,-0.002258271,lstm
2020-11-06 02:00:00,0.0,-0.0036606193,lstm
2020-11-06 02:00:00,0.0,-0.0020910203,lstm
2020-11-06 02:00:00,0.0,0.00037372112,lstm
2020-11-06 02:15:00,0.0,-0.0022319406,lstm
2020-11-06 02:15:00,0.0,-0.0036513358,lstm
2020-11-06 02:15:00,0.0,-0.0020940602,lstm
2020-11-06 02:15:00,0.0,0.00034856796,lstm
2020-11-06 02:30:00,0.0,-0.0022169054,lstm
2020-11-06 02:30:00,0.0,-0.0036468357,lstm
2020-11-06 02:30:00,0.0,-0.0020854622,lstm
2020-11-06 02:30:00,0.0,0.00034287572,lstm
2020-11-06 02:45:00,0.0,-0.002254501,lstm
2020-11-06 02:45:00,0.0,-0.003677696,lstm
2020-11-06 02:45:00,0.0,-0.002179101,lstm
2020-11-06 02:45:00,0.0,0.0002335459,lstm
2020-11-06 03:00:00,0.0,-0.0022141933,lstm
2020-11-06 03:00:00,0.0,-0.003657341,lstm
2020-11-06 03:00:00,0.0,-0.0021699816,lstm
2020-11-06 03:00:00,0.0,0.00019288063,lstm
2020-11-06 03:15:00,0.0,-0.002174303,lstm
2020-11-06 03:15:00,0.0,-0.0036540776,lstm
2020-11-06 03:15:00,0.0,-0.0021784306,lstm
2020-11-06 03:15:00,0.0,0.00015239418,lstm
2020-11-06 03:30:00,0.0,-0.0021478087,lstm
2020-11-06 03:30:00,0.0,-0.003657207,lstm
2020-11-06 03:30:00,0.0,-0.0021843314,lstm
2020-11-06 03:30:00,0.0,0.00012505054,lstm
2020-11-06 03:45:00,0.0,-0.0021764636,lstm
2020-11-06 03:45:00,0.0,-0.0036918223,lstm
2020-11-06 03:45:00,0.0,-0.0022499114,lstm
2020-11-06 03:45:00,0.0,2.142787e-05,lstm
2020-11-06 04:00:00,0.0,-0.002148524,lstm
2020-11-06 04:00:00,0.0,-0.003699109,lstm
2020-11-06 04:00:00,0.0,-0.0022572875,lstm
2020-11-06 04:00:00,0.0,-4.9114227e-05,lstm
2020-11-06 04:15:00,0.0,-0.0021187365,lstm
2020-11-06 04:15:00,0.0,-0.0037244707,lstm
2020-11-06 04:15:00,0.0,-0.0022839904,lstm
2020-11-06 04:15:00,0.0,-0.00011225045,lstm
2020-11-06 04:30:00,0.0,-0.002096936,lstm
2020-11-06 04:30:00,0.0,-0.0037524104,lstm
2020-11-06 04:30:00,0.0,-0.0023195446,lstm
2020-11-06 04:30:00,0.0,-0.00016577542,lstm
2020-11-06 04:45:00,0.0,-0.0021313876,lstm
2020-11-06 04:45:00,0.0,-0.0037993044,lstm
2020-11-06 04:45:00,0.0,-0.0023705065,lstm
2020-11-06 04:45:00,0.0,-0.0002631545,lstm
2020-11-06 05:00:00,0.0,-0.0021215677,lstm
2020-11-06 05:00:00,0.0,-0.0038540512,lstm
2020-11-06 05:00:00,0.0,-0.002418965,lstm
2020-11-06 05:00:00,0.0,-0.00036640465,lstm
2020-11-06 05:15:00,0.0,-0.0020953864,lstm
2020-11-06 05:15:00,0.0,-0.0039084703,lstm
2020-11-06 05:15:00,0.0,-0.0024784356,lstm
2020-11-06 05:15:00,0.0,-0.0004440844,lstm
2020-11-06 05:30:00,0.0,-0.0020685643,lstm
2020-11-06 05:30:00,0.0,-0.0039575845,lstm
2020-11-06 05:30:00,0.0,-0.0025275797,lstm
2020-11-06 05:30:00,0.0,-0.0004993379,lstm
2020-11-06 05:45:00,0.0,-0.002100572,lstm
2020-11-06 05:45:00,0.0,-0.004022211,lstm
2020-11-06 05:45:00,0.0,-0.0025804043,lstm
2020-11-06 05:45:00,0.0,-0.00057677925,lstm
2020-11-06 06:00:00,0.0,-0.0021027178,lstm
2020-11-06 06:00:00,0.0,-0.004112765,lstm
2020-11-06 06:00:00,0.0,-0.0026423484,lstm
2020-11-06 06:00:00,0.0,-0.0006547719,lstm
2020-11-06 06:15:00,0.0,-0.0020836592,lstm
2020-11-06 06:15:00,0.0,-0.004199058,lstm
2020-11-06 06:15:00,0.0,-0.002707824,lstm
2020-11-06 06:15:00,0.0,-0.0007005483,lstm
2020-11-06 06:30:00,0.0,-0.0020423979,lstm
2020-11-06 06:30:00,0.0,-0.0042760223,lstm
2020-11-06 06:30:00,0.0,-0.0027893037,lstm
2020-11-06 06:30:00,0.0,-0.0007467717,lstm
2020-11-06 06:45:00,0.0,-0.0020666867,lstm
2020-11-06 06:45:00,0.0,-0.0043499023,lstm
2020-11-06 06:45:00,0.0,-0.0028086454,lstm
2020-11-06 06:45:00,0.0,-0.0007185191,lstm
2020-11-06 07:00:00,0.0,-0.0020872355,lstm
2020-11-06 07:00:00,0.0,-0.0044819564,lstm
2020-11-06 07:00:00,0.0,-0.0028603822,lstm
2020-11-06 07:00:00,0.0,-0.00069761276,lstm
2020-11-06 07:15:00,0.0,-0.0020547062,lstm
2020-11-06 07:15:00,0.0,-0.004606962,lstm
2020-11-06 07:15:00,0.0,-0.0029157698,lstm
2020-11-06 07:15:00,0.0,-0.00062562525,lstm
2020-11-06 07:30:00,0.0,-0.0019918978,lstm
2020-11-06 07:30:00,0.0,-0.0047260076,lstm
2020-11-06 07:30:00,0.0,-0.0029654503,lstm
2020-11-06 07:30:00,0.0,-0.00051125884,lstm
2020-11-06 07:45:00,0.0,-0.0019602478,lstm
2020-11-06 07:45:00,0.0,-0.0048024654,lstm
2020-11-06 07:45:00,0.0,-0.0028796792,lstm
2020-11-06 07:45:00,0.0,-0.00017170608,lstm
2020-11-06 08:00:00,0.0,-0.0019090921,lstm
2020-11-06 08:00:00,0.0,-0.0049560815,lstm
2020-11-06 08:00:00,0.0,-0.002766937,lstm
2020-11-06 08:00:00,0.0,0.00037260354,lstm
2020-11-06 08:15:00,0.0,-0.0017350614,lstm
2020-11-06 08:15:00,0.0,-0.005128488,lstm
2020-11-06 08:15:00,0.0,-0.0025165975,lstm
2020-11-06 08:15:00,0.0069999993,0.0015168935,lstm
2020-11-06 08:30:00,0.0,-0.0013252348,lstm
2020-11-06 08:30:00,0.0,-0.0051828623,lstm
2020-11-06 08:30:00,0.0069999993,-0.0012821555,lstm
2020-11-06 08:30:00,0.0308,0.005458012,lstm
2020-11-06 08:45:00,0.0,-0.0010490566,lstm
2020-11-06 08:45:00,0.0069999993,-0.003841281,lstm
2020-11-06 08:45:00,0.0308,0.0040082783,lstm
2020-11-06 08:45:00,0.0988,0.018800437,lstm
2020-11-06 09:00:00,0.0069999993,-0.0012301356,lstm
2020-11-06 09:00:00,0.0308,0.007595569,lstm
2020-11-06 09:00:00,0.0988,0.031030133,lstm
2020-11-06 09:00:00,0.2008,0.07317213,lstm
2020-11-06 09:15:00,0.0308,0.019161224,lstm
2020-11-06 09:15:00,0.0988,0.06029859,lstm
2020-11-06 09:15:00,0.2008,0.12456475,lstm
2020-11-06 09:15:00,0.2928,0.2068723,lstm
2020-11-06 09:30:00,0.0988,0.06954042,lstm
2020-11-06 09:30:00,0.2008,0.1341728,lstm
2020-11-06 09:30:00,0.2928,0.22470486,lstm
2020-11-06 09:30:00,0.3696,0.30435452,lstm
2020-11-06 09:45:00,0.2008,0.18665515,lstm
2020-11-06 09:45:00,0.2928,0.27242798,lstm
2020-11-06 09:45:00,0.3696,0.3697597,lstm
2020-11-06 09:45:00,0.43,0.43967524,lstm
2020-11-06 10:00:00,0.2928,0.29454762,lstm
2020-11-06 10:00:00,0.3696,0.37235558,lstm
2020-11-06 10:00:00,0.43,0.44008276,lstm
2020-11-06 10:00:00,0.48720002,0.50967485,lstm
2020-11-06 10:15:00,0.3696,0.3614846,lstm
2020-11-06 10:15:00,0.43,0.42809123,lstm
2020-11-06 10:15:00,0.48720002,0.47917038,lstm
2020-11-06 10:15:00,0.5076,0.54903144,lstm
2020-11-06 10:30:00,0.43,0.42571545,lstm
2020-11-06 10:30:00,0.4872,0.48376033,lstm
2020-11-06 10:30:00,0.50759995,0.5338455,lstm
2020-11-06 10:30:00,0.3338,0.5935487,lstm
2020-11-06 10:45:00,0.4872,0.4910791,lstm
2020-11-06 10:45:00,0.50759995,0.539395,lstm
2020-11-06 10:45:00,0.3338,0.58822334,lstm
2020-11-06 10:45:00,0.2626,0.62989753,lstm
2020-11-06 11:00:00,0.5076,0.55696,lstm
2020-11-06 11:00:00,0.3338,0.5927094,lstm
2020-11-06 11:00:00,0.2626,0.6364178,lstm
2020-11-06 11:00:00,0.2076,0.6641411,lstm
2020-11-06 11:15:00,0.3338,0.5859045,lstm
2020-11-06 11:15:00,0.2626,0.61538553,lstm
2020-11-06 11:15:00,0.2076,0.6486556,lstm
2020-11-06 11:15:00,0.194,0.6685907,lstm
2020-11-06 11:30:00,0.2626,0.37316623,lstm
2020-11-06 11:30:00,0.2076,0.39881054,lstm
2020-11-06 11:30:00,0.194,0.4093628,lstm
2020-11-06 11:30:00,0.1938,0.4064421,lstm
2020-11-06 11:45:00,0.2076,0.24159728,lstm
2020-11-06 11:45:00,0.194,0.242443,lstm
2020-11-06 11:45:00,0.1938,0.25128055,lstm
2020-11-06 11:45:00,0.1964,0.2629546,lstm
2020-11-06 12:00:00,0.194,0.16054131,lstm
2020-11-06 12:00:00,0.1938,0.1544438,lstm
2020-11-06 12:00:00,0.1964,0.15474361,lstm
2020-11-06 12:00:00,0.1982,0.16813968,lstm
2020-11-06 12:15:00,0.1938,0.14275995,lstm
2020-11-06 12:15:00,0.1964,0.14872842,lstm
2020-11-06 12:15:00,0.1982,0.13792667,lstm
2020-11-06 12:15:00,0.1996,0.14890826,lstm
2020-11-06 12:30:00,0.1964,0.122860014,lstm
2020-11-06 12:30:00,0.1982,0.14219324,lstm
2020-11-06 12:30:00,0.1996,0.124490075,lstm
2020-11-06 12:30:00,0.2002,0.13504425,lstm
2020-11-06 12:45:00,0.1982,0.10407116,lstm
2020-11-06 12:45:00,0.1996,0.12689286,lstm
2020-11-06 12:45:00,0.2002,0.105816826,lstm
2020-11-06 12:45:00,0.2006,0.11419282,lstm
2020-11-06 13:00:00,0.1996,0.08886667,lstm
2020-11-06 13:00:00,0.2002,0.1081948,lstm
2020-11-06 13:00:00,0.2006,0.08614423,lstm
2020-11-06 13:00:00,0.201,0.0888272,lstm
2020-11-06 13:15:00,0.2002,0.07688673,lstm
2020-11-06 13:15:00,0.2006,0.0901398,lstm
2020-11-06 13:15:00,0.201,0.067711264,lstm
2020-11-06 13:15:00,0.201,0.064123005,lstm
2020-11-06 13:30:00,0.2006,0.067668766,lstm
2020-11-06 13:30:00,0.201,0.074625224,lstm
2020-11-06 13:30:00,0.201,0.05286707,lstm
2020-11-06 13:30:00,0.1999,0.04407181,lstm
2020-11-06 13:45:00,0.201,0.06135398,lstm
2020-11-06 13:45:00,0.201,0.06416161,lstm
2020-11-06 13:45:00,0.1999,0.04475437,lstm
2020-11-06 13:45:00,0.1988,0.03231089,lstm
2020-11-06 14:00:00,0.201,0.05314152,lstm
2020-11-06 14:00:00,0.1999,0.052854553,lstm
2020-11-06 14:00:00,0.1988,0.039606154,lstm
2020-11-06 14:00:00,0.2014,0.023873106,lstm
2020-11-06 14:15:00,0.1999,0.042146116,lstm
2020-11-06 14:15:00,0.1988,0.040255725,lstm
2020-11-06 14:15:00,0.2014,0.035600543,lstm
2020-11-06 14:15:00,0.2024,0.017155156,lstm
2020-11-06 14:30:00,0.1988,0.034390464,lstm
2020-11-06 14:30:00,0.2014,0.031370774,lstm
2020-11-06 14:30:00,0.2024,0.03403379,lstm
2020-11-06 14:30:00,0.2018,0.0144209415,lstm
2020-11-06 14:45:00,0.2014,0.03871964,lstm
2020-11-06 14:45:00,0.2024,0.033761397,lstm
2020-11-06 14:45:00,0.2018,0.04192178,lstm
2020-11-06 14:45:00,0.2026,0.021509364,lstm
2020-11-06 15:00:00,0.2024,0.07778533,lstm
2020-11-06 15:00:00,0.2018,0.06432019,lstm
2020-11-06 15:00:00,0.2026,0.073354445,lstm
2020-11-06 15:00:00,0.2024,0.048393592,lstm
2020-11-06 15:15:00,0.2018,0.14018582,lstm
2020-11-06 15:15:00,0.2026,0.11699403,lstm
2020-11-06 15:15:00,0.2024,0.12033007,lstm
2020-11-06 15:15:00,0.2022,0.094253115,lstm
2020-11-06 15:30:00,0.2026,0.07750641,lstm
2020-11-06 15:30:00,0.2024,0.056633756,lstm
2020-11-06 15:30:00,0.2022,0.073012605,lstm
2020-11-06 15:30:00,0.2032,0.068047866,lstm
2020-11-06 15:45:00,0.2024,0.046069473,lstm
2020-11-06 15:45:00,0.2022,0.031804785,lstm
2020-11-06 15:45:00,0.2032,0.05036527,lstm
2020-11-06 15:45:00,0.204,0.054342896,lstm
2020-11-06 16:00:00,0.2022,0.038474828,lstm
2020-11-06 16:00:00,0.2032,0.031808823,lstm
2020-11-06 16:00:00,0.204,0.045703784,lstm
2020-11-06 16:00:00,0.2128,0.061727464,lstm
2020-11-06 16:15:00,0.2032,0.14207983,lstm
2020-11-06 16:15:00,0.204,0.17054178,lstm
2020-11-06 16:15:00,0.2128,0.18726058,lstm
2020-11-06 16:15:00,0.3326,0.2050535,lstm
2020-11-06 16:30:00,0.204,0.2844815,lstm
2020-11-06 16:30:00,0.2128,0.30754036,lstm
2020-11-06 16:30:00,0.3326,0.3078652,lstm
2020-11-06 16:30:00,0.3496,0.31096476,lstm
2020-11-06 16:45:00,0.2128,0.35621637,lstm
2020-11-06 16:45:00,0.3326,0.34951675,lstm
2020-11-06 16:45:00,0.3496,0.32303044,lstm
2020-11-06 16:45:00,0.2972,0.29932958,lstm
2020-11-06 17:00:00,0.3326,0.38012493,lstm
2020-11-06 17:00:00,0.3496,0.3486383,lstm
2020-11-06 17:00:00,0.2972,0.2982729,lstm
2020-11-06 17:00:00,0.2302,0.24971396,lstm
2020-11-06 17:15:00,0.3496,0.38153154,lstm
2020-11-06 17:15:00,0.2972,0.3329237,lstm
2020-11-06 17:15:00,0.2302,0.27092245,lstm
2020-11-06 17:15:00,0.1492,0.21170944,lstm
2020-11-06 17:30:00,0.2972,0.3297841,lstm
2020-11-06 17:30:00,0.2302,0.26860222,lstm
2020-11-06 17:30:00,0.1492,0.20637491,lstm
2020-11-06 17:30:00,0.0642,0.14181106,lstm
2020-11-06 17:45:00,0.2302,0.2574254,lstm
2020-11-06 17:45:00,0.1492,0.18627526,lstm
2020-11-06 17:45:00,0.0642,0.12380536,lstm
2020-11-06 17:45:00,0.023599997,0.06495398,lstm
2020-11-06 18:00:00,0.1492,0.1775609,lstm
2020-11-06 18:00:00,0.0642,0.10686434,lstm
2020-11-06 18:00:00,0.023599997,0.05790907,lstm
2020-11-06 18:00:00,0.0025999993,0.016599491,lstm
2020-11-06 18:15:00,0.0642,0.094164684,lstm
2020-11-06 18:15:00,0.023599997,0.0428904,lstm
2020-11-06 18:15:00,0.0025999993,0.014460549,lstm
2020-11-06 18:15:00,0.0,-0.00071030855,lstm
2020-11-06 18:30:00,0.023599997,0.039426327,lstm
2020-11-06 18:30:00,0.0025999993,0.009450406,lstm
2020-11-06 18:30:00,0.0,-0.004303515,lstm
2020-11-06 18:30:00,0.0,-0.0048436224,lstm
2020-11-06 18:45:00,0.0025999993,0.017592534,lstm
2020-11-06 18:45:00,0.0,4.87417e-05,lstm
2020-11-06 18:45:00,0.0,-0.00551109,lstm
2020-11-06 18:45:00,0.0,-0.00370197,lstm
2020-11-06 19:00:00,0.0,0.0074166507,lstm
2020-11-06 19:00:00,0.0,-0.0029536933,lstm
2020-11-06 19:00:00,0.0,-0.004483074,lstm
2020-11-06 19:00:00,0.0,-0.0023255348,lstm
2020-11-06 19:15:00,0.0,0.0026777089,lstm
2020-11-06 19:15:00,0.0,-0.0033788383,lstm
2020-11-06 19:15:00,0.0,-0.0031815618,lstm
2020-11-06 19:15:00,0.0,-0.0010386109,lstm
2020-11-06 19:30:00,0.0,0.00047650933,lstm
2020-11-06 19:30:00,0.0,-0.0035171956,lstm
2020-11-06 19:30:00,0.0,-0.002411902,lstm
2020-11-06 19:30:00,0.0,-0.0004493147,lstm
2020-11-06 19:45:00,0.0,-0.00058041513,lstm
2020-11-06 19:45:00,0.0,-0.0036749393,lstm
2020-11-06 19:45:00,0.0,-0.0021234602,lstm
2020-11-06 19:45:00,0.0,-0.00025179982,lstm
2020-11-06 20:00:00,0.0,-0.0011704862,lstm
2020-11-06 20:00:00,0.0,-0.0037656426,lstm
2020-11-06 20:00:00,0.0,-0.0019779205,lstm
2020-11-06 20:00:00,0.0,-0.00011463463,lstm
2020-11-06 20:15:00,0.0,-0.0014858544,lstm
2020-11-06 20:15:00,0.0,-0.0037976354,lstm
2020-11-06 20:15:00,0.0,-0.0018827915,lstm
2020-11-06 20:15:00,0.0,-1.1473894e-05,lstm
2020-11-06 20:30:00,0.0,-0.0016632974,lstm
2020-11-06 20:30:00,0.0,-0.0038095266,lstm
2020-11-06 20:30:00,0.0,-0.0018190742,lstm
2020-11-06 20:30:00,0.0,6.4745545e-05,lstm
2020-11-06 20:45:00,0.0,-0.0018047988,lstm
2020-11-06 20:45:00,0.0,-0.003903687,lstm
2020-11-06 20:45:00,0.0,-0.0019256175,lstm
2020-11-06 20:45:00,0.0,6.28978e-05,lstm
2020-11-06 21:00:00,0.0,-0.0019044727,lstm
2020-11-06 21:00:00,0.0,-0.0039138794,lstm
2020-11-06 21:00:00,0.0,-0.0019308925,lstm
2020-11-06 21:00:00,0.0,0.00013111532,lstm
2020-11-06 21:15:00,0.0,-0.001999259,lstm
2020-11-06 21:15:00,0.0,-0.003905177,lstm
2020-11-06 21:15:00,0.0,-0.001886636,lstm
2020-11-06 21:15:00,0.0,0.0002155751,lstm
2020-11-06 21:30:00,0.0,-0.002042517,lstm
2020-11-06 21:30:00,0.0,-0.0038811117,lstm
2020-11-06 21:30:00,0.0,-0.0018422604,lstm
2020-11-06 21:30:00,0.0,0.00028203428,lstm
2020-11-06 21:45:00,0.0,-0.0021263957,lstm
2020-11-06 21:45:00,0.0,-0.003950566,lstm
2020-11-06 21:45:00,0.0,-0.0019731969,lstm
2020-11-06 21:45:00,0.0,0.00025634468,lstm
2020-11-06 22:00:00,0.0,-0.0021546334,lstm
2020-11-06 22:00:00,0.0,-0.0039257705,lstm
2020-11-06 22:00:00,0.0,-0.0019603968,lstm
2020-11-06 22:00:00,0.0,0.00031763315,lstm
2020-11-06 22:15:00,0.0,-0.0021636337,lstm
2020-11-06 22:15:00,0.0,-0.0039011836,lstm
2020-11-06 22:15:00,0.0,-0.0019460171,lstm
2020-11-06 22:15:00,0.0,0.00035770237,lstm
2020-11-06 22:30:00,0.0,-0.0021651685,lstm
2020-11-06 22:30:00,0.0,-0.0038736612,lstm
2020-11-06 22:30:00,0.0,-0.0019246489,lstm
2020-11-06 22:30:00,0.0,0.0003965944,lstm
2020-11-06 22:45:00,0.0,-0.0022466183,lstm
2020-11-06 22:45:00,0.0,-0.0039334595,lstm
2020-11-06 22:45:00,0.0,-0.0020520836,lstm
2020-11-06 22:45:00,0.0,0.00036390126,lstm
2020-11-06 23:00:00,0.0,-0.0022479296,lstm
2020-11-06 23:00:00,0.0,-0.003888011,lstm
2020-11-06 23:00:00,0.0,-0.002023518,lstm
2020-11-06 23:00:00,0.0,0.00042328238,lstm
2020-11-06 23:15:00,0.0,-0.0022390485,lstm
2020-11-06 23:15:00,0.0,-0.003852144,lstm
2020-11-06 23:15:00,0.0,-0.0019989312,lstm
2020-11-06 23:15:00,0.0,0.00046379864,lstm
2020-11-06 23:30:00,0.0,-0.002229914,lstm
2020-11-06 23:30:00,0.0,-0.003817305,lstm
2020-11-06 23:30:00,0.0,-0.0019699633,lstm
2020-11-06 23:30:00,0.0,0.0005004704,lstm
2020-11-06 23:45:00,0.0,-0.0022923946,lstm
2020-11-06 23:45:00,0.0,-0.0038464665,lstm
2020-11-06 23:45:00,0.0,-0.0020811856,lstm
2020-11-06 23:45:00,0.0,0.00045727193,lstm
2020-11-07 00:00:00,0.0,-0.0022732466,lstm
2020-11-07 00:00:00,0.0,-0.0037889928,lstm
2020-11-07 00:00:00,0.0,-0.0020333976,lstm
2020-11-07 00:00:00,0.0,0.0005082339,lstm
2020-11-07 00:15:00,0.0,-0.0022578537,lstm
2020-11-07 00:15:00,0.0,-0.0037623942,lstm
2020-11-07 00:15:00,0.0,-0.0020116866,lstm
2020-11-07 00:15:00,0.0,0.0005273372,lstm
2020-11-07 00:30:00,0.0,-0.0022417605,lstm
2020-11-07 00:30:00,0.0,-0.0037335306,lstm
2020-11-07 00:30:00,0.0,-0.0019921064,lstm
2020-11-07 00:30:00,0.0,0.00054578483,lstm
2020-11-07 00:45:00,0.0,-0.0022895187,lstm
2020-11-07 00:45:00,0.0,-0.0037596226,lstm
2020-11-07 00:45:00,0.0,-0.0020916164,lstm
2020-11-07 00:45:00,0.0,0.00048610568,lstm
2020-11-07 01:00:00,0.0,-0.0022614002,lstm
2020-11-07 01:00:00,0.0,-0.0037082732,lstm
2020-11-07 01:00:00,0.0,-0.0020477325,lstm
2020-11-07 01:00:00,0.0,0.00051127374,lstm
2020-11-07 01:15:00,0.0,-0.002244696,lstm
2020-11-07 01:15:00,0.0,-0.003688693,lstm
2020-11-07 01:15:00,0.0,-0.002028063,lstm
2020-11-07 01:15:00,0.0,0.00051654875,lstm
2020-11-07 01:30:00,0.0,-0.002235517,lstm
2020-11-07 01:30:00,0.0,-0.0036775023,lstm
2020-11-07 01:30:00,0.0,-0.0020183474,lstm
2020-11-07 01:30:00,0.0,0.00051672757,lstm
2020-11-07 01:45:00,0.0,-0.0022820234,lstm
2020-11-07 01:45:00,0.0,-0.0037035793,lstm
2020-11-07 01:45:00,0.0,-0.002116844,lstm
2020-11-07 01:45:00,0.0,0.0004298985,lstm
2020-11-07 02:00:00,0.0,-0.002251953,lstm
2020-11-07 02:00:00,0.0,-0.0036630183,lstm
2020-11-07 02:00:00,0.0,-0.0020783544,lstm
2020-11-07 02:00:00,0.0,0.00043171644,lstm
2020-11-07 02:15:00,0.0,-0.0022312999,lstm
2020-11-07 02:15:00,0.0,-0.0036557764,lstm
2020-11-07 02:15:00,0.0,-0.0020742863,lstm
2020-11-07 02:15:00,0.0,0.0004106611,lstm
2020-11-07 02:30:00,0.0,-0.0022140741,lstm
2020-11-07 02:30:00,0.0,-0.0036524385,lstm
2020-11-07 02:30:00,0.0,-0.0020835698,lstm
2020-11-07 02:30:00,0.0,0.0003888011,lstm
2020-11-07 02:45:00,0.0,-0.0022456944,lstm
2020-11-07 02:45:00,0.0,-0.0036769211,lstm
2020-11-07 02:45:00,0.0,-0.0021628737,lstm
2020-11-07 02:45:00,0.0,0.00029321015,lstm
2020-11-07 03:00:00,0.0,-0.0022139698,lstm
2020-11-07 03:00:00,0.0,-0.0036548823,lstm
2020-11-07 03:00:00,0.0,-0.0021475554,lstm
2020-11-07 03:00:00,0.0,0.00025762618,lstm
2020-11-07 03:15:00,0.0,-0.0021871328,lstm
2020-11-07 03:15:00,0.0,-0.0036619455,lstm
2020-11-07 03:15:00,0.0,-0.0021544844,lstm
2020-11-07 03:15:00,0.0,0.00022028387,lstm
2020-11-07 03:30:00,0.0,-0.0021640211,lstm
2020-11-07 03:30:00,0.0,-0.0036670268,lstm
2020-11-07 03:30:00,0.0,-0.0021698475,lstm
2020-11-07 03:30:00,0.0,0.00018301606,lstm
2020-11-07 03:45:00,0.0,-0.0021897554,lstm
2020-11-07 03:45:00,0.0,-0.0037014186,lstm
2020-11-07 03:45:00,0.0,-0.0022401214,lstm
2020-11-07 03:45:00,0.0,7.374585e-05,lstm
2020-11-07 04:00:00,0.0,-0.002156198,lstm
2020-11-07 04:00:00,0.0,-0.0037048608,lstm
2020-11-07 04:00:00,0.0,-0.002251193,lstm
2020-11-07 04:00:00,0.0,1.847744e-06,lstm
2020-11-07 04:15:00,0.0,-0.0021265596,lstm
2020-11-07 04:15:00,0.0,-0.0037284493,lstm
2020-11-07 04:15:00,0.0,-0.0022678375,lstm
2020-11-07 04:15:00,0.0,-5.288422e-05,lstm
2020-11-07 04:30:00,0.0,-0.0021153837,lstm
2020-11-07 04:30:00,0.0,-0.0037644207,lstm
2020-11-07 04:30:00,0.0,-0.0023011565,lstm
2020-11-07 04:30:00,0.0,-0.00011013448,lstm
2020-11-07 04:45:00,0.0,-0.002152592,lstm
2020-11-07 04:45:00,0.0,-0.0038187504,lstm
2020-11-07 04:45:00,0.0,-0.0023575574,lstm
2020-11-07 04:45:00,0.0,-0.0002220422,lstm
2020-11-07 05:00:00,0.0,-0.002147466,lstm
2020-11-07 05:00:00,0.0,-0.0038763285,lstm
2020-11-07 05:00:00,0.0,-0.0024022162,lstm
2020-11-07 05:00:00,0.0,-0.0003270954,lstm
2020-11-07 05:15:00,0.0,-0.0021243244,lstm
2020-11-07 05:15:00,0.0,-0.0039396584,lstm
2020-11-07 05:15:00,0.0,-0.0024635345,lstm
2020-11-07 05:15:00,0.0,-0.00041510165,lstm
2020-11-07 05:30:00,0.0,-0.002103746,lstm
2020-11-07 05:30:00,0.0,-0.0039989054,lstm
2020-11-07 05:30:00,0.0,-0.002519101,lstm
2020-11-07 05:30:00,0.0,-0.00048217177,lstm
2020-11-07 05:45:00,0.0,-0.0021354407,lstm
2020-11-07 05:45:00,0.0,-0.004072547,lstm
2020-11-07 05:45:00,0.0,-0.002572164,lstm
2020-11-07 05:45:00,0.0,-0.0005734712,lstm
2020-11-07 06:00:00,0.0,-0.0021425188,lstm
2020-11-07 06:00:00,0.0,-0.004170522,lstm
2020-11-07 06:00:00,0.0,-0.0026299208,lstm
2020-11-07 06:00:00,0.0,-0.0006579906,lstm
2020-11-07 06:15:00,0.0,-0.002119854,lstm
2020-11-07 06:15:00,0.0,-0.004264593,lstm
2020-11-07 06:15:00,0.0,-0.0026943535,lstm
2020-11-07 06:15:00,0.0,-0.00071612,lstm
2020-11-07 06:30:00,0.0,-0.0020947307,lstm
2020-11-07 06:30:00,0.0,-0.0043537766,lstm
2020-11-07 06:30:00,0.0,-0.00275518,lstm
2020-11-07 06:30:00,0.0,-0.0007506609,lstm
2020-11-07 06:45:00,0.0,-0.002130419,lstm
2020-11-07 06:45:00,0.0,-0.0044433624,lstm
2020-11-07 06:45:00,0.0,-0.002762109,lstm
2020-11-07 06:45:00,0.0,-0.000724867,lstm
2020-11-07 07:00:00,0.0,-0.0021442175,lstm
2020-11-07 07:00:00,0.0,-0.0045764595,lstm
2020-11-07 07:00:00,0.0,-0.00277403,lstm
2020-11-07 07:00:00,0.0,-0.000678584,lstm
2020-11-07 07:15:00,0.0,-0.0021068454,lstm
2020-11-07 07:15:00,0.0,-0.0047085136,lstm
2020-11-07 07:15:00,0.0,-0.002809763,lstm
2020-11-07 07:15:00,0.0,-0.0005905628,lstm
2020-11-07 07:30:00,0.0,-0.00203681,lstm
2020-11-07 07:30:00,0.0,-0.0048323423,lstm
2020-11-07 07:30:00,0.0,-0.0028237998,lstm
2020-11-07 07:30:00,0.0,-0.00044248998,lstm
2020-11-07 07:45:00,0.0,-0.0020023733,lstm
2020-11-07 07:45:00,0.0,-0.0049061626,lstm
2020-11-07 07:45:00,0.0,-0.0026570857,lstm
2020-11-07 07:45:00,0.0,-2.2053719e-05,lstm
2020-11-07 08:00:00,0.0,-0.0019311607,lstm
2020-11-07 08:00:00,0.0,-0.0050329715,lstm
2020-11-07 08:00:00,0.0,-0.0024335682,lstm
2020-11-07 08:00:00,0.0,0.0006431341,lstm
2020-11-07 08:15:00,0.0,-0.0017213672,lstm
2020-11-07 08:15:00,0.0,-0.005152583,lstm
2020-11-07 08:15:00,0.0,-0.0020464659,lstm
2020-11-07 08:15:00,0.0062000006,0.0019276589,lstm
2020-11-07 08:30:00,0.0,-0.001276657,lstm
2020-11-07 08:30:00,0.0,-0.0050702095,lstm
2020-11-07 08:30:00,0.0062000006,-0.0006392598,lstm
2020-11-07 08:30:00,0.0326,0.005883023,lstm
2020-11-07 08:45:00,0.0,-0.0008326322,lstm
2020-11-07 08:45:00,0.0062000006,-0.0035777837,lstm
2020-11-07 08:45:00,0.0326,0.004758194,lstm
2020-11-07 08:45:00,0.08180001,0.018663079,lstm
2020-11-07 09:00:00,0.0062000006,-0.0007559508,lstm
2020-11-07 09:00:00,0.032599986,0.008382291,lstm
2020-11-07 09:00:00,0.0818,0.03306468,lstm
2020-11-07 09:00:00,0.1784,0.07465238,lstm
2020-11-07 09:15:00,0.0326,0.009290993,lstm
2020-11-07 09:15:00,0.0818,0.043949038,lstm
2020-11-07 09:15:00,0.1784,0.10076601,lstm
2020-11-07 09:15:00,0.2718,0.17810822,lstm
2020-11-07 09:30:00,0.0818,0.07809994,lstm
2020-11-07 09:30:00,0.1784,0.13560621,lstm
2020-11-07 09:30:00,0.2718,0.22209503,lstm
2020-11-07 09:30:00,0.3482,0.29950508,lstm
2020-11-07 09:45:00,0.1784,0.16500324,lstm
2020-11-07 09:45:00,0.2718,0.24325109,lstm
2020-11-07 09:45:00,0.3482,0.33517036,lstm
2020-11-07 09:45:00,0.4166,0.40027618,lstm
2020-11-07 10:00:00,0.2718,0.27971393,lstm
2020-11-07 10:00:00,0.3482,0.35043532,lstm
2020-11-07 10:00:00,0.4166,0.41764587,lstm
2020-11-07 10:00:00,0.476,0.48015302,lstm
2020-11-07 10:15:00,0.34819996,0.34512943,lstm
2020-11-07 10:15:00,0.4166,0.40562466,lstm
2020-11-07 10:15:00,0.476,0.45530838,lstm
2020-11-07 10:15:00,0.5304,0.521242,lstm
2020-11-07 10:30:00,0.4166,0.40396482,lstm
2020-11-07 10:30:00,0.476,0.4584728,lstm
2020-11-07 10:30:00,0.5304,0.50604874,lstm
2020-11-07 10:30:00,0.5814,0.5667071,lstm
2020-11-07 10:45:00,0.47600004,0.47375807,lstm
2020-11-07 10:45:00,0.5304,0.5208166,lstm
2020-11-07 10:45:00,0.5814,0.5694073,lstm
2020-11-07 10:45:00,0.6272,0.6148073,lstm
2020-11-07 11:00:00,0.5304,0.5411478,lstm
2020-11-07 11:00:00,0.5814,0.5776453,lstm
2020-11-07 11:00:00,0.6272,0.6235055,lstm
2020-11-07 11:00:00,0.663,0.653932,lstm
2020-11-07 11:15:00,0.5814,0.5976328,lstm
2020-11-07 11:15:00,0.6272,0.62649286,lstm
2020-11-07 11:15:00,0.663,0.66763496,lstm
2020-11-07 11:15:00,0.6914,0.69264257,lstm
2020-11-07 11:30:00,0.6272,0.6442204,lstm
2020-11-07 11:30:00,0.663,0.66950566,lstm
2020-11-07 11:30:00,0.6914,0.70473313,lstm
2020-11-07 11:30:00,0.7266,0.7305241,lstm
2020-11-07 11:45:00,0.663,0.6833289,lstm
2020-11-07 11:45:00,0.6914,0.7072028,lstm
2020-11-07 11:45:00,0.7266,0.7355447,lstm
2020-11-07 11:45:00,0.7552,0.7633496,lstm
2020-11-07 12:00:00,0.6914,0.70795673,lstm
2020-11-07 12:00:00,0.72659993,0.73149025,lstm
2020-11-07 12:00:00,0.7552,0.7532353,lstm
2020-11-07 12:00:00,0.775,0.78074384,lstm
2020-11-07 12:15:00,0.7266,0.72415054,lstm
2020-11-07 12:15:00,0.7552,0.74565375,lstm
2020-11-07 12:15:00,0.775,0.7621305,lstm
2020-11-07 12:15:00,0.7398,0.78747386,lstm
2020-11-07 12:30:00,0.7552,0.7487573,lstm
2020-11-07 12:30:00,0.775,0.76732695,lstm
2020-11-07 12:30:00,0.7398,0.78208643,lstm
2020-11-07 12:30:00,0.6592,0.80717504,lstm
2020-11-07 12:45:00,0.775,0.7678687,lstm
2020-11-07 12:45:00,0.7398,0.78350174,lstm
2020-11-07 12:45:00,0.6592,0.79595137,lstm
2020-11-07 12:45:00,0.5948,0.8182581,lstm
2020-11-07 13:00:00,0.7398,0.78613615,lstm
2020-11-07 13:00:00,0.6592,0.796734,lstm
2020-11-07 13:00:00,0.59479994,0.8068483,lstm
2020-11-07 13:00:00,0.5614,0.82512933,lstm
2020-11-07 13:15:00,0.6592001,0.7338057,lstm
2020-11-07 13:15:00,0.5948,0.7381511,lstm
2020-11-07 13:15:00,0.5614,0.73795915,lstm
2020-11-07 13:15:00,0.5414,0.7420086,lstm
2020-11-07 13:30:00,0.5948,0.60661125,lstm
2020-11-07 13:30:00,0.5614,0.6085287,lstm
2020-11-07 13:30:00,0.5414,0.6045065,lstm
2020-11-07 13:30:00,0.49580002,0.604811,lstm
2020-11-07 13:45:00,0.5614,0.5393931,lstm
2020-11-07 13:45:00,0.5414,0.5430509,lstm
2020-11-07 13:45:00,0.49580002,0.5383209,lstm
2020-11-07 13:45:00,0.425,0.54601616,lstm
2020-11-07 14:00:00,0.5414,0.50069386,lstm
2020-11-07 14:00:00,0.4958,0.509722,lstm
2020-11-07 14:00:00,0.425,0.5178257,lstm
2020-11-07 14:00:00,0.4102,0.5339571,lstm
2020-11-07 14:15:00,0.4958,0.46825126,lstm
2020-11-07 14:15:00,0.425,0.4862956,lstm
2020-11-07 14:15:00,0.4102,0.5022074,lstm
2020-11-07 14:15:00,0.4104,0.52052563,lstm
2020-11-07 14:30:00,0.425,0.40420288,lstm
2020-11-07 14:30:00,0.4102,0.43306172,lstm
2020-11-07 14:30:00,0.4104,0.4477746,lstm
2020-11-07 14:30:00,0.4092,0.4621436,lstm
2020-11-07 14:45:00,0.4102,0.34085006,lstm
2020-11-07 14:45:00,0.4104,0.3790614,lstm
2020-11-07 14:45:00,0.4092,0.39094108,lstm
2020-11-07 14:45:00,0.421,0.4041478,lstm
2020-11-07 15:00:00,0.4104,0.33494115,lstm
2020-11-07 15:00:00,0.4092,0.37027013,lstm
2020-11-07 15:00:00,0.421,0.3849081,lstm
2020-11-07 15:00:00,0.432,0.40154648,lstm
2020-11-07 15:15:00,0.4092,0.3419273,lstm
2020-11-07 15:15:00,0.421,0.373226,lstm
2020-11-07 15:15:00,0.432,0.39008668,lstm
2020-11-07 15:15:00,0.4512,0.40656298,lstm
2020-11-07 15:30:00,0.421,0.35381275,lstm
2020-11-07 15:30:00,0.432,0.37672123,lstm
2020-11-07 15:30:00,0.4512,0.39280695,lstm
2020-11-07 15:30:00,0.48519993,0.40646553,lstm
2020-11-07 15:45:00,0.432,0.40130806,lstm
2020-11-07 15:45:00,0.4512,0.4069725,lstm
2020-11-07 15:45:00,0.4852,0.41554445,lstm
2020-11-07 15:45:00,0.5216,0.42400742,lstm
2020-11-07 16:00:00,0.4512,0.4162318,lstm
2020-11-07 16:00:00,0.48520002,0.40923917,lstm
2020-11-07 16:00:00,0.5216,0.41055822,lstm
2020-11-07 16:00:00,0.49380004,0.41275963,lstm
2020-11-07 16:15:00,0.4852,0.41322333,lstm
2020-11-07 16:15:00,0.5216,0.40225276,lstm
2020-11-07 16:15:00,0.49380004,0.39334217,lstm
2020-11-07 16:15:00,0.46100003,0.38983366,lstm
2020-11-07 16:30:00,0.5216,0.41777158,lstm
2020-11-07 16:30:00,0.4938,0.41409558,lstm
2020-11-07 16:30:00,0.46100003,0.39162457,lstm
2020-11-07 16:30:00,0.3842,0.38034523,lstm
2020-11-07 16:45:00,0.4938,0.4304744,lstm
2020-11-07 16:45:00,0.461,0.4208802,lstm
2020-11-07 16:45:00,0.3842,0.3866954,lstm
2020-11-07 16:45:00,0.3388,0.35893524,lstm
2020-11-07 17:00:00,0.461,0.394561,lstm
2020-11-07 17:00:00,0.3842,0.36797693,lstm
2020-11-07 17:00:00,0.3388,0.32691044,lstm
2020-11-07 17:00:00,0.2626,0.28284463,lstm
2020-11-07 17:15:00,0.38419998,0.37958977,lstm
2020-11-07 17:15:00,0.3388,0.322547,lstm
2020-11-07 17:15:00,0.2626,0.2600003,lstm
2020-11-07 17:15:00,0.1638,0.19294475,lstm
2020-11-07 17:30:00,0.3388,0.32393914,lstm
2020-11-07 17:30:00,0.2626,0.23917386,lstm
2020-11-07 17:30:00,0.1638,0.16484833,lstm
2020-11-07 17:30:00,0.0696,0.097146936,lstm
2020-11-07 17:45:00,0.2626,0.26261774,lstm
2020-11-07 17:45:00,0.1638,0.17345828,lstm
2020-11-07 17:45:00,0.0696,0.09834394,lstm
2020-11-07 17:45:00,0.024399996,0.045161366,lstm
2020-11-07 18:00:00,0.1638,0.16868012,lstm
2020-11-07 18:00:00,0.06959999,0.09507518,lstm
2020-11-07 18:00:00,0.024399996,0.039427742,lstm
2020-11-07 18:00:00,0.0021999925,0.013218999,lstm
2020-11-07 18:15:00,0.0696,0.07758153,lstm
2020-11-07 18:15:00,0.024399996,0.028921187,lstm
2020-11-07 18:15:00,0.0021999925,0.0011649728,lstm
2020-11-07 18:15:00,0.0,-0.0032181144,lstm
2020-11-07 18:30:00,0.02439998,0.03132613,lstm
2020-11-07 18:30:00,0.0022000074,0.0020541549,lstm
2020-11-07 18:30:00,0.0,-0.00942114,lstm
2020-11-07 18:30:00,0.0,-0.0076841116,lstm
2020-11-07 18:45:00,0.0022000074,0.018784255,lstm
2020-11-07 18:45:00,0.0,-0.0012930781,lstm
2020-11-07 18:45:00,0.0,-0.0072793067,lstm
2020-11-07 18:45:00,0.0,-0.0050730854,lstm
2020-11-07 19:00:00,0.0,0.00957948,lstm
2020-11-07 19:00:00,0.0,-0.0026812106,lstm
2020-11-07 19:00:00,0.0,-0.0049782842,lstm
2020-11-07 19:00:00,0.0,-0.0025686473,lstm
2020-11-07 19:15:00,0.0,0.0035785586,lstm
2020-11-07 19:15:00,0.0,-0.0030614883,lstm
2020-11-07 19:15:00,0.0,-0.003267631,lstm
2020-11-07 19:15:00,0.0,-0.00087986887,lstm
2020-11-07 19:30:00,0.0,0.0008625388,lstm
2020-11-07 19:30:00,0.0,-0.0032580495,lstm
2020-11-07 19:30:00,0.0,-0.0023922324,lstm
2020-11-07 19:30:00,0.0,-0.00023403764,lstm
2020-11-07 19:45:00,0.0,-0.00044871867,lstm
2020-11-07 19:45:00,0.0,-0.003483981,lstm
2020-11-07 19:45:00,0.0,-0.0020756572,lstm
2020-11-07 19:45:00,0.0,-5.683303e-05,lstm
2020-11-07 20:00:00,0.0,-0.0011288226,lstm
2020-11-07 20:00:00,0.0,-0.0036201775,lstm
2020-11-07 20:00:00,0.0,-0.0019389242,lstm
2020-11-07 20:00:00,0.0,4.2036176e-05,lstm
2020-11-07 20:15:00,0.0,-0.0015037805,lstm
2020-11-07 20:15:00,0.0,-0.0036924928,lstm
2020-11-07 20:15:00,0.0,-0.0018441081,lstm
2020-11-07 20:15:00,0.0,0.00012150407,lstm
2020-11-07 20:30:00,0.0,-0.0017133057,lstm
2020-11-07 20:30:00,0.0,-0.0037279427,lstm
2020-11-07 20:30:00,0.0,-0.0017778724,lstm
2020-11-07 20:30:00,0.0,0.00018322468,lstm
2020-11-07 20:45:00,0.0,-0.0018768162,lstm
2020-11-07 20:45:00,0.0,-0.003830269,lstm
2020-11-07 20:45:00,0.0,-0.0018735081,lstm
2020-11-07 20:45:00,0.0,0.00018763542,lstm
2020-11-07 21:00:00,0.0,-0.0019747019,lstm
2020-11-07 21:00:00,0.0,-0.0038508028,lstm
2020-11-07 21:00:00,0.0,-0.0018788427,lstm
2020-11-07 21:00:00,0.0,0.00023977458,lstm
2020-11-07 21:15:00,0.0,-0.002028957,lstm
2020-11-07 21:15:00,0.0,-0.0038466603,lstm
2020-11-07 21:15:00,0.0,-0.0018606037,lstm
2020-11-07 21:15:00,0.0,0.0002874881,lstm
2020-11-07 21:30:00,0.0,-0.0020605624,lstm
2020-11-07 21:30:00,0.0,-0.0038458705,lstm
2020-11-07 21:30:00,0.0,-0.0018382967,lstm
2020-11-07 21:30:00,0.0,0.00031591952,lstm
2020-11-07 21:45:00,0.0,-0.0021436363,lstm
2020-11-07 21:45:00,0.0,-0.0039236397,lstm
2020-11-07 21:45:00,0.0,-0.0019705445,lstm
2020-11-07 21:45:00,0.0,0.0002863407,lstm
2020-11-07 22:00:00,0.0,-0.0021630675,lstm
2020-11-07 22:00:00,0.0,-0.003906369,lstm
2020-11-07 22:00:00,0.0,-0.0019737333,lstm
2020-11-07 22:00:00,0.0,0.000334993,lstm
2020-11-07 22:15:00,0.0,-0.0021744072,lstm
2020-11-07 22:15:00,0.0,-0.0038873851,lstm
2020-11-07 22:15:00,0.0,-0.0019474775,lstm
2020-11-07 22:15:00,0.0,0.00038163364,lstm
2020-11-07 22:30:00,0.0,-0.002171293,lstm
2020-11-07 22:30:00,0.0,-0.0038631856,lstm
2020-11-07 22:30:00,0.0,-0.0019309372,lstm
2020-11-07 22:30:00,0.0,0.00041018426,lstm
2020-11-07 22:45:00,0.0,-0.00224182,lstm
2020-11-07 22:45:00,0.0,-0.0039156526,lstm
2020-11-07 22:45:00,0.0,-0.0020612478,lstm
2020-11-07 22:45:00,0.0,0.00037813187,lstm
2020-11-07 23:00:00,0.0,-0.0022442043,lstm
2020-11-07 23:00:00,0.0,-0.0038728565,lstm
2020-11-07 23:00:00,0.0,-0.0020250827,lstm
2020-11-07 23:00:00,0.0,0.00044362247,lstm
2020-11-07 23:15:00,0.0,-0.0022409558,lstm
2020-11-07 23:15:00,0.0,-0.0038376153,lstm
2020-11-07 23:15:00,0.0,-0.0019915253,lstm
2020-11-07 23:15:00,0.0,0.0004862696,lstm
2020-11-07 23:30:00,0.0,-0.0022394508,lstm
2020-11-07 23:30:00,0.0,-0.0038132519,lstm
2020-11-07 23:30:00,0.0,-0.0019643158,lstm
2020-11-07 23:30:00,0.0,0.00051659346,lstm
2020-11-07 23:45:00,0.0,-0.002307281,lstm
2020-11-07 23:45:00,0.0,-0.003852144,lstm
2020-11-07 23:45:00,0.0,-0.0020813048,lstm
2020-11-07 23:45:00,0.0,0.00046497583,lstm
2020-11-08 00:00:00,0.0,-0.002292037,lstm
2020-11-08 00:00:00,0.0,-0.0038002282,lstm
2020-11-08 00:00:00,0.0,-0.0020394474,lstm
2020-11-08 00:00:00,0.0,0.0005108565,lstm
2020-11-08 00:15:00,0.0,-0.0022690743,lstm
2020-11-08 00:15:00,0.0,-0.003763184,lstm
2020-11-08 00:15:00,0.0,-0.0020168126,lstm
2020-11-08 00:15:00,0.0,0.00052948296,lstm
2020-11-08 00:30:00,0.0,-0.0022547245,lstm
2020-11-08 00:30:00,0.0,-0.0037463158,lstm
2020-11-08 00:30:00,0.0,-0.0020012558,lstm
2020-11-08 00:30:00,0.0,0.0005444735,lstm
2020-11-08 00:45:00,0.0,-0.0022963881,lstm
2020-11-08 00:45:00,0.0,-0.0037686974,lstm
2020-11-08 00:45:00,0.0,-0.0021017492,lstm
2020-11-08 00:45:00,0.0,0.00048145652,lstm
2020-11-08 01:00:00,0.0,-0.0022653192,lstm
2020-11-08 01:00:00,0.0,-0.0037163645,lstm
2020-11-08 01:00:00,0.0,-0.0020592809,lstm
2020-11-08 01:00:00,0.0,0.0005080402,lstm
2020-11-08 01:15:00,0.0,-0.0022441745,lstm
2020-11-08 01:15:00,0.0,-0.0036946982,lstm
2020-11-08 01:15:00,0.0,-0.0020366758,lstm
2020-11-08 01:15:00,0.0,0.000514701,lstm
2020-11-08 01:30:00,0.0,-0.0022317767,lstm
2020-11-08 01:30:00,0.0,-0.0036837459,lstm
2020-11-08 01:30:00,0.0,-0.002022773,lstm
2020-11-08 01:30:00,0.0,0.00051547587,lstm
2020-11-08 01:45:00,0.0,-0.002273187,lstm
2020-11-08 01:45:00,0.0,-0.003709361,lstm
2020-11-08 01:45:00,0.0,-0.0021173656,lstm
2020-11-08 01:45:00,0.0,0.00042624772,lstm
2020-11-08 02:00:00,0.0,-0.0022426546,lstm
2020-11-08 02:00:00,0.0,-0.0036708117,lstm
2020-11-08 02:00:00,0.0,-0.002085477,lstm
2020-11-08 02:00:00,0.0,0.00042310357,lstm
2020-11-08 02:15:00,0.0,-0.0022185445,lstm
2020-11-08 02:15:00,0.0,-0.0036609918,lstm
2020-11-08 02:15:00,0.0,-0.0020693839,lstm
2020-11-08 02:15:00,0.0,0.00040964782,lstm
2020-11-08 02:30:00,0.0,-0.0022083223,lstm
2020-11-08 02:30:00,0.0,-0.0036656708,lstm
2020-11-08 02:30:00,0.0,-0.00206621,lstm
2020-11-08 02:30:00,0.0,0.0003899932,lstm
2020-11-08 02:45:00,0.0,-0.0022394508,lstm
2020-11-08 02:45:00,0.0,-0.0036929846,lstm
2020-11-08 02:45:00,0.0,-0.0021519214,lstm
2020-11-08 02:45:00,0.0,0.00027875602,lstm
2020-11-08 03:00:00,0.0,-0.002212599,lstm
2020-11-08 03:00:00,0.0,-0.0036803484,lstm
2020-11-08 03:00:00,0.0,-0.0021415353,lstm
2020-11-08 03:00:00,0.0,0.00024044514,lstm
2020-11-08 03:15:00,0.0,-0.0021891743,lstm
2020-11-08 03:15:00,0.0,-0.003690049,lstm
2020-11-08 03:15:00,0.0,-0.002152577,lstm
2020-11-08 03:15:00,0.0,0.0001975447,lstm
2020-11-08 03:30:00,0.0,-0.002173543,lstm
2020-11-08 03:30:00,0.0,-0.0037073642,lstm
2020-11-08 03:30:00,0.0,-0.0021640807,lstm
2020-11-08 03:30:00,0.0,0.00016182661,lstm
2020-11-08 03:45:00,0.0,-0.0022019893,lstm
2020-11-08 03:45:00,0.0,-0.0037465394,lstm
2020-11-08 03:45:00,0.0,-0.0022388846,lstm
2020-11-08 03:45:00,0.0,4.0650368e-05,lstm
2020-11-08 04:00:00,0.0,-0.0021791756,lstm
2020-11-08 04:00:00,0.0,-0.0037605315,lstm
2020-11-08 04:00:00,0.0,-0.0022497773,lstm
2020-11-08 04:00:00,0.0,-3.0219555e-05,lstm
2020-11-08 04:15:00,0.0,-0.0021548718,lstm
2020-11-08 04:15:00,0.0,-0.0037939698,lstm
2020-11-08 04:15:00,0.0,-0.002278179,lstm
2020-11-08 04:15:00,0.0,-9.602308e-05,lstm
2020-11-08 04:30:00,0.0,-0.0021354407,lstm
2020-11-08 04:30:00,0.0,-0.0038287342,lstm
2020-11-08 04:30:00,0.0,-0.0023119599,lstm
2020-11-08 04:30:00,0.0,-0.00015698373,lstm
2020-11-08 04:45:00,0.0,-0.002160415,lstm
2020-11-08 04:45:00,0.0,-0.0038838983,lstm
2020-11-08 04:45:00,0.0,-0.0023854673,lstm
2020-11-08 04:45:00,0.0,-0.0002850443,lstm
2020-11-08 05:00:00,0.0,-0.0021464527,lstm
2020-11-08 05:00:00,0.0,-0.0039369166,lstm
2020-11-08 05:00:00,0.0,-0.0024167001,lstm
2020-11-08 05:00:00,0.0,-0.0003758222,lstm
2020-11-08 05:15:00,0.0,-0.0021199882,lstm
2020-11-08 05:15:00,0.0,-0.0039981455,lstm
2020-11-08 05:15:00,0.0,-0.0024629086,lstm
2020-11-08 05:15:00,0.0,-0.0004568547,lstm
2020-11-08 05:30:00,0.0,-0.0021006763,lstm
2020-11-08 05:30:00,0.0,-0.0040586293,lstm
2020-11-08 05:30:00,0.0,-0.0025186986,lstm
2020-11-08 05:30:00,0.0,-0.00052784383,lstm
2020-11-08 05:45:00,0.0,-0.0021370202,lstm
2020-11-08 05:45:00,0.0,-0.004136279,lstm
2020-11-08 05:45:00,0.0,-0.0025666803,lstm
2020-11-08 05:45:00,0.0,-0.00061942637,lstm
2020-11-08 06:00:00,0.0,-0.0021444857,lstm
2020-11-08 06:00:00,0.0,-0.004237294,lstm
2020-11-08 06:00:00,0.0,-0.0026023686,lstm
2020-11-08 06:00:00,0.0,-0.0006964952,lstm
2020-11-08 06:15:00,0.0,-0.0021129847,lstm
2020-11-08 06:15:00,0.0,-0.0043370426,lstm
2020-11-08 06:15:00,0.0,-0.002687499,lstm
2020-11-08 06:15:00,0.0,-0.00077059865,lstm
2020-11-08 06:30:00,0.0,-0.0020703673,lstm
2020-11-08 06:30:00,0.0,-0.0044195205,lstm
2020-11-08 06:30:00,0.0,-0.0027391315,lstm
2020-11-08 06:30:00,0.0,-0.0007918328,lstm
2020-11-08 06:45:00,0.0,-0.002094999,lstm
2020-11-08 06:45:00,0.0,-0.004502669,lstm
2020-11-08 06:45:00,0.0,-0.0027276278,lstm
2020-11-08 06:45:00,0.0,-0.00074997544,lstm
2020-11-08 07:00:00,0.0,-0.0020868778,lstm
2020-11-08 07:00:00,0.0,-0.0046271086,lstm
2020-11-08 07:00:00,0.0,-0.0027348548,lstm
2020-11-08 07:00:00,0.0,-0.00069379807,lstm
2020-11-08 07:15:00,0.0,-0.0020415634,lstm
2020-11-08 07:15:00,0.0,-0.0047410876,lstm
2020-11-08 07:15:00,0.0,-0.0027181953,lstm
2020-11-08 07:15:00,0.0,-0.00055116415,lstm
2020-11-08 07:30:00,0.0,-0.0019674152,lstm
2020-11-08 07:30:00,0.0,-0.0048577935,lstm
2020-11-08 07:30:00,0.0,-0.0027005672,lstm
2020-11-08 07:30:00,0.0,-0.00037108362,lstm
2020-11-08 07:45:00,0.0,-0.0019073635,lstm
2020-11-08 07:45:00,0.0,-0.004920304,lstm
2020-11-08 07:45:00,0.0,-0.002517596,lstm
2020-11-08 07:45:00,0.0,7.981062e-05,lstm
2020-11-08 08:00:00,0.0,-0.0017986149,lstm
2020-11-08 08:00:00,0.0,-0.0050169975,lstm
2020-11-08 08:00:00,0.0,-0.0022511631,lstm
2020-11-08 08:00:00,0.0,0.0007876307,lstm
2020-11-08 08:15:00,0.0,-0.0015664101,lstm
2020-11-08 08:15:00,0.0,-0.005085796,lstm
2020-11-08 08:15:00,0.0,-0.0017847419,lstm
2020-11-08 08:15:00,0.0075999945,0.0021016747,lstm
2020-11-08 08:30:00,0.0,-0.0011189878,lstm
2020-11-08 08:30:00,0.0,-0.004960522,lstm
2020-11-08 08:30:00,0.0075999945,-0.00043480098,lstm
2020-11-08 08:30:00,0.033199996,0.0056957603,lstm
2020-11-08 08:45:00,0.0,-0.0005751997,lstm
2020-11-08 08:45:00,0.0075999945,-0.0036623478,lstm
2020-11-08 08:45:00,0.033199996,0.004222885,lstm
2020-11-08 08:45:00,0.071,0.016556233,lstm
2020-11-08 09:00:00,0.0075999945,-0.00033177435,lstm
2020-11-08 09:00:00,0.033199996,0.006675929,lstm
2020-11-08 09:00:00,0.071,0.029257193,lstm
2020-11-08 09:00:00,0.1854,0.06649296,lstm
2020-11-08 09:15:00,0.033199996,0.010762066,lstm
2020-11-08 09:15:00,0.071,0.046057105,lstm
2020-11-08 09:15:00,0.1854,0.102590844,lstm
2020-11-08 09:15:00,0.3074,0.17976396,lstm
2020-11-08 09:30:00,0.071,0.080839604,lstm
2020-11-08 09:30:00,0.1854,0.14038536,lstm
2020-11-08 09:30:00,0.3074,0.2282724,lstm
2020-11-08 09:30:00,0.36,0.306968,lstm
2020-11-08 09:45:00,0.1854,0.14122936,lstm
2020-11-08 09:45:00,0.3074,0.22027151,lstm
2020-11-08 09:45:00,0.36,0.3102737,lstm
2020-11-08 09:45:00,0.4508,0.37597334,lstm
2020-11-08 10:00:00,0.3074,0.28348845,lstm
2020-11-08 10:00:00,0.36,0.3538,lstm
2020-11-08 10:00:00,0.4508,0.42234254,lstm
2020-11-08 10:00:00,0.5116,0.48510283,lstm
2020-11-08 10:15:00,0.36,0.35836464,lstm
2020-11-08 10:15:00,0.4508,0.41644156,lstm
2020-11-08 10:15:00,0.5116,0.46676612,lstm
2020-11-08 10:15:00,0.5646,0.5337869,lstm
2020-11-08 10:30:00,0.4508,0.39886487,lstm
2020-11-08 10:30:00,0.5116,0.45634297,lstm
2020-11-08 10:30:00,0.5646,0.5035308,lstm
2020-11-08 10:30:00,0.6034,0.56392217,lstm
2020-11-08 10:45:00,0.5116,0.49172482,lstm
2020-11-08 10:45:00,0.5646,0.5359937,lstm
2020-11-08 10:45:00,0.6034,0.58476925,lstm
2020-11-08 10:45:00,0.5762,0.62800324,lstm
2020-11-08 11:00:00,0.5646,0.55861473,lstm
2020-11-08 11:00:00,0.6034,0.59402263,lstm
2020-11-08 11:00:00,0.5762,0.6388088,lstm
2020-11-08 11:00:00,0.5828,0.66782653,lstm
2020-11-08 11:15:00,0.6034,0.61380136,lstm
2020-11-08 11:15:00,0.5762,0.6425548,lstm
2020-11-08 11:15:00,0.5828,0.68186635,lstm
2020-11-08 11:15:00,0.6612,0.7069323,lstm
2020-11-08 11:30:00,0.5762,0.64904773,lstm
2020-11-08 11:30:00,0.5828,0.6754548,lstm
2020-11-08 11:30:00,0.6612,0.70767355,lstm
2020-11-08 11:30:00,0.7318,0.7326131,lstm
2020-11-08 11:45:00,0.5828,0.59604764,lstm
2020-11-08 11:45:00,0.6612,0.61618125,lstm
2020-11-08 11:45:00,0.7318,0.62916464,lstm
2020-11-08 11:45:00,0.7534,0.6399591,lstm
2020-11-08 12:00:00,0.6612,0.60442126,lstm
2020-11-08 12:00:00,0.73179996,0.6074556,lstm
2020-11-08 12:00:00,0.7534,0.6214685,lstm
2020-11-08 12:00:00,0.7508,0.6302523,lstm
2020-11-08 12:15:00,0.7318,0.69149625,lstm
2020-11-08 12:15:00,0.75339997,0.7057587,lstm
2020-11-08 12:15:00,0.7508,0.72535783,lstm
2020-11-08 12:15:00,0.7968,0.74893284,lstm
2020-11-08 12:30:00,0.7534,0.7346343,lstm
2020-11-08 12:30:00,0.7508,0.75704837,lstm
2020-11-08 12:30:00,0.7968,0.7735182,lstm
2020-11-08 12:30:00,0.782,0.80262834,lstm
2020-11-08 12:45:00,0.7508,0.750067,lstm
2020-11-08 12:45:00,0.7968,0.7717749,lstm
2020-11-08 12:45:00,0.78200006,0.78549004,lstm
2020-11-08 12:45:00,0.6336,0.8088837,lstm
2020-11-08 13:00:00,0.7968,0.7557454,lstm
2020-11-08 13:00:00,0.78199995,0.7706939,lstm
2020-11-08 13:00:00,0.6336,0.77944833,lstm
2020-11-08 13:00:00,0.584,0.79571545,lstm
2020-11-08 13:15:00,0.782,0.8071396,lstm
2020-11-08 13:15:00,0.6336,0.81185985,lstm
2020-11-08 13:15:00,0.584,0.82199913,lstm
2020-11-08 13:15:00,0.5642,0.84345984,lstm
2020-11-08 13:30:00,0.6336,0.7969574,lstm
2020-11-08 13:30:00,0.584,0.80283713,lstm
2020-11-08 13:30:00,0.5642,0.8081724,lstm
2020-11-08 13:30:00,0.5546,0.8189867,lstm
2020-11-08 13:45:00,0.584,0.6042619,lstm
2020-11-08 13:45:00,0.5642,0.6250695,lstm
2020-11-08 13:45:00,0.5546,0.6205594,lstm
2020-11-08 13:45:00,0.5304,0.6160963,lstm
2020-11-08 14:00:00,0.5641999,0.57088643,lstm
2020-11-08 14:00:00,0.5546,0.5812764,lstm
2020-11-08 14:00:00,0.5304,0.57817787,lstm
2020-11-08 14:00:00,0.5096,0.58683884,lstm
2020-11-08 14:15:00,0.5546,0.55193925,lstm
2020-11-08 14:15:00,0.5304,0.568311,lstm
2020-11-08 14:15:00,0.5096,0.5736375,lstm
2020-11-08 14:15:00,0.4742,0.5916494,lstm
2020-11-08 14:30:00,0.5304,0.5420059,lstm
2020-11-08 14:30:00,0.5096,0.5596137,lstm
2020-11-08 14:30:00,0.4742,0.5673496,lstm
2020-11-08 14:30:00,0.48519993,0.58743507,lstm
2020-11-08 14:45:00,0.5096,0.50594485,lstm
2020-11-08 14:45:00,0.4742,0.5251993,lstm
2020-11-08 14:45:00,0.4852,0.532944,lstm
2020-11-08 14:45:00,0.5198,0.5512993,lstm
2020-11-08 15:00:00,0.4742,0.484142,lstm
2020-11-08 15:00:00,0.48520002,0.4979581,lstm
2020-11-08 15:00:00,0.5198,0.5049726,lstm
2020-11-08 15:00:00,0.5638,0.52075565,lstm
2020-11-08 15:15:00,0.4852,0.45012775,lstm
2020-11-08 15:15:00,0.5198,0.45851463,lstm
2020-11-08 15:15:00,0.5638,0.463432,lstm
2020-11-08 15:15:00,0.6642,0.4725265,lstm
2020-11-08 15:30:00,0.5198,0.47826567,lstm
2020-11-08 15:30:00,0.5638,0.47673735,lstm
2020-11-08 15:30:00,0.6642,0.48109972,lstm
2020-11-08 15:30:00,0.6322,0.490533,lstm
2020-11-08 15:45:00,0.5638,0.5274242,lstm
2020-11-08 15:45:00,0.66420007,0.52715635,lstm
2020-11-08 15:45:00,0.6322,0.52331334,lstm
2020-11-08 15:45:00,0.5854,0.5303969,lstm
2020-11-08 16:00:00,0.6642,0.56390727,lstm
2020-11-08 16:00:00,0.6322,0.56215066,lstm
2020-11-08 16:00:00,0.5854,0.54889935,lstm
2020-11-08 16:00:00,0.5344,0.5505311,lstm
2020-11-08 16:15:00,0.6322,0.63342124,lstm
2020-11-08 16:15:00,0.5854,0.6253735,lstm
2020-11-08 16:15:00,0.5344,0.60464245,lstm
2020-11-08 16:15:00,0.482,0.5968278,lstm
2020-11-08 16:30:00,0.5854,0.4956679,lstm
2020-11-08 16:30:00,0.5344,0.4863151,lstm
2020-11-08 16:30:00,0.482,0.44928968,lstm
2020-11-08 16:30:00,0.425,0.41781092,lstm
2020-11-08 16:45:00,0.5344,0.45958528,lstm
2020-11-08 16:45:00,0.48199996,0.4252348,lstm
2020-11-08 16:45:00,0.425,0.37590283,lstm
2020-11-08 16:45:00,0.3564,0.32662708,lstm
2020-11-08 17:00:00,0.48200002,0.4460725,lstm
2020-11-08 17:00:00,0.425,0.38568026,lstm
2020-11-08 17:00:00,0.3564,0.32677698,lstm
2020-11-08 17:00:00,0.284,0.26825362,lstm
2020-11-08 17:15:00,0.425,0.403427,lstm
2020-11-08 17:15:00,0.3564,0.32257518,lstm
2020-11-08 17:15:00,0.284,0.2560484,lstm
2020-11-08 17:15:00,0.1716,0.19328067,lstm
2020-11-08 17:30:00,0.3564,0.3658834,lstm
2020-11-08 17:30:00,0.284,0.26810533,lstm
2020-11-08 17:30:00,0.1716,0.18708067,lstm
2020-11-08 17:30:00,0.0722,0.11810902,lstm
2020-11-08 17:45:00,0.284,0.30631983,lstm
2020-11-08 17:45:00,0.1716,0.20224032,lstm
2020-11-08 17:45:00,0.0722,0.11759641,lstm
2020-11-08 17:45:00,0.024800003,0.057226613,lstm
2020-11-08 18:00:00,0.1716,0.21790272,lstm
2020-11-08 18:00:00,0.0722,0.12650008,lstm
2020-11-08 18:00:00,0.024800003,0.05975257,lstm
2020-11-08 18:00:00,0.0018000007,0.020725965,lstm
2020-11-08 18:15:00,0.0722,0.11610831,lstm
2020-11-08 18:15:00,0.024800003,0.05137147,lstm
2020-11-08 18:15:00,0.0018000007,0.013943911,lstm
2020-11-08 18:15:00,0.0,0.00080759823,lstm
2020-11-08 18:30:00,0.024800003,0.049294457,lstm
2020-11-08 18:30:00,0.0018000007,0.011453286,lstm
2020-11-08 18:30:00,0.0,-0.005844772,lstm
2020-11-08 18:30:00,0.0,-0.0067549497,lstm
2020-11-08 18:45:00,0.0018000007,0.024721727,lstm
2020-11-08 18:45:00,0.0,0.0012508929,lstm
2020-11-08 18:45:00,0.0,-0.006790787,lstm
2020-11-08 18:45:00,0.0,-0.0052537024,lstm
2020-11-08 19:00:00,0.0,0.0117108375,lstm
2020-11-08 19:00:00,0.0,-0.0018710792,lstm
2020-11-08 19:00:00,0.0,-0.004980877,lstm
2020-11-08 19:00:00,0.0,-0.002619952,lstm
2020-11-08 19:15:00,0.0,0.0049931556,lstm
2020-11-08 19:15:00,0.0,-0.002406031,lstm
2020-11-08 19:15:00,0.0,-0.0031735748,lstm
2020-11-08 19:15:00,0.0,-0.0007377118,lstm
2020-11-08 19:30:00,0.0,0.0013565123,lstm
2020-11-08 19:30:00,0.0,-0.0030491054,lstm
2020-11-08 19:30:00,0.0,-0.0024484843,lstm
2020-11-08 19:30:00,0.0,-0.00015807152,lstm
2020-11-08 19:45:00,0.0,-0.00029203296,lstm
2020-11-08 19:45:00,0.0,-0.0034306347,lstm
2020-11-08 19:45:00,0.0,-0.0021575093,lstm
2020-11-08 19:45:00,0.0,-9.685755e-06,lstm
2020-11-08 20:00:00,0.0,-0.0011238307,lstm
2020-11-08 20:00:00,0.0,-0.003636971,lstm
2020-11-08 20:00:00,0.0,-0.0020171106,lstm
2020-11-08 20:00:00,0.0,8.362532e-05,lstm
2020-11-08 20:15:00,0.0,-0.0015905201,lstm
2020-11-08 20:15:00,0.0,-0.003735289,lstm
2020-11-08 20:15:00,0.0,-0.0019002557,lstm
2020-11-08 20:15:00,0.0,0.00019738078,lstm
2020-11-08 20:30:00,0.0,-0.001777038,lstm
2020-11-08 20:30:00,0.0,-0.0037867427,lstm
2020-11-08 20:30:00,0.0,-0.001848951,lstm
2020-11-08 20:30:00,0.0,0.00023142993,lstm
2020-11-08 20:45:00,0.0,-0.001908496,lstm
2020-11-08 20:45:00,0.0,-0.0038947612,lstm
2020-11-08 20:45:00,0.0,-0.0019598305,lstm
2020-11-08 20:45:00,0.0,0.00020493567,lstm
2020-11-08 21:00:00,0.0,-0.002003178,lstm
2020-11-08 21:00:00,0.0,-0.0039268583,lstm
2020-11-08 21:00:00,0.0,-0.001973495,lstm
2020-11-08 21:00:00,0.0,0.000246495,lstm
2020-11-08 21:15:00,0.0,-0.002057135,lstm
2020-11-08 21:15:00,0.0,-0.003925547,lstm
2020-11-08 21:15:00,0.0,-0.0019502342,lstm
2020-11-08 21:15:00,0.0,0.00029033422,lstm
2020-11-08 21:30:00,0.0,-0.002082482,lstm
2020-11-08 21:30:00,0.0,-0.0039142966,lstm
2020-11-08 21:30:00,0.0,-0.0019288808,lstm
2020-11-08 21:30:00,0.0,0.00032143295,lstm
2020-11-08 21:45:00,0.0,-0.0021525323,lstm
2020-11-08 21:45:00,0.0,-0.0039859414,lstm
2020-11-08 21:45:00,0.0,-0.0020474344,lstm
2020-11-08 21:45:00,0.0,0.00029543042,lstm
2020-11-08 22:00:00,0.0,-0.0021727234,lstm
2020-11-08 22:00:00,0.0,-0.003965929,lstm
2020-11-08 22:00:00,0.0,-0.0020442307,lstm
2020-11-08 22:00:00,0.0,0.00034299493,lstm
2020-11-08 22:15:00,0.0,-0.0021761954,lstm
2020-11-08 22:15:00,0.0,-0.003946364,lstm
2020-11-08 22:15:00,0.0,-0.0020151436,lstm
2020-11-08 22:15:00,0.0,0.0003848076,lstm
2020-11-08 22:30:00,0.0,-0.002173826,lstm
2020-11-08 22:30:00,0.0,-0.0039289594,lstm
2020-11-08 22:30:00,0.0,-0.002000749,lstm
2020-11-08 22:30:00,0.0,0.00040617585,lstm
2020-11-08 22:45:00,0.0,-0.0022373497,lstm
2020-11-08 22:45:00,0.0,-0.0039718896,lstm
2020-11-08 22:45:00,0.0,-0.0021149665,lstm
2020-11-08 22:45:00,0.0,0.00037895143,lstm
2020-11-08 23:00:00,0.0,-0.0022414327,lstm
2020-11-08 23:00:00,0.0,-0.0039278716,lstm
2020-11-08 23:00:00,0.0,-0.0020807683,lstm
2020-11-08 23:00:00,0.0,0.0004401952,lstm
2020-11-08 23:15:00,0.0,-0.0022374839,lstm
2020-11-08 23:15:00,0.0,-0.0038940161,lstm
2020-11-08 23:15:00,0.0,-0.0020483732,lstm
2020-11-08 23:15:00,0.0,0.00048142672,lstm
2020-11-08 23:30:00,0.0,-0.0022372901,lstm
2020-11-08 23:30:00,0.0,-0.0038727373,lstm
2020-11-08 23:30:00,0.0,-0.0020217001,lstm
2020-11-08 23:30:00,0.0,0.0005095899,lstm
2020-11-08 23:45:00,0.0,-0.0022933334,lstm
2020-11-08 23:45:00,0.0,-0.0039027482,lstm
2020-11-08 23:45:00,0.0,-0.0021328032,lstm
2020-11-08 23:45:00,0.0,0.00045983493,lstm
2020-11-09 00:00:00,0.0,-0.0022792965,lstm
2020-11-09 00:00:00,0.0,-0.003853932,lstm
2020-11-09 00:00:00,0.0,-0.002097264,lstm
2020-11-09 00:00:00,0.0,0.0005046278,lstm
2020-11-09 00:15:00,0.0,-0.0022658557,lstm
2020-11-09 00:15:00,0.0,-0.0038224906,lstm
2020-11-09 00:15:00,0.0,-0.0020683706,lstm
2020-11-09 00:15:00,0.0,0.0005309135,lstm
2020-11-09 00:30:00,0.0,-0.0022566319,lstm
2020-11-09 00:30:00,0.0,-0.0038018674,lstm
2020-11-09 00:30:00,0.0,-0.0020507425,lstm
2020-11-09 00:30:00,0.0,0.000545606,lstm
2020-11-09 00:45:00,0.0,-0.002288878,lstm
2020-11-09 00:45:00,0.0,-0.0038194358,lstm
2020-11-09 00:45:00,0.0,-0.0021490008,lstm
2020-11-09 00:45:00,0.0,0.0004837215,lstm
2020-11-09 01:00:00,0.0,-0.002256766,lstm
2020-11-09 01:00:00,0.0,-0.0037665814,lstm
2020-11-09 01:00:00,0.0,-0.0021101832,lstm
2020-11-09 01:00:00,0.0,0.0005095005,lstm
2020-11-09 01:15:00,0.0,-0.0022319555,lstm
2020-11-09 01:15:00,0.0,-0.0037382245,lstm
2020-11-09 01:15:00,0.0,-0.0020910352,lstm
2020-11-09 01:15:00,0.0,0.0005183816,lstm
2020-11-09 01:30:00,0.0,-0.0022082329,lstm
2020-11-09 01:30:00,0.0,-0.0037221313,lstm
2020-11-09 01:30:00,0.0,-0.002082631,lstm
2020-11-09 01:30:00,0.0,0.00051915646,lstm
2020-11-09 01:45:00,0.0,-0.0022304952,lstm
2020-11-09 01:45:00,0.0,-0.0037304014,lstm
2020-11-09 01:45:00,0.0,-0.0021547675,lstm
2020-11-09 01:45:00,0.0,0.0004491955,lstm
2020-11-09 02:00:00,0.0,-0.0021921396,lstm
2020-11-09 02:00:00,0.0,-0.0036834776,lstm
2020-11-09 02:00:00,0.0,-0.0021154583,lstm
2020-11-09 02:00:00,0.0,0.00045379996,lstm
2020-11-09 02:15:00,0.0,-0.002159655,lstm
2020-11-09 02:15:00,0.0,-0.003665164,lstm
2020-11-09 02:15:00,0.0,-0.0021016449,lstm
2020-11-09 02:15:00,0.0,0.0004451722,lstm
2020-11-09 02:30:00,0.0,-0.002138093,lstm
2020-11-09 02:30:00,0.0,-0.0036593974,lstm
2020-11-09 02:30:00,0.0,-0.0020985454,lstm
2020-11-09 02:30:00,0.0,0.0004337579,lstm
2020-11-09 02:45:00,0.0,-0.0021528602,lstm
2020-11-09 02:45:00,0.0,-0.0036677122,lstm
2020-11-09 02:45:00,0.0,-0.0021667928,lstm
2020-11-09 02:45:00,0.0,0.00034669042,lstm
2020-11-09 03:00:00,0.0,-0.0021154583,lstm
2020-11-09 03:00:00,0.0,-0.0036357641,lstm
2020-11-09 03:00:00,0.0,-0.0021366775,lstm
2020-11-09 03:00:00,0.0,0.0003297925,lstm
2020-11-09 03:15:00,0.0,-0.0020871311,lstm
2020-11-09 03:15:00,0.0,-0.0036365837,lstm
2020-11-09 03:15:00,0.0,-0.0021401495,lstm
2020-11-09 03:15:00,0.0,0.00029800832,lstm
2020-11-09 03:30:00,0.0,-0.0020661503,lstm
2020-11-09 03:30:00,0.0,-0.0036420673,lstm
2020-11-09 03:30:00,0.0,-0.0021530688,lstm
2020-11-09 03:30:00,0.0,0.00026775897,lstm
2020-11-09 03:45:00,0.0,-0.0020741522,lstm
2020-11-09 03:45:00,0.0,-0.0036543012,lstm
2020-11-09 03:45:00,0.0,-0.0022111982,lstm
2020-11-09 03:45:00,0.0,0.00016923249,lstm
2020-11-09 04:00:00,0.0,-0.0020346642,lstm
2020-11-09 04:00:00,0.0,-0.0036499053,lstm
2020-11-09 04:00:00,0.0,-0.0022031069,lstm
2020-11-09 04:00:00,0.0,0.000118002295,lstm
2020-11-09 04:15:00,0.0,-0.0019960105,lstm
2020-11-09 04:15:00,0.0,-0.003667757,lstm
2020-11-09 04:15:00,0.0,-0.0022322387,lstm
2020-11-09 04:15:00,0.0,5.6669116e-05,lstm
2020-11-09 04:30:00,0.0,-0.001969874,lstm
2020-11-09 04:30:00,0.0,-0.003690064,lstm
2020-11-09 04:30:00,0.0,-0.0022545755,lstm
2020-11-09 04:30:00,0.0,1.79708e-05,lstm
2020-11-09 04:45:00,0.0,-0.001977861,lstm
2020-11-09 04:45:00,0.0,-0.0037155598,lstm
2020-11-09 04:45:00,0.0,-0.0022991896,lstm
2020-11-09 04:45:00,0.0,-7.994473e-05,lstm
2020-11-09 05:00:00,0.0,-0.0019597262,lstm
2020-11-09 05:00:00,0.0,-0.0037556738,lstm
2020-11-09 05:00:00,0.0,-0.002315089,lstm
2020-11-09 05:00:00,0.0,-0.00014872849,lstm
2020-11-09 05:15:00,0.0,-0.0019346327,lstm
2020-11-09 05:15:00,0.0,-0.0038064867,lstm
2020-11-09 05:15:00,0.0,-0.002364993,lstm
2020-11-09 05:15:00,0.0,-0.00022375584,lstm
2020-11-09 05:30:00,0.0,-0.0019061416,lstm
2020-11-09 05:30:00,0.0,-0.0038562864,lstm
2020-11-09 05:30:00,0.0,-0.0024189353,lstm
2020-11-09 05:30:00,0.0,-0.00028550625,lstm
2020-11-09 05:45:00,0.0,-0.001929909,lstm
2020-11-09 05:45:00,0.0,-0.003913343,lstm
2020-11-09 05:45:00,0.0,-0.0024597198,lstm
2020-11-09 05:45:00,0.0,-0.0003543496,lstm
2020-11-09 06:00:00,0.0,-0.0019220263,lstm
2020-11-09 06:00:00,0.0,-0.003993526,lstm
2020-11-09 06:00:00,0.0,-0.0024955422,lstm
2020-11-09 06:00:00,0.0,-0.0004146546,lstm
2020-11-09 06:15:00,0.0,-0.001895532,lstm
2020-11-09 06:15:00,0.0,-0.0040786862,lstm
2020-11-09 06:15:00,0.0,-0.002551183,lstm
2020-11-09 06:15:00,0.0,-0.00045831501,lstm
2020-11-09 06:30:00,0.0,-0.0018536597,lstm
2020-11-09 06:30:00,0.0,-0.0041573644,lstm
2020-11-09 06:30:00,0.0,-0.0026211292,lstm
2020-11-09 06:30:00,0.0,-0.00049701333,lstm
2020-11-09 06:45:00,0.0,-0.0018649548,lstm
2020-11-09 06:45:00,0.0,-0.0042257905,lstm
2020-11-09 06:45:00,0.0,-0.002610907,lstm
2020-11-09 06:45:00,0.0,-0.00044739246,lstm
2020-11-09 07:00:00,0.0,-0.0018665493,lstm
2020-11-09 07:00:00,0.0,-0.0043370277,lstm
2020-11-09 07:00:00,0.0,-0.0025898367,lstm
2020-11-09 07:00:00,0.0,-0.00036664307,lstm
2020-11-09 07:15:00,0.0,-0.0018172711,lstm
2020-11-09 07:15:00,0.0,-0.004456103,lstm
2020-11-09 07:15:00,0.0,-0.0026025027,lstm
2020-11-09 07:15:00,0.0,-0.00026910007,lstm
2020-11-09 07:30:00,0.0,-0.0017322153,lstm
2020-11-09 07:30:00,0.0,-0.0045741647,lstm
2020-11-09 07:30:00,0.0,-0.0026282817,lstm
2020-11-09 07:30:00,0.0,-0.00013515353,lstm
2020-11-09 07:45:00,0.0,-0.0016755462,lstm
2020-11-09 07:45:00,0.0,-0.004619524,lstm
2020-11-09 07:45:00,0.0,-0.0024223477,lstm
2020-11-09 07:45:00,0.0,0.0003156662,lstm
2020-11-09 08:00:00,0.0,-0.0015765429,lstm
2020-11-09 08:00:00,0.0,-0.004720494,lstm
2020-11-09 08:00:00,0.0,-0.002182886,lstm
2020-11-09 08:00:00,0.0,0.00094884634,lstm
2020-11-09 08:15:00,0.0,-0.0013563037,lstm
2020-11-09 08:15:00,0.0,-0.0047679394,lstm
2020-11-09 08:15:00,0.0,-0.0017050058,lstm
2020-11-09 08:15:00,0.0048000067,0.002187714,lstm
2020-11-09 08:30:00,0.0,-0.00093753636,lstm
2020-11-09 08:30:00,0.0,-0.004674256,lstm
2020-11-09 08:30:00,0.0048000067,-0.00053085387,lstm
2020-11-09 08:30:00,0.027600005,0.005292371,lstm
2020-11-09 08:45:00,0.0,-0.00037671626,lstm
2020-11-09 08:45:00,0.0048000067,-0.0036373287,lstm
2020-11-09 08:45:00,0.027600005,0.0032438785,lstm
2020-11-09 08:45:00,0.0726,0.01422821,lstm
2020-11-09 09:00:00,0.0048000067,4.504621e-05,lstm
2020-11-09 09:00:00,0.027600005,0.00422886,lstm
2020-11-09 09:00:00,0.0726,0.022710383,lstm
2020-11-09 09:00:00,0.1644,0.05377163,lstm
2020-11-09 09:15:00,0.027600005,0.0066826195,lstm
2020-11-09 09:15:00,0.0726,0.037336096,lstm
2020-11-09 09:15:00,0.1644,0.08674965,lstm
2020-11-09 09:15:00,0.2762,0.15798938,lstm
2020-11-09 09:30:00,0.0726,0.06608319,lstm
2020-11-09 09:30:00,0.1644,0.12556149,lstm
2020-11-09 09:30:00,0.2762,0.2113303,lstm
2020-11-09 09:30:00,0.3552,0.29516312,lstm
2020-11-09 09:45:00,0.1644,0.14779547,lstm
2020-11-09 09:45:00,0.2762,0.23210457,lstm
2020-11-09 09:45:00,0.3552,0.33036572,lstm
2020-11-09 09:45:00,0.42180002,0.40560618,lstm
2020-11-09 10:00:00,0.2762,0.26630938,lstm
2020-11-09 10:00:00,0.3552,0.3486283,lstm
2020-11-09 10:00:00,0.4218,0.42318103,lstm
2020-11-09 10:00:00,0.48180002,0.49300337,lstm
2020-11-09 10:15:00,0.3552,0.34894487,lstm
2020-11-09 10:15:00,0.4218,0.41692147,lstm
2020-11-09 10:15:00,0.48180002,0.47079742,lstm
2020-11-09 10:15:00,0.5346,0.5413127,lstm
2020-11-09 10:30:00,0.4218,0.40102866,lstm
2020-11-09 10:30:00,0.4818,0.4606154,lstm
2020-11-09 10:30:00,0.5346,0.5101936,lstm
2020-11-09 10:30:00,0.5798,0.571348,lstm
2020-11-09 10:45:00,0.4818,0.47538435,lstm
2020-11-09 10:45:00,0.5346,0.5247907,lstm
2020-11-09 10:45:00,0.5798,0.57394487,lstm
2020-11-09 10:45:00,0.6216,0.6173889,lstm
2020-11-09 11:00:00,0.5346,0.5430454,lstm
2020-11-09 11:00:00,0.5798,0.58167887,lstm
2020-11-09 11:00:00,0.6216,0.62709653,lstm
2020-11-09 11:00:00,0.6574,0.6572805,lstm
2020-11-09 11:15:00,0.5798,0.59752417,lstm
2020-11-09 11:15:00,0.6216,0.6293609,lstm
2020-11-09 11:15:00,0.6574,0.6692159,lstm
2020-11-09 11:15:00,0.6882,0.6955104,lstm
2020-11-09 11:30:00,0.6216,0.6403656,lstm
2020-11-09 11:30:00,0.6574,0.66884524,lstm
2020-11-09 11:30:00,0.6882,0.702006,lstm
2020-11-09 11:30:00,0.7166,0.7288191,lstm
2020-11-09 11:45:00,0.6574,0.67747307,lstm
2020-11-09 11:45:00,0.6882,0.70317984,lstm
2020-11-09 11:45:00,0.7166,0.72921515,lstm
2020-11-09 11:45:00,0.7396,0.75720155,lstm
2020-11-09 12:00:00,0.6882,0.70407194,lstm
2020-11-09 12:00:00,0.71659994,0.72774065,lstm
2020-11-09 12:00:00,0.7396,0.7475543,lstm
2020-11-09 12:00:00,0.7586,0.7749624,lstm
2020-11-09 12:15:00,0.7166,0.72448146,lstm
2020-11-09 12:15:00,0.73959994,0.7454591,lstm
2020-11-09 12:15:00,0.7586,0.76069766,lstm
2020-11-09 12:15:00,0.728,0.786233,lstm
2020-11-09 12:30:00,0.7396,0.74415964,lstm
2020-11-09 12:30:00,0.7586,0.7620429,lstm
2020-11-09 12:30:00,0.728,0.77472275,lstm
2020-11-09 12:30:00,0.5386,0.7984512,lstm
2020-11-09 12:45:00,0.7586,0.7632544,lstm
2020-11-09 12:45:00,0.7279999,0.7774316,lstm
2020-11-09 12:45:00,0.5386,0.788127,lstm
2020-11-09 12:45:00,0.4372,0.8091863,lstm
2020-11-09 13:00:00,0.728,0.7844699,lstm
2020-11-09 13:00:00,0.5386,0.7939453,lstm
2020-11-09 13:00:00,0.4372,0.8033447,lstm
2020-11-09 13:00:00,0.3918,0.82138044,lstm
2020-11-09 13:15:00,0.5386,0.7490929,lstm
2020-11-09 13:15:00,0.4372,0.75305486,lstm
2020-11-09 13:15:00,0.3918,0.7539288,lstm
2020-11-09 13:15:00,0.373,0.75900453,lstm
2020-11-09 13:30:00,0.4372,0.51177025,lstm
2020-11-09 13:30:00,0.3918,0.5382286,lstm
2020-11-09 13:30:00,0.373,0.52893287,lstm
2020-11-09 13:30:00,0.3564,0.5280184,lstm
2020-11-09 13:45:00,0.3918,0.39669162,lstm
2020-11-09 13:45:00,0.373,0.42464662,lstm
2020-11-09 13:45:00,0.3564,0.41962826,lstm
2020-11-09 13:45:00,0.3444,0.4358395,lstm
2020-11-09 14:00:00,0.37300003,0.36291838,lstm
2020-11-09 14:00:00,0.3564,0.38321748,lstm
2020-11-09 14:00:00,0.3444,0.39179325,lstm
2020-11-09 14:00:00,0.3348,0.4107302,lstm
2020-11-09 14:15:00,0.3564,0.3511046,lstm
2020-11-09 14:15:00,0.3444,0.37369853,lstm
2020-11-09 14:15:00,0.3348,0.38478267,lstm
2020-11-09 14:15:00,0.3242,0.4029398,lstm
2020-11-09 14:30:00,0.3444,0.31313235,lstm
2020-11-09 14:30:00,0.3348,0.33568567,lstm
2020-11-09 14:30:00,0.3242,0.3462347,lstm
2020-11-09 14:30:00,0.315,0.3620246,lstm
2020-11-09 14:45:00,0.3348,0.28031808,lstm
2020-11-09 14:45:00,0.3242,0.29619604,lstm
2020-11-09 14:45:00,0.315,0.30835554,lstm
2020-11-09 14:45:00,0.309,0.31818348,lstm
2020-11-09 15:00:00,0.3242,0.24984546,lstm
2020-11-09 15:00:00,0.315,0.25932264,lstm
2020-11-09 15:00:00,0.309,0.2722934,lstm
2020-11-09 15:00:00,0.3088,0.27892357,lstm
2020-11-09 15:15:00,0.315,0.22256188,lstm
2020-11-09 15:15:00,0.309,0.22668958,lstm
2020-11-09 15:15:00,0.3088,0.23810269,lstm
2020-11-09 15:15:00,0.3054,0.24411008,lstm
2020-11-09 15:30:00,0.309,0.20483726,lstm
2020-11-09 15:30:00,0.3088,0.20399441,lstm
2020-11-09 15:30:00,0.3054,0.21186353,lstm
2020-11-09 15:30:00,0.3044,0.21779586,lstm
2020-11-09 15:45:00,0.3088,0.20989126,lstm
2020-11-09 15:45:00,0.3054,0.20283832,lstm
2020-11-09 15:45:00,0.3044,0.20641693,lstm
2020-11-09 15:45:00,0.32873333,0.21139064,lstm
2020-11-09 16:00:00,0.3054,0.22069964,lstm
2020-11-09 16:00:00,0.3044,0.20782314,lstm
2020-11-09 16:00:00,0.32873333,0.20678261,lstm
2020-11-09 16:00:00,0.35306665,0.20946974,lstm
2020-11-09 16:15:00,0.3044,0.22466053,lstm
2020-11-09 16:15:00,0.32873333,0.2076843,lstm
2020-11-09 16:15:00,0.35306665,0.20278506,lstm
2020-11-09 16:15:00,0.3774,0.20213147,lstm
2020-11-09 16:30:00,0.32873333,0.23464832,lstm
2020-11-09 16:30:00,0.35306662,0.21413933,lstm
2020-11-09 16:30:00,0.3774,0.20420319,lstm
2020-11-09 16:30:00,0.3084,0.19949834,lstm
2020-11-09 16:45:00,0.35306665,0.28036278,lstm
2020-11-09 16:45:00,0.37739998,0.2552986,lstm
2020-11-09 16:45:00,0.3084,0.23450698,lstm
2020-11-09 16:45:00,0.2664,0.22177449,lstm
2020-11-09 17:00:00,0.3774,0.3190046,lstm
2020-11-09 17:00:00,0.3084,0.28621557,lstm
2020-11-09 17:00:00,0.2664,0.2509865,lstm
2020-11-09 17:00:00,0.2956,0.2243575,lstm
2020-11-09 17:15:00,0.3084,0.31699938,lstm
2020-11-09 17:15:00,0.2664,0.2696558,lstm
2020-11-09 17:15:00,0.2956,0.21464266,lstm
2020-11-09 17:15:00,0.1312,0.16618253,lstm
2020-11-09 17:30:00,0.2664,0.27454883,lstm
2020-11-09 17:30:00,0.2956,0.21304892,lstm
2020-11-09 17:30:00,0.1312,0.15391417,lstm
2020-11-09 17:30:00,0.061000004,0.09758166,lstm
2020-11-09 17:45:00,0.2956,0.20925547,lstm
2020-11-09 17:45:00,0.1312,0.13799582,lstm
2020-11-09 17:45:00,0.061000004,0.08652622,lstm
2020-11-09 17:45:00,0.028400019,0.038680375,lstm
2020-11-09 18:00:00,0.1312,0.17881206,lstm
2020-11-09 18:00:00,0.061000004,0.11513799,lstm
2020-11-09 18:00:00,0.028400004,0.06014599,lstm
2020-11-09 18:00:00,0.0018000007,0.02063492,lstm
2020-11-09 18:15:00,0.061000004,0.09039293,lstm
2020-11-09 18:15:00,0.028400004,0.04160367,lstm
2020-11-09 18:15:00,0.0018000007,0.012831315,lstm
2020-11-09 18:15:00,0.0,0.00044932961,lstm
2020-11-09 18:30:00,0.028400004,0.03747055,lstm
2020-11-09 18:30:00,0.0018000007,0.009233132,lstm
2020-11-09 18:30:00,0.0,-0.0038015991,lstm
2020-11-09 18:30:00,0.0,-0.0045842677,lstm
2020-11-09 18:45:00,0.0018000007,0.01744397,lstm
2020-11-09 18:45:00,0.0,-3.3527613e-06,lstm
2020-11-09 18:45:00,0.0,-0.005393207,lstm
2020-11-09 18:45:00,0.0,-0.003518626,lstm
2020-11-09 19:00:00,0.0,0.006782189,lstm
2020-11-09 19:00:00,0.0,-0.0029720515,lstm
2020-11-09 19:00:00,0.0,-0.004926622,lstm
2020-11-09 19:00:00,0.0,-0.0021260083,lstm
2020-11-09 19:15:00,0.0,0.0024067163,lstm
2020-11-09 19:15:00,0.0,-0.00334616,lstm
2020-11-09 19:15:00,0.0,-0.003295973,lstm
2020-11-09 19:15:00,0.0,-0.00071817636,lstm
2020-11-09 19:30:00,0.0,0.0002901107,lstm
2020-11-09 19:30:00,0.0,-0.0036159605,lstm
2020-11-09 19:30:00,0.0,-0.0025781542,lstm
2020-11-09 19:30:00,0.0,-0.00032179058,lstm
2020-11-09 19:45:00,0.0,-0.00071039796,lstm
2020-11-09 19:45:00,0.0,-0.0038128197,lstm
2020-11-09 19:45:00,0.0,-0.0023595542,lstm
2020-11-09 19:45:00,0.0,-0.00019268692,lstm
2020-11-09 20:00:00,0.0,-0.0012913346,lstm
2020-11-09 20:00:00,0.0,-0.0039330423,lstm
2020-11-09 20:00:00,0.0,-0.0022442937,lstm
2020-11-09 20:00:00,0.0,-7.5891614e-05,lstm
2020-11-09 20:15:00,0.0,-0.001590088,lstm
2020-11-09 20:15:00,0.0,-0.0039805323,lstm
2020-11-09 20:15:00,0.0,-0.002167061,lstm
2020-11-09 20:15:00,0.0,9.313226e-06,lstm
2020-11-09 20:30:00,0.0,-0.0017591566,lstm
2020-11-09 20:30:00,0.0,-0.0040049106,lstm
2020-11-09 20:30:00,0.0,-0.0021232218,lstm
2020-11-09 20:30:00,0.0,7.097423e-05,lstm
2020-11-09 20:45:00,0.0,-0.0019067228,lstm
2020-11-09 20:45:00,0.0,-0.004092753,lstm
2020-11-09 20:45:00,0.0,-0.0022047907,lstm
2020-11-09 20:45:00,0.0,8.395314e-05,lstm
2020-11-09 21:00:00,0.0,-0.0020243675,lstm
2020-11-09 21:00:00,0.0,-0.0041094124,lstm
2020-11-09 21:00:00,0.0,-0.0021997094,lstm
2020-11-09 21:00:00,0.0,0.0001553595,lstm
2020-11-09 21:15:00,0.0,-0.0020933598,lstm
2020-11-09 21:15:00,0.0,-0.0040916353,lstm
2020-11-09 21:15:00,0.0,-0.0021576285,lstm
2020-11-09 21:15:00,0.0,0.00023017824,lstm
2020-11-09 21:30:00,0.0,-0.0021211356,lstm
2020-11-09 21:30:00,0.0,-0.004073873,lstm
2020-11-09 21:30:00,0.0,-0.0021290332,lstm
2020-11-09 21:30:00,0.0,0.0002706647,lstm
2020-11-09 21:45:00,0.0,-0.002185002,lstm
2020-11-09 21:45:00,0.0,-0.00412257,lstm
2020-11-09 21:45:00,0.0,-0.0022330582,lstm
2020-11-09 21:45:00,0.0,0.0002554506,lstm
2020-11-09 22:00:00,0.0,-0.0022276938,lstm
2020-11-09 22:00:00,0.0,-0.0040880293,lstm
2020-11-09 22:00:00,0.0,-0.0022067279,lstm
2020-11-09 22:00:00,0.0,0.0003312379,lstm
2020-11-09 22:15:00,0.0,-0.0022332817,lstm
2020-11-09 22:15:00,0.0,-0.004062474,lstm
2020-11-09 22:15:00,0.0,-0.0021801144,lstm
2020-11-09 22:15:00,0.0,0.0003733188,lstm
2020-11-09 22:30:00,0.0,-0.002231121,lstm
2020-11-09 22:30:00,0.0,-0.004030496,lstm
2020-11-09 22:30:00,0.0,-0.0021491945,lstm
2020-11-09 22:30:00,0.0,0.0004093647,lstm
2020-11-09 22:45:00,0.0,-0.002287075,lstm
2020-11-09 22:45:00,0.0,-0.004060358,lstm
2020-11-09 22:45:00,0.0,-0.0022433102,lstm
2020-11-09 22:45:00,0.0,0.00038863719,lstm
2020-11-09 23:00:00,0.0,-0.0022867322,lstm
2020-11-09 23:00:00,0.0,-0.004017368,lstm
2020-11-09 23:00:00,0.0,-0.0022131056,lstm
2020-11-09 23:00:00,0.0,0.0004415065,lstm
2020-11-09 23:15:00,0.0,-0.002278477,lstm
2020-11-09 23:15:00,0.0,-0.003983721,lstm
2020-11-09 23:15:00,0.0,-0.0021877736,lstm
2020-11-09 23:15:00,0.0,0.00047421455,lstm
2020-11-09 23:30:00,0.0,-0.0022721142,lstm
2020-11-09 23:30:00,0.0,-0.0039518178,lstm
2020-11-09 23:30:00,0.0,-0.0021636933,lstm
2020-11-09 23:30:00,0.0,0.00050637126,lstm
2020-11-09 23:45:00,0.0,-0.0023121685,lstm
2020-11-09 23:45:00,0.0,-0.00395447,lstm
2020-11-09 23:45:00,0.0,-0.0022399127,lstm
2020-11-09 23:45:00,0.0,0.00048151612,lstm
2020-11-10 00:00:00,0.0,-0.0022921264,lstm
2020-11-10 00:00:00,0.0,-0.003894776,lstm
2020-11-10 00:00:00,0.0,-0.0021946728,lstm
2020-11-10 00:00:00,0.0,0.0005273819,lstm
2020-11-10 00:15:00,0.0,-0.0022735298,lstm
2020-11-10 00:15:00,0.0,-0.0038552284,lstm
2020-11-10 00:15:00,0.0,-0.0021513551,lstm
2020-11-10 00:15:00,0.0,0.0005623847,lstm
2020-11-10 00:30:00,0.0,-0.0022596568,lstm
2020-11-10 00:30:00,0.0,-0.0038263053,lstm
2020-11-10 00:30:00,0.0,-0.0021271259,lstm
2020-11-10 00:30:00,0.0,0.0005777627,lstm
2020-11-10 00:45:00,0.0,-0.0022853017,lstm
2020-11-10 00:45:00,0.0,-0.0038291663,lstm
2020-11-10 00:45:00,0.0,-0.0022125691,lstm
2020-11-10 00:45:00,0.0,0.0005262941,lstm
2020-11-10 01:00:00,0.0,-0.0022504628,lstm
2020-11-10 01:00:00,0.0,-0.0037676394,lstm
2020-11-10 01:00:00,0.0,-0.0021593869,lstm
2020-11-10 01:00:00,0.0,0.0005623251,lstm
2020-11-10 01:15:00,0.0,-0.0022266507,lstm
2020-11-10 01:15:00,0.0,-0.003741458,lstm
2020-11-10 01:15:00,0.0,-0.0021342188,lstm
2020-11-10 01:15:00,0.0,0.0005725026,lstm
2020-11-10 01:30:00,0.0,-0.002211973,lstm
2020-11-10 01:30:00,0.0,-0.0037271231,lstm
2020-11-10 01:30:00,0.0,-0.0021227896,lstm
2020-11-10 01:30:00,0.0,0.00057539344,lstm
2020-11-10 01:45:00,0.0,-0.002233073,lstm
2020-11-10 01:45:00,0.0,-0.0037232786,lstm
2020-11-10 01:45:00,0.0,-0.0021966547,lstm
2020-11-10 01:45:00,0.0,0.0005083829,lstm
2020-11-10 02:00:00,0.0,-0.0021931678,lstm
2020-11-10 02:00:00,0.0,-0.0036721677,lstm
2020-11-10 02:00:00,0.0,-0.0021527708,lstm
2020-11-10 02:00:00,0.0,0.0005207956,lstm
2020-11-10 02:15:00,0.0,-0.0021574944,lstm
2020-11-10 02:15:00,0.0,-0.0036461055,lstm
2020-11-10 02:15:00,0.0,-0.0021340698,lstm
2020-11-10 02:15:00,0.0,0.00051291287,lstm
2020-11-10 02:30:00,0.0,-0.0021264106,lstm
2020-11-10 02:30:00,0.0,-0.0036295205,lstm
2020-11-10 02:30:00,0.0,-0.0021278262,lstm
2020-11-10 02:30:00,0.0,0.0004991442,lstm
2020-11-10 02:45:00,0.0,-0.00212951,lstm
2020-11-10 02:45:00,0.0,-0.003624469,lstm
2020-11-10 02:45:00,0.0,-0.0021901876,lstm
2020-11-10 02:45:00,0.0,0.00041753054,lstm
2020-11-10 03:00:00,0.0,-0.0020813644,lstm
2020-11-10 03:00:00,0.0,-0.0035819411,lstm
2020-11-10 03:00:00,0.0,-0.0021437705,lstm
2020-11-10 03:00:00,0.0,0.00041408837,lstm
2020-11-10 03:15:00,0.0,-0.0020558536,lstm
2020-11-10 03:15:00,0.0,-0.0035847276,lstm
2020-11-10 03:15:00,0.0,-0.0021308959,lstm
2020-11-10 03:15:00,0.0,0.00039629638,lstm
2020-11-10 03:30:00,0.0,-0.0020333827,lstm
2020-11-10 03:30:00,0.0,-0.0035858452,lstm
2020-11-10 03:30:00,0.0,-0.0021532625,lstm
2020-11-10 03:30:00,0.0,0.00035096705,lstm
2020-11-10 03:45:00,0.0,-0.0020276457,lstm
2020-11-10 03:45:00,0.0,-0.0035865456,lstm
2020-11-10 03:45:00,0.0,-0.0022133887,lstm
2020-11-10 03:45:00,0.0,0.00025382638,lstm
2020-11-10 04:00:00,0.0,-0.0019708276,lstm
2020-11-10 04:00:00,0.0,-0.003564313,lstm
2020-11-10 04:00:00,0.0,-0.002197355,lstm
2020-11-10 04:00:00,0.0,0.00021083653,lstm
2020-11-10 04:15:00,0.0,-0.0019256026,lstm
2020-11-10 04:15:00,0.0,-0.0035720915,lstm
2020-11-10 04:15:00,0.0,-0.0021976978,lstm
2020-11-10 04:15:00,0.0,0.00017483532,lstm
2020-11-10 04:30:00,0.0,-0.001895681,lstm
2020-11-10 04:30:00,0.0,-0.0035864562,lstm
2020-11-10 04:30:00,0.0,-0.0022172928,lstm
2020-11-10 04:30:00,0.0,0.00013166666,lstm
2020-11-10 04:45:00,0.0,-0.0019045919,lstm
2020-11-10 04:45:00,0.0,-0.0036084056,lstm
2020-11-10 04:45:00,0.0,-0.0022559613,lstm
2020-11-10 04:45:00,0.0,5.1036477e-05,lstm
2020-11-10 05:00:00,0.0,-0.001868993,lstm
2020-11-10 05:00:00,0.0,-0.003629461,lstm
2020-11-10 05:00:00,0.0,-0.0022735894,lstm
2020-11-10 05:00:00,0.0,-1.5974045e-05,lstm
2020-11-10 05:15:00,0.0,-0.0018199384,lstm
2020-11-10 05:15:00,0.0,-0.003660813,lstm
2020-11-10 05:15:00,0.0,-0.0023184717,lstm
2020-11-10 05:15:00,0.0,-8.0659986e-05,lstm
2020-11-10 05:30:00,0.0,-0.001779452,lstm
2020-11-10 05:30:00,0.0,-0.003692031,lstm
2020-11-10 05:30:00,0.0,-0.0023590624,lstm
2020-11-10 05:30:00,0.0,-0.00012511015,lstm
2020-11-10 05:45:00,0.0,-0.0018024296,lstm
2020-11-10 05:45:00,0.0,-0.0037316978,lstm
2020-11-10 05:45:00,0.0,-0.002376631,lstm
2020-11-10 05:45:00,0.0,-0.00016336143,lstm
2020-11-10 06:00:00,0.0,-0.0018031299,lstm
2020-11-10 06:00:00,0.0,-0.00380373,lstm
2020-11-10 06:00:00,0.0,-0.0024086237,lstm
2020-11-10 06:00:00,0.0,-0.00020875037,lstm
2020-11-10 06:15:00,0.0,-0.0017852187,lstm
2020-11-10 06:15:00,0.0,-0.0038819164,lstm
2020-11-10 06:15:00,0.0,-0.002472043,lstm
2020-11-10 06:15:00,0.0,-0.00024618208,lstm
2020-11-10 06:30:00,0.0,-0.0017594099,lstm
2020-11-10 06:30:00,0.0,-0.003956005,lstm
2020-11-10 06:30:00,0.0,-0.002545938,lstm
2020-11-10 06:30:00,0.0,-0.0002797097,lstm
2020-11-10 06:45:00,0.0,-0.0017816722,lstm
2020-11-10 06:45:00,0.0,-0.004023969,lstm
2020-11-10 06:45:00,0.0,-0.0025443882,lstm
2020-11-10 06:45:00,0.0,-0.00024315715,lstm
2020-11-10 07:00:00,0.0,-0.0017725825,lstm
2020-11-10 07:00:00,0.0,-0.0041408986,lstm
2020-11-10 07:00:00,0.0,-0.0025925338,lstm
2020-11-10 07:00:00,0.0,-0.00022476912,lstm
2020-11-10 07:15:00,0.0,-0.0017203242,lstm
2020-11-10 07:15:00,0.0,-0.004244551,lstm
2020-11-10 07:15:00,0.0,-0.0026215762,lstm
2020-11-10 07:15:00,0.0,-0.00013925135,lstm
2020-11-10 07:30:00,0.0,-0.001647383,lstm
2020-11-10 07:30:00,0.0,-0.0043474734,lstm
2020-11-10 07:30:00,0.0,-0.0026801676,lstm
2020-11-10 07:30:00,0.0,-4.6387315e-05,lstm
2020-11-10 07:45:00,0.0,-0.0016252548,lstm
2020-11-10 07:45:00,0.0,-0.0043847114,lstm
2020-11-10 07:45:00,0.0,-0.0024914443,lstm
2020-11-10 07:45:00,0.0,0.0003593415,lstm
2020-11-10 08:00:00,0.0,-0.0015736371,lstm
2020-11-10 08:00:00,0.0,-0.004510045,lstm
2020-11-10 08:00:00,0.0,-0.002363935,lstm
2020-11-10 08:00:00,0.0,0.0008429289,lstm
2020-11-10 08:15:00,0.0,-0.0014030039,lstm
2020-11-10 08:15:00,0.0,-0.004615277,lstm
2020-11-10 08:15:00,0.0,-0.002086863,lstm
2020-11-10 08:15:00,0.002399996,0.0018153042,lstm
2020-11-10 08:30:00,0.0,-0.0010432005,lstm
2020-11-10 08:30:00,0.0,-0.00461182,lstm
2020-11-10 08:30:00,0.002399996,-0.0011704117,lstm
2020-11-10 08:30:00,0.006799996,0.0045080483,lstm
2020-11-10 08:45:00,0.0,-0.0005995482,lstm
2020-11-10 08:45:00,0.002399996,-0.0038896203,lstm
2020-11-10 08:45:00,0.006799996,0.001886949,lstm
2020-11-10 08:45:00,0.013999999,0.012319773,lstm
2020-11-10 09:00:00,0.002399996,-0.0004978627,lstm
2020-11-10 09:00:00,0.006799996,0.0024112165,lstm
2020-11-10 09:00:00,0.013999999,0.017963842,lstm
2020-11-10 09:00:00,0.03559999,0.04638152,lstm
2020-11-10 09:15:00,0.006799996,0.003421247,lstm
2020-11-10 09:15:00,0.013999999,0.028759703,lstm
2020-11-10 09:15:00,0.03559999,0.07150716,lstm
2020-11-10 09:15:00,0.056199998,0.13669637,lstm
2020-11-10 09:30:00,0.013999999,0.015456185,lstm
2020-11-10 09:30:00,0.035600007,0.051113933,lstm
2020-11-10 09:30:00,0.056199998,0.11301747,lstm
2020-11-10 09:30:00,0.1122,0.18518297,lstm
2020-11-10 09:45:00,0.03559999,0.041011527,lstm
2020-11-10 09:45:00,0.056199998,0.09077142,lstm
2020-11-10 09:45:00,0.11220001,0.16452198,lstm
2020-11-10 09:45:00,0.2946,0.23319589,lstm
2020-11-10 10:00:00,0.056199998,0.07369125,lstm
2020-11-10 10:00:00,0.1122,0.13478176,lstm
2020-11-10 10:00:00,0.2946,0.20360132,lstm
2020-11-10 10:00:00,0.398,0.25925735,lstm
2020-11-10 10:15:00,0.1122,0.09265886,lstm
2020-11-10 10:15:00,0.2946,0.15120213,lstm
2020-11-10 10:15:00,0.398,0.2047855,lstm
2020-11-10 10:15:00,0.5152,0.24824633,lstm
2020-11-10 10:30:00,0.2946,0.18064678,lstm
2020-11-10 10:30:00,0.398,0.23773824,lstm
2020-11-10 10:30:00,0.5152,0.28636745,lstm
2020-11-10 10:30:00,0.546,0.3271941,lstm
2020-11-10 10:45:00,0.398,0.31803823,lstm
2020-11-10 10:45:00,0.5152,0.36248964,lstm
2020-11-10 10:45:00,0.546,0.40353894,lstm
2020-11-10 10:45:00,0.5466,0.45438772,lstm
2020-11-10 11:00:00,0.5152,0.39497235,lstm
2020-11-10 11:00:00,0.546,0.43673366,lstm
2020-11-10 11:00:00,0.5466,0.47558433,lstm
2020-11-10 11:00:00,0.265,0.5289875,lstm
2020-11-10 11:15:00,0.546,0.49933472,lstm
2020-11-10 11:15:00,0.5466,0.5287945,lstm
2020-11-10 11:15:00,0.265,0.56861746,lstm
2020-11-10 11:15:00,0.2688,0.60662556,lstm
2020-11-10 11:30:00,0.5466,0.5405905,lstm
2020-11-10 11:30:00,0.265,0.57099414,lstm
2020-11-10 11:30:00,0.2688,0.60498905,lstm
2020-11-10 11:30:00,0.254,0.63096833,lstm
2020-11-10 11:45:00,0.265,0.5710105,lstm
2020-11-10 11:45:00,0.2688,0.6005233,lstm
2020-11-10 11:45:00,0.254,0.6258993,lstm
2020-11-10 11:45:00,0.2662,0.6456692,lstm
2020-11-10 12:00:00,0.2688,0.37122706,lstm
2020-11-10 12:00:00,0.254,0.42540842,lstm
2020-11-10 12:00:00,0.2662,0.44163933,lstm
2020-11-10 12:00:00,0.272,0.44211587,lstm
2020-11-10 12:15:00,0.254,0.35659784,lstm
2020-11-10 12:15:00,0.2662,0.39375255,lstm
2020-11-10 12:15:00,0.272,0.4116277,lstm
2020-11-10 12:15:00,0.2444,0.42332327,lstm
2020-11-10 12:30:00,0.2662,0.29213092,lstm
2020-11-10 12:30:00,0.272,0.32089692,lstm
2020-11-10 12:30:00,0.2444,0.33555678,lstm
2020-11-10 12:30:00,0.2536,0.34695578,lstm
2020-11-10 12:45:00,0.272,0.28296927,lstm
2020-11-10 12:45:00,0.2444,0.2993043,lstm
2020-11-10 12:45:00,0.2536,0.30988148,lstm
2020-11-10 12:45:00,0.2554,0.31909806,lstm
2020-11-10 13:00:00,0.2444,0.25522342,lstm
2020-11-10 13:00:00,0.2536,0.26496065,lstm
2020-11-10 13:00:00,0.2554,0.2695435,lstm
2020-11-10 13:00:00,0.2404,0.27583584,lstm
2020-11-10 13:15:00,0.2536,0.19021606,lstm
2020-11-10 13:15:00,0.2554,0.19552124,lstm
2020-11-10 13:15:00,0.2404,0.19333324,lstm
2020-11-10 13:15:00,0.231,0.19591765,lstm
2020-11-10 13:30:00,0.2554,0.19250427,lstm
2020-11-10 13:30:00,0.2404,0.19407053,lstm
2020-11-10 13:30:00,0.231,0.18748091,lstm
2020-11-10 13:30:00,0.234,0.18980104,lstm
2020-11-10 13:45:00,0.2404,0.17555684,lstm
2020-11-10 13:45:00,0.231,0.17363325,lstm
2020-11-10 13:45:00,0.234,0.16391197,lstm
2020-11-10 13:45:00,0.2562,0.16548127,lstm
2020-11-10 14:00:00,0.231,0.15589932,lstm
2020-11-10 14:00:00,0.234,0.14740092,lstm
2020-11-10 14:00:00,0.2562,0.13522783,lstm
2020-11-10 14:00:00,0.2754,0.1331829,lstm
2020-11-10 14:15:00,0.234,0.15485685,lstm
2020-11-10 14:15:00,0.2562,0.1401658,lstm
2020-11-10 14:15:00,0.2754,0.12623791,lstm
2020-11-10 14:15:00,0.2938,0.12203899,lstm
2020-11-10 14:30:00,0.2562,0.16800727,lstm
2020-11-10 14:30:00,0.2754,0.14784306,lstm
2020-11-10 14:30:00,0.2938,0.13451162,lstm
2020-11-10 14:30:00,0.47720003,0.1296154,lstm
2020-11-10 14:45:00,0.2754,0.19345786,lstm
2020-11-10 14:45:00,0.2938,0.17057523,lstm
2020-11-10 14:45:00,0.47720003,0.16399851,lstm
2020-11-10 14:45:00,0.6806,0.15490127,lstm
2020-11-10 15:00:00,0.2938,0.20915726,lstm
2020-11-10 15:00:00,0.4772,0.18882374,lstm
2020-11-10 15:00:00,0.6806,0.1921342,lstm
2020-11-10 15:00:00,0.6524,0.1811763,lstm
2020-11-10 15:15:00,0.4772,0.26910535,lstm
2020-11-10 15:15:00,0.6806,0.259891,lstm
2020-11-10 15:15:00,0.6524,0.26329336,lstm
2020-11-10 15:15:00,0.6161999,0.25176433,lstm
2020-11-10 15:30:00,0.6806,0.5243242,lstm
2020-11-10 15:30:00,0.6524,0.52136606,lstm
2020-11-10 15:30:00,0.6162,0.5076619,lstm
2020-11-10 15:30:00,0.5832,0.5001087,lstm
2020-11-10 15:45:00,0.6524,0.6777073,lstm
2020-11-10 15:45:00,0.6162,0.6554255,lstm
2020-11-10 15:45:00,0.5832,0.6363123,lstm
2020-11-10 15:45:00,0.5426,0.6318407,lstm
2020-11-10 16:00:00,0.6162,0.62251747,lstm
2020-11-10 16:00:00,0.5832,0.6088501,lstm
2020-11-10 16:00:00,0.5426,0.58226943,lstm
2020-11-10 16:00:00,0.49199998,0.5541485,lstm
2020-11-10 16:15:00,0.5832,0.59595335,lstm
2020-11-10 16:15:00,0.5426,0.5635662,lstm
2020-11-10 16:15:00,0.49200004,0.5233281,lstm
2020-11-10 16:15:00,0.4374,0.4816686,lstm
2020-11-10 16:30:00,0.5426,0.56882477,lstm
2020-11-10 16:30:00,0.492,0.5261438,lstm
2020-11-10 16:30:00,0.4374,0.4781571,lstm
2020-11-10 16:30:00,0.3686,0.4321464,lstm
2020-11-10 16:45:00,0.492,0.5206455,lstm
2020-11-10 16:45:00,0.4374,0.4706957,lstm
2020-11-10 16:45:00,0.3686,0.4174063,lstm
2020-11-10 16:45:00,0.2886,0.36109436,lstm
2020-11-10 17:00:00,0.4374,0.46624422,lstm
2020-11-10 17:00:00,0.3686,0.4032308,lstm
2020-11-10 17:00:00,0.2886,0.3415228,lstm
2020-11-10 17:00:00,0.2054,0.27174205,lstm
2020-11-10 17:15:00,0.3686,0.41145313,lstm
2020-11-10 17:15:00,0.2886,0.3334301,lstm
2020-11-10 17:15:00,0.2054,0.26359874,lstm
2020-11-10 17:15:00,0.1096,0.1881704,lstm
2020-11-10 17:30:00,0.2886,0.3331555,lstm
2020-11-10 17:30:00,0.2054,0.24459535,lstm
2020-11-10 17:30:00,0.1096,0.16993974,lstm
2020-11-10 17:30:00,0.0502,0.104661494,lstm
2020-11-10 17:45:00,0.2054,0.24292186,lstm
2020-11-10 17:45:00,0.1096,0.15539785,lstm
2020-11-10 17:45:00,0.0502,0.0946313,lstm
2020-11-10 17:45:00,0.0176,0.04606211,lstm
2020-11-10 18:00:00,0.10960001,0.1573557,lstm
2020-11-10 18:00:00,0.050200015,0.08292224,lstm
2020-11-10 18:00:00,0.0176,0.04589747,lstm
2020-11-10 18:00:00,0.0013999939,0.013679579,lstm
2020-11-10 18:15:00,0.0502,0.08046946,lstm
2020-11-10 18:15:00,0.017600015,0.033269793,lstm
2020-11-10 18:15:00,0.0013999939,0.012478471,lstm
2020-11-10 18:15:00,0.0,0.0013623238,lstm
2020-11-10 18:30:00,0.0176,0.03733678,lstm
2020-11-10 18:30:00,0.0013999939,0.009891242,lstm
2020-11-10 18:30:00,0.0,-0.0009250343,lstm
2020-11-10 18:30:00,0.0,-0.001862511,lstm
2020-11-10 18:45:00,0.0013999939,0.017010435,lstm
2020-11-10 18:45:00,0.0,0.0010309666,lstm
2020-11-10 18:45:00,0.0,-0.0035987943,lstm
2020-11-10 18:45:00,0.0,-0.0016418397,lstm
2020-11-10 19:00:00,0.0,0.006735593,lstm
2020-11-10 19:00:00,0.0,-0.002022162,lstm
2020-11-10 19:00:00,0.0,-0.0035530776,lstm
2020-11-10 19:00:00,0.0,-0.00085249543,lstm
2020-11-10 19:15:00,0.0,0.002230361,lstm
2020-11-10 19:15:00,0.0,-0.0029598624,lstm
2020-11-10 19:15:00,0.0,-0.0027152896,lstm
2020-11-10 19:15:00,0.0,-0.00017867982,lstm
2020-11-10 19:30:00,0.0,4.647672e-05,lstm
2020-11-10 19:30:00,0.0,-0.0034540594,lstm
2020-11-10 19:30:00,0.0,-0.0022824258,lstm
2020-11-10 19:30:00,0.0,-1.7374754e-05,lstm
2020-11-10 19:45:00,0.0,-0.0009858459,lstm
2020-11-10 19:45:00,0.0,-0.0037067682,lstm
2020-11-10 19:45:00,0.0,-0.0021270514,lstm
2020-11-10 19:45:00,0.0,7.909536e-05,lstm
2020-11-10 20:00:00,0.0,-0.001445502,lstm
2020-11-10 20:00:00,0.0,-0.0038386285,lstm
2020-11-10 20:00:00,0.0,-0.0020793676,lstm
2020-11-10 20:00:00,0.0,0.00012558699,lstm
2020-11-10 20:15:00,0.0,-0.0016862154,lstm
2020-11-10 20:15:00,0.0,-0.003899932,lstm
2020-11-10 20:15:00,0.0,-0.0020353198,lstm
2020-11-10 20:15:00,0.0,0.00016798079,lstm
2020-11-10 20:30:00,0.0,-0.0018208474,lstm
2020-11-10 20:30:00,0.0,-0.0039219856,lstm
2020-11-10 20:30:00,0.0,-0.0019876212,lstm
2020-11-10 20:30:00,0.0,0.00021086633,lstm
2020-11-10 20:45:00,0.0,-0.0019302219,lstm
2020-11-10 20:45:00,0.0,-0.004007548,lstm
2020-11-10 20:45:00,0.0,-0.0020816326,lstm
2020-11-10 20:45:00,0.0,0.00019815564,lstm
2020-11-10 21:00:00,0.0,-0.0020146668,lstm
2020-11-10 21:00:00,0.0,-0.004024878,lstm
2020-11-10 21:00:00,0.0,-0.0020848215,lstm
2020-11-10 21:00:00,0.0,0.00024564564,lstm
2020-11-10 21:15:00,0.0,-0.0020602494,lstm
2020-11-10 21:15:00,0.0,-0.0040109903,lstm
2020-11-10 21:15:00,0.0,-0.0020614415,lstm
2020-11-10 21:15:00,0.0,0.0002911687,lstm
2020-11-10 21:30:00,0.0,-0.0020841956,lstm
2020-11-10 21:30:00,0.0,-0.003994867,lstm
2020-11-10 21:30:00,0.0,-0.0020330995,lstm
2020-11-10 21:30:00,0.0,0.0003296882,lstm
2020-11-10 21:45:00,0.0,-0.0021529645,lstm
2020-11-10 21:45:00,0.0,-0.00404872,lstm
2020-11-10 21:45:00,0.0,-0.0021367073,lstm
2020-11-10 21:45:00,0.0,0.00031264126,lstm
2020-11-10 22:00:00,0.0,-0.0021789968,lstm
2020-11-10 22:00:00,0.0,-0.0040276647,lstm
2020-11-10 22:00:00,0.0,-0.002125129,lstm
2020-11-10 22:00:00,0.0,0.00036384165,lstm
2020-11-10 22:15:00,0.0,-0.0021865368,lstm
2020-11-10 22:15:00,0.0,-0.0039981157,lstm
2020-11-10 22:15:00,0.0,-0.0021038651,lstm
2020-11-10 22:15:00,0.0,0.00040486455,lstm
2020-11-10 22:30:00,0.0,-0.0021902323,lstm
2020-11-10 22:30:00,0.0,-0.0039681047,lstm
2020-11-10 22:30:00,0.0,-0.0020716935,lstm
2020-11-10 22:30:00,0.0,0.00044611096,lstm
2020-11-10 22:45:00,0.0,-0.0022496432,lstm
2020-11-10 22:45:00,0.0,-0.0039975345,lstm
2020-11-10 22:45:00,0.0,-0.0021748245,lstm
2020-11-10 22:45:00,0.0,0.00041940808,lstm
2020-11-10 23:00:00,0.0,-0.0022432506,lstm
2020-11-10 23:00:00,0.0,-0.0039482713,lstm
2020-11-10 23:00:00,0.0,-0.002141863,lstm
2020-11-10 23:00:00,0.0,0.0004762113,lstm
2020-11-10 23:15:00,0.0,-0.0022317618,lstm
2020-11-10 23:15:00,0.0,-0.003903538,lstm
2020-11-10 23:15:00,0.0,-0.002098024,lstm
2020-11-10 23:15:00,0.0,0.00052146614,lstm
2020-11-10 23:30:00,0.0,-0.0022194535,lstm
2020-11-10 23:30:00,0.0,-0.003865838,lstm
2020-11-10 23:30:00,0.0,-0.0020655543,lstm
2020-11-10 23:30:00,0.0,0.0005520731,lstm
2020-11-10 23:45:00,0.0,-0.002275616,lstm
2020-11-10 23:45:00,0.0,-0.0038847774,lstm
2020-11-10 23:45:00,0.0,-0.0021612048,lstm
2020-11-10 23:45:00,0.0,0.00051525235,lstm
2020-11-11 00:00:00,0.0,-0.0022511482,lstm
2020-11-11 00:00:00,0.0,-0.0038191825,lstm
2020-11-11 00:00:00,0.0,-0.002113983,lstm
2020-11-11 00:00:00,0.0,0.00056163967,lstm
2020-11-11 00:15:00,0.0,-0.0022322834,lstm
2020-11-11 00:15:00,0.0,-0.0037826896,lstm
2020-11-11 00:15:00,0.0,-0.0020735413,lstm
2020-11-11 00:15:00,0.0,0.00059370697,lstm
2020-11-11 00:30:00,0.0,-0.002216518,lstm
2020-11-11 00:30:00,0.0,-0.0037553906,lstm
2020-11-11 00:30:00,0.0,-0.0020476133,lstm
2020-11-11 00:30:00,0.0,0.00060772896,lstm
2020-11-11 00:45:00,0.0,-0.0022505522,lstm
2020-11-11 00:45:00,0.0,-0.0037669837,lstm
2020-11-11 00:45:00,0.0,-0.002142027,lstm
2020-11-11 00:45:00,0.0,0.0005479604,lstm
2020-11-11 01:00:00,0.0,-0.0022121072,lstm
2020-11-11 01:00:00,0.0,-0.0037037581,lstm
2020-11-11 01:00:00,0.0,-0.0020906478,lstm
2020-11-11 01:00:00,0.0,0.00057913363,lstm
2020-11-11 01:15:00,0.0,-0.0021853298,lstm
2020-11-11 01:15:00,0.0,-0.0036752075,lstm
2020-11-11 01:15:00,0.0,-0.0020679235,lstm
2020-11-11 01:15:00,0.0,0.0005854517,lstm
2020-11-11 01:30:00,0.0,-0.0021694005,lstm
2020-11-11 01:30:00,0.0,-0.003659442,lstm
2020-11-11 01:30:00,0.0,-0.002056241,lstm
2020-11-11 01:30:00,0.0,0.0005889833,lstm
2020-11-11 01:45:00,0.0,-0.0022030473,lstm
2020-11-11 01:45:00,0.0,-0.0036650747,lstm
2020-11-11 01:45:00,0.0,-0.0021374673,lstm
2020-11-11 01:45:00,0.0,0.0005196035,lstm
2020-11-11 02:00:00,0.0,-0.0021577328,lstm
2020-11-11 02:00:00,0.0,-0.0036055744,lstm
2020-11-11 02:00:00,0.0,-0.002089575,lstm
2020-11-11 02:00:00,0.0,0.00052909553,lstm
2020-11-11 02:15:00,0.0,-0.002123922,lstm
2020-11-11 02:15:00,0.0,-0.0035883486,lstm
2020-11-11 02:15:00,0.0,-0.0020786375,lstm
2020-11-11 02:15:00,0.0,0.00051499903,lstm
2020-11-11 02:30:00,0.0,-0.0020987988,lstm
2020-11-11 02:30:00,0.0,-0.0035775453,lstm
2020-11-11 02:30:00,0.0,-0.0020735413,lstm
2020-11-11 02:30:00,0.0,0.0005042255,lstm
2020-11-11 02:45:00,0.0,-0.00211595,lstm
2020-11-11 02:45:00,0.0,-0.0035840124,lstm
2020-11-11 02:45:00,0.0,-0.0021442473,lstm
2020-11-11 02:45:00,0.0,0.00042185187,lstm
2020-11-11 03:00:00,0.0,-0.0020689517,lstm
2020-11-11 03:00:00,0.0,-0.0035400838,lstm
2020-11-11 03:00:00,0.0,-0.002101481,lstm
2020-11-11 03:00:00,0.0,0.00041349232,lstm
2020-11-11 03:15:00,0.0,-0.0020314455,lstm
2020-11-11 03:15:00,0.0,-0.0035331696,lstm
2020-11-11 03:15:00,0.0,-0.0021052212,lstm
2020-11-11 03:15:00,0.0,0.00037559867,lstm
2020-11-11 03:30:00,0.0,-0.0020017326,lstm
2020-11-11 03:30:00,0.0,-0.0035337359,lstm
2020-11-11 03:30:00,0.0,-0.0021167994,lstm
2020-11-11 03:30:00,0.0,0.00034482777,lstm
2020-11-11 03:45:00,0.0,-0.0020036101,lstm
2020-11-11 03:45:00,0.0,-0.0035388619,lstm
2020-11-11 03:45:00,0.0,-0.002172172,lstm
2020-11-11 03:45:00,0.0,0.00025372207,lstm
2020-11-11 04:00:00,0.0,-0.0019573122,lstm
2020-11-11 04:00:00,0.0,-0.0035280138,lstm
2020-11-11 04:00:00,0.0,-0.0021593124,lstm
2020-11-11 04:00:00,0.0,0.00021001697,lstm
2020-11-11 04:15:00,0.0,-0.0019184202,lstm
2020-11-11 04:15:00,0.0,-0.0035372078,lstm
2020-11-11 04:15:00,0.0,-0.0021750033,lstm
2020-11-11 04:15:00,0.0,0.00016129017,lstm
2020-11-11 04:30:00,0.0,-0.0018916577,lstm
2020-11-11 04:30:00,0.0,-0.0035535842,lstm
2020-11-11 04:30:00,0.0,-0.002200529,lstm
2020-11-11 04:30:00,0.0,0.00011782348,lstm
2020-11-11 04:45:00,0.0,-0.0019119531,lstm
2020-11-11 04:45:00,0.0,-0.0035821944,lstm
2020-11-11 04:45:00,0.0,-0.0022371411,lstm
2020-11-11 04:45:00,0.0,3.901124e-05,lstm
2020-11-11 05:00:00,0.0,-0.0018901527,lstm
2020-11-11 05:00:00,0.0,-0.0036190748,lstm
2020-11-11 05:00:00,0.0,-0.0022687912,lstm
2020-11-11 05:00:00,0.0,-4.5001507e-05,lstm
2020-11-11 05:15:00,0.0,-0.0018554926,lstm
2020-11-11 05:15:00,0.0,-0.00366354,lstm
2020-11-11 05:15:00,0.0,-0.0023268163,lstm
2020-11-11 05:15:00,0.0,-0.000119790435,lstm
2020-11-11 05:30:00,0.0,-0.0018247068,lstm
2020-11-11 05:30:00,0.0,-0.0037043244,lstm
2020-11-11 05:30:00,0.0,-0.002373308,lstm
2020-11-11 05:30:00,0.0,-0.0001706481,lstm
2020-11-11 05:45:00,0.0,-0.0018441081,lstm
2020-11-11 05:45:00,0.0,-0.0037507117,lstm
2020-11-11 05:45:00,0.0,-0.0024099946,lstm
2020-11-11 05:45:00,0.0,-0.00023633242,lstm
2020-11-11 06:00:00,0.0,-0.0018385798,lstm
2020-11-11 06:00:00,0.0,-0.0038312376,lstm
2020-11-11 06:00:00,0.0,-0.0024644434,lstm
2020-11-11 06:00:00,0.0,-0.00030627847,lstm
2020-11-11 06:15:00,0.0,-0.0018058866,lstm
2020-11-11 06:15:00,0.0,-0.003903091,lstm
2020-11-11 06:15:00,0.0,-0.002531901,lstm
2020-11-11 06:15:00,0.0,-0.00035369396,lstm
2020-11-11 06:30:00,0.0,-0.0017770827,lstm
2020-11-11 06:30:00,0.0,-0.003970623,lstm
2020-11-11 06:30:00,0.0,-0.0025900602,lstm
2020-11-11 06:30:00,0.0,-0.0003745854,lstm
2020-11-11 06:45:00,0.0,-0.0017961115,lstm
2020-11-11 06:45:00,0.0,-0.004032105,lstm
2020-11-11 06:45:00,0.0,-0.0026034266,lstm
2020-11-11 06:45:00,0.0,-0.00035314262,lstm
2020-11-11 07:00:00,0.0,-0.0018009543,lstm
2020-11-11 07:00:00,0.0,-0.00414446,lstm
2020-11-11 07:00:00,0.0,-0.002650842,lstm
2020-11-11 07:00:00,0.0,-0.00033028424,lstm
2020-11-11 07:15:00,0.0,-0.0017760247,lstm
2020-11-11 07:15:00,0.0,-0.0042530894,lstm
2020-11-11 07:15:00,0.0,-0.0026802272,lstm
2020-11-11 07:15:00,0.0,-0.00025634468,lstm
2020-11-11 07:30:00,0.0,-0.0017161071,lstm
2020-11-11 07:30:00,0.0,-0.0043718964,lstm
2020-11-11 07:30:00,0.0,-0.0027579963,lstm
2020-11-11 07:30:00,0.0,-0.00020687282,lstm
2020-11-11 07:45:00,0.0,-0.0016817153,lstm
2020-11-11 07:45:00,0.0,-0.0044394583,lstm
2020-11-11 07:45:00,0.0,-0.0026921332,lstm
2020-11-11 07:45:00,0.0,6.300211e-05,lstm
2020-11-11 08:00:00,0.0,-0.001625061,lstm
2020-11-11 08:00:00,0.0,-0.0045788884,lstm
2020-11-11 08:00:00,0.0,-0.0026428998,lstm
2020-11-11 08:00:00,0.0,0.00043319166,lstm
2020-11-11 08:15:00,0.0,-0.0014892071,lstm
2020-11-11 08:15:00,0.0,-0.0047239065,lstm
2020-11-11 08:15:00,0.0,-0.0024704486,lstm
2020-11-11 08:15:00,0.0028000027,0.0012232512,lstm
2020-11-11 08:30:00,0.0,-0.0011796802,lstm
2020-11-11 08:30:00,0.0,-0.0048879236,lstm
2020-11-11 08:30:00,0.0028000027,-0.0019093007,lstm
2020-11-11 08:30:00,0.020600006,0.0033828318,lstm
2020-11-11 08:45:00,0.0,-0.00079122186,lstm
2020-11-11 08:45:00,0.0028000027,-0.0045072436,lstm
2020-11-11 08:45:00,0.020600006,0.00051485,lstm
2020-11-11 08:45:00,0.056199998,0.010163292,lstm
2020-11-11 09:00:00,0.0028000027,-0.0009072572,lstm
2020-11-11 09:00:00,0.020600006,0.00038459897,lstm
2020-11-11 09:00:00,0.056199998,0.014007285,lstm
2020-11-11 09:00:00,0.1254,0.040453225,lstm
2020-11-11 09:15:00,0.020600006,0.0023469627,lstm
2020-11-11 09:15:00,0.056199998,0.024172172,lstm
2020-11-11 09:15:00,0.1254,0.06347507,lstm
2020-11-11 09:15:00,0.2384,0.12599306,lstm
2020-11-11 09:30:00,0.056199998,0.045698598,lstm
2020-11-11 09:30:00,0.1254,0.09542127,lstm
2020-11-11 09:30:00,0.2384,0.17252868,lstm
2020-11-11 09:30:00,0.3244,0.25546497,lstm
2020-11-11 09:45:00,0.1254,0.11094646,lstm
2020-11-11 09:45:00,0.2384,0.18783414,lstm
2020-11-11 09:45:00,0.3244,0.28593856,lstm
2020-11-11 09:45:00,0.3952,0.3652336,lstm
2020-11-11 10:00:00,0.2384,0.21692857,lstm
2020-11-11 10:00:00,0.3244,0.3053995,lstm
2020-11-11 10:00:00,0.3952,0.39308208,lstm
2020-11-11 10:00:00,0.4584,0.46222043,lstm
2020-11-11 10:15:00,0.3244,0.32115972,lstm
2020-11-11 10:15:00,0.3952,0.39394462,lstm
2020-11-11 10:15:00,0.4584,0.45220846,lstm
2020-11-11 10:15:00,0.51659995,0.5233644,lstm
2020-11-11 10:30:00,0.3952,0.36241338,lstm
2020-11-11 10:30:00,0.4584,0.4241355,lstm
2020-11-11 10:30:00,0.5166,0.47119856,lstm
2020-11-11 10:30:00,0.566,0.53814,lstm
2020-11-11 10:45:00,0.4584,0.44083095,lstm
2020-11-11 10:45:00,0.5166,0.4942307,lstm
2020-11-11 10:45:00,0.566,0.5417957,lstm
2020-11-11 10:45:00,0.6094,0.59445727,lstm
2020-11-11 11:00:00,0.5166,0.51329404,lstm
2020-11-11 11:00:00,0.566,0.5555308,lstm
2020-11-11 11:00:00,0.6094,0.5996123,lstm
2020-11-11 11:00:00,0.6454,0.63530487,lstm
2020-11-11 11:15:00,0.566,0.5765715,lstm
2020-11-11 11:15:00,0.6094,0.6091276,lstm
2020-11-11 11:15:00,0.6454,0.647327,lstm
2020-11-11 11:15:00,0.6788,0.6743018,lstm
2020-11-11 11:30:00,0.6094,0.62500536,lstm
2020-11-11 11:30:00,0.6454,0.65257967,lstm
2020-11-11 11:30:00,0.6788,0.6838706,lstm
2020-11-11 11:30:00,0.7092,0.70887583,lstm
2020-11-11 11:45:00,0.6454,0.66542417,lstm
2020-11-11 11:45:00,0.6788,0.6895577,lstm
2020-11-11 11:45:00,0.7092,0.7137002,lstm
2020-11-11 11:45:00,0.7346,0.7388011,lstm
2020-11-11 12:00:00,0.6788,0.69420993,lstm
2020-11-11 12:00:00,0.7092,0.7157539,lstm
2020-11-11 12:00:00,0.7346,0.7336286,lstm
2020-11-11 12:00:00,0.7538,0.7579453,lstm
2020-11-11 12:15:00,0.7092,0.71798104,lstm
2020-11-11 12:15:00,0.73459995,0.7367979,lstm
2020-11-11 12:15:00,0.7538,0.75063854,lstm
2020-11-11 12:15:00,0.7712,0.7741542,lstm
2020-11-11 12:30:00,0.7346,0.7391888,lstm
2020-11-11 12:30:00,0.7537999,0.7554395,lstm
2020-11-11 12:30:00,0.7712,0.7668008,lstm
2020-11-11 12:30:00,0.7868,0.7889244,lstm
2020-11-11 12:45:00,0.7538,0.759896,lstm
2020-11-11 12:45:00,0.77119994,0.7726959,lstm
2020-11-11 12:45:00,0.7868,0.78197646,lstm
2020-11-11 12:45:00,0.7922,0.80192626,lstm
2020-11-11 13:00:00,0.7712,0.77983165,lstm
2020-11-11 13:00:00,0.7868,0.78841746,lstm
2020-11-11 13:00:00,0.7922,0.79631144,lstm
2020-11-11 13:00:00,0.7958,0.8133408,lstm
2020-11-11 13:15:00,0.7868,0.8013582,lstm
2020-11-11 13:15:00,0.79219997,0.8050977,lstm
2020-11-11 13:15:00,0.7958,0.81240267,lstm
2020-11-11 13:15:00,0.7956,0.82733995,lstm
2020-11-11 13:30:00,0.7922,0.81711334,lstm
2020-11-11 13:30:00,0.7958,0.8176105,lstm
2020-11-11 13:30:00,0.7956,0.82463944,lstm
2020-11-11 13:30:00,0.7928,0.83823705,lstm
2020-11-11 13:45:00,0.7958,0.8248229,lstm
2020-11-11 13:45:00,0.79559994,0.8219445,lstm
2020-11-11 13:45:00,0.7928,0.8262542,lstm
2020-11-11 13:45:00,0.7852,0.83641154,lstm
2020-11-11 14:00:00,0.7956,0.829398,lstm
2020-11-11 14:00:00,0.79279995,0.82296777,lstm
2020-11-11 14:00:00,0.7852,0.82514846,lstm
2020-11-11 14:00:00,0.7716,0.8325873,lstm
2020-11-11 14:15:00,0.7928,0.8270795,lstm
2020-11-11 14:15:00,0.7852,0.8189769,lstm
2020-11-11 14:15:00,0.7716,0.81936675,lstm
2020-11-11 14:15:00,0.7576,0.82408154,lstm
2020-11-11 14:30:00,0.78519994,0.82467276,lstm
2020-11-11 14:30:00,0.7716,0.8138875,lstm
2020-11-11 14:30:00,0.7576,0.8121123,lstm
2020-11-11 14:30:00,0.7356,0.81345314,lstm
2020-11-11 14:45:00,0.7716,0.81713563,lstm
2020-11-11 14:45:00,0.75759995,0.80243134,lstm
2020-11-11 14:45:00,0.7356,0.79653865,lstm
2020-11-11 14:45:00,0.7118,0.792378,lstm
2020-11-11 15:00:00,0.7576,0.8002111,lstm
2020-11-11 15:00:00,0.7356,0.78053033,lstm
2020-11-11 15:00:00,0.7118,0.7699777,lstm
2020-11-11 15:00:00,0.6854,0.7586734,lstm
2020-11-11 15:15:00,0.7356,0.77975845,lstm
2020-11-11 15:15:00,0.7118,0.752053,lstm
2020-11-11 15:15:00,0.6854,0.7373402,lstm
2020-11-11 15:15:00,0.652,0.7189911,lstm
2020-11-11 15:30:00,0.7118,0.7489476,lstm
2020-11-11 15:30:00,0.6854,0.7121208,lstm
2020-11-11 15:30:00,0.65199995,0.69290096,lstm
2020-11-11 15:30:00,0.6096,0.66699433,lstm
2020-11-11 15:45:00,0.6854,0.71798295,lstm
2020-11-11 15:45:00,0.652,0.6711238,lstm
2020-11-11 15:45:00,0.6096,0.64645123,lstm
2020-11-11 15:45:00,0.5614,0.61510926,lstm
2020-11-11 16:00:00,0.652,0.68515635,lstm
2020-11-11 16:00:00,0.6096,0.63334364,lstm
2020-11-11 16:00:00,0.5614,0.6013126,lstm
2020-11-11 16:00:00,0.5132,0.566335,lstm
2020-11-11 16:15:00,0.60959995,0.65144956,lstm
2020-11-11 16:15:00,0.5614,0.5983771,lstm
2020-11-11 16:15:00,0.5132,0.5564121,lstm
2020-11-11 16:15:00,0.4604,0.5156537,lstm
2020-11-11 16:30:00,0.5614,0.6141291,lstm
2020-11-11 16:30:00,0.5132,0.5584487,lstm
2020-11-11 16:30:00,0.4604,0.50943375,lstm
2020-11-11 16:30:00,0.401,0.4616037,lstm
2020-11-11 16:45:00,0.5132,0.5639418,lstm
2020-11-11 16:45:00,0.4604,0.5015067,lstm
2020-11-11 16:45:00,0.401,0.44966227,lstm
2020-11-11 16:45:00,0.3332,0.39462712,lstm
2020-11-11 17:00:00,0.4604,0.50753194,lstm
2020-11-11 17:00:00,0.40099996,0.4349477,lstm
2020-11-11 17:00:00,0.3332,0.372234,lstm
2020-11-11 17:00:00,0.246,0.30441266,lstm
2020-11-11 17:15:00,0.401,0.44291812,lstm
2020-11-11 17:15:00,0.3332,0.3554505,lstm
2020-11-11 17:15:00,0.246,0.27717936,lstm
2020-11-11 17:15:00,0.1284,0.19758235,lstm
2020-11-11 17:30:00,0.3332,0.3634973,lstm
2020-11-11 17:30:00,0.246,0.26540348,lstm
2020-11-11 17:30:00,0.1284,0.17844708,lstm
2020-11-11 17:30:00,0.057400003,0.10584462,lstm
2020-11-11 17:45:00,0.246,0.2763893,lstm
2020-11-11 17:45:00,0.1284,0.1800829,lstm
2020-11-11 17:45:00,0.057400003,0.10424943,lstm
2020-11-11 17:45:00,0.017000005,0.047924414,lstm
2020-11-11 18:00:00,0.1284,0.17752074,lstm
2020-11-11 18:00:00,0.057400003,0.095372334,lstm
2020-11-11 18:00:00,0.017000005,0.0480126,lstm
2020-11-11 18:00:00,0.00059999526,0.011729568,lstm
2020-11-11 18:15:00,0.057400003,0.082313225,lstm
2020-11-11 18:15:00,0.017000005,0.032933578,lstm
2020-11-11 18:15:00,0.00059999526,0.008785933,lstm
2020-11-11 18:15:00,0.0,-0.002465114,lstm
2020-11-11 18:30:00,0.017000005,0.03453657,lstm
2020-11-11 18:30:00,0.00059999526,0.0073933154,lstm
2020-11-11 18:30:00,0.0,-0.003867194,lstm
2020-11-11 18:30:00,0.0,-0.0048152357,lstm
2020-11-11 18:45:00,0.00059999526,0.015755072,lstm
2020-11-11 18:45:00,0.0,-0.00014938414,lstm
2020-11-11 18:45:00,0.0,-0.0049002916,lstm
2020-11-11 18:45:00,0.0,-0.0031524897,lstm
2020-11-11 19:00:00,0.0,0.0067375004,lstm
2020-11-11 19:00:00,0.0,-0.0025211275,lstm
2020-11-11 19:00:00,0.0,-0.0038125813,lstm
2020-11-11 19:00:00,0.0,-0.0014800131,lstm
2020-11-11 19:15:00,0.0,0.0022584498,lstm
2020-11-11 19:15:00,0.0,-0.003076896,lstm
2020-11-11 19:15:00,0.0,-0.0028264076,lstm
2020-11-11 19:15:00,0.0,-0.00034816563,lstm
2020-11-11 19:30:00,0.0,0.00021924078,lstm
2020-11-11 19:30:00,0.0,-0.0033623725,lstm
2020-11-11 19:30:00,0.0,-0.0022972375,lstm
2020-11-11 19:30:00,0.0,3.5747886e-05,lstm
2020-11-11 19:45:00,0.0,-0.00075367093,lstm
2020-11-11 19:45:00,0.0,-0.0035745502,lstm
2020-11-11 19:45:00,0.0,-0.0021107346,lstm
2020-11-11 19:45:00,0.0,0.0001373887,lstm
2020-11-11 20:00:00,0.0,-0.0013036281,lstm
2020-11-11 20:00:00,0.0,-0.0037141293,lstm
2020-11-11 20:00:00,0.0,-0.0020339042,lstm
2020-11-11 20:00:00,0.0,0.00020223856,lstm
2020-11-11 20:15:00,0.0,-0.0015960634,lstm
2020-11-11 20:15:00,0.0,-0.0037793964,lstm
2020-11-11 20:15:00,0.0,-0.0019672215,lstm
2020-11-11 20:15:00,0.0,0.00025728345,lstm
2020-11-11 20:30:00,0.0,-0.0017533302,lstm
2020-11-11 20:30:00,0.0,-0.0038174689,lstm
2020-11-11 20:30:00,0.0,-0.0019246042,lstm
2020-11-11 20:30:00,0.0,0.00028871,lstm
2020-11-11 20:45:00,0.0,-0.001879409,lstm
2020-11-11 20:45:00,0.0,-0.0039103925,lstm
2020-11-11 20:45:00,0.0,-0.002030149,lstm
2020-11-11 20:45:00,0.0,0.00027006865,lstm
2020-11-11 21:00:00,0.0,-0.001968056,lstm
2020-11-11 21:00:00,0.0,-0.003930047,lstm
2020-11-11 21:00:00,0.0,-0.0020388812,lstm
2020-11-11 21:00:00,0.0,0.00031930208,lstm
2020-11-11 21:15:00,0.0,-0.002014026,lstm
2020-11-11 21:15:00,0.0,-0.0039186478,lstm
2020-11-11 21:15:00,0.0,-0.0020148456,lstm
2020-11-11 21:15:00,0.0,0.00036755204,lstm
2020-11-11 21:30:00,0.0,-0.0020464957,lstm
2020-11-11 21:30:00,0.0,-0.0039051473,lstm
2020-11-11 21:30:00,0.0,-0.0019777864,lstm
2020-11-11 21:30:00,0.0,0.0004120618,lstm
2020-11-11 21:45:00,0.0,-0.002136454,lstm
2020-11-11 21:45:00,0.0,-0.0039744377,lstm
2020-11-11 21:45:00,0.0,-0.0020878017,lstm
2020-11-11 21:45:00,0.0,0.00038915873,lstm
2020-11-11 22:00:00,0.0,-0.0021600574,lstm
2020-11-11 22:00:00,0.0,-0.0039502084,lstm
2020-11-11 22:00:00,0.0,-0.0020785928,lstm
2020-11-11 22:00:00,0.0,0.0004338771,lstm
2020-11-11 22:15:00,0.0,-0.002174601,lstm
2020-11-11 22:15:00,0.0,-0.003931418,lstm
2020-11-11 22:15:00,0.0,-0.0020554364,lstm
2020-11-11 22:15:00,0.0,0.0004734993,lstm
2020-11-11 22:30:00,0.0,-0.0021816194,lstm
2020-11-11 22:30:00,0.0,-0.003906995,lstm
2020-11-11 22:30:00,0.0,-0.002031237,lstm
2020-11-11 22:30:00,0.0,0.0005043298,lstm
2020-11-11 22:45:00,0.0,-0.002249539,lstm
2020-11-11 22:45:00,0.0,-0.0039449036,lstm
2020-11-11 22:45:00,0.0,-0.0021557212,lstm
2020-11-11 22:45:00,0.0,0.0004684627,lstm
2020-11-11 23:00:00,0.0,-0.0022470653,lstm
2020-11-11 23:00:00,0.0,-0.0038932562,lstm
2020-11-11 23:00:00,0.0,-0.0021122843,lstm
2020-11-11 23:00:00,0.0,0.00053566694,lstm
2020-11-11 23:15:00,0.0,-0.0022346675,lstm
2020-11-11 23:15:00,0.0,-0.003850937,lstm
2020-11-11 23:15:00,0.0,-0.002076283,lstm
2020-11-11 23:15:00,0.0,0.00057408214,lstm
2020-11-11 23:30:00,0.0,-0.0022315085,lstm
2020-11-11 23:30:00,0.0,-0.003829077,lstm
2020-11-11 23:30:00,0.0,-0.00204961,lstm
2020-11-11 23:30:00,0.0,0.0006044507,lstm
2020-11-11 23:45:00,0.0,-0.0022988766,lstm
2020-11-11 23:45:00,0.0,-0.003854379,lstm
2020-11-11 23:45:00,0.0,-0.0021538585,lstm
2020-11-11 23:45:00,0.0,0.0005631745,lstm
2020-11-12 00:00:00,0.0,-0.0022720695,lstm
2020-11-12 00:00:00,0.0,-0.0037883073,lstm
2020-11-12 00:00:00,0.0,-0.0021062046,lstm
2020-11-12 00:00:00,0.0,0.00060868263,lstm
2020-11-12 00:15:00,0.0,-0.0022357106,lstm
2020-11-12 00:15:00,0.0,-0.003746733,lstm
2020-11-12 00:15:00,0.0,-0.0020888746,lstm
2020-11-12 00:15:00,0.0,0.0006187111,lstm
2020-11-12 00:30:00,0.0,-0.0022210777,lstm
2020-11-12 00:30:00,0.0,-0.0037275255,lstm
2020-11-12 00:30:00,0.0,-0.0020538867,lstm
2020-11-12 00:30:00,0.0,0.00065110624,lstm
2020-11-12 00:45:00,0.0,-0.0022558868,lstm
2020-11-12 00:45:00,0.0,-0.0037285835,lstm
2020-11-12 00:45:00,0.0,-0.0021506995,lstm
2020-11-12 00:45:00,0.0,0.0005852431,lstm
2020-11-12 01:00:00,0.0,-0.002209708,lstm
2020-11-12 01:00:00,0.0,-0.0036672205,lstm
2020-11-12 01:00:00,0.0,-0.0020909607,lstm
2020-11-12 01:00:00,0.0,0.00062444806,lstm
2020-11-12 01:15:00,0.0,-0.0021784455,lstm
2020-11-12 01:15:00,0.0,-0.0036411881,lstm
2020-11-12 01:15:00,0.0,-0.0020657778,lstm
2020-11-12 01:15:00,0.0,0.00062544644,lstm
2020-11-12 01:30:00,0.0,-0.002169788,lstm
2020-11-12 01:30:00,0.0,-0.0036310107,lstm
2020-11-12 01:30:00,0.0,-0.0020439625,lstm
2020-11-12 01:30:00,0.0,0.00063990057,lstm
2020-11-12 01:45:00,0.0,-0.0022068322,lstm
2020-11-12 01:45:00,0.0,-0.0036355108,lstm
2020-11-12 01:45:00,0.0,-0.00212878,lstm
2020-11-12 01:45:00,0.0,0.00056406856,lstm
2020-11-12 02:00:00,0.0,-0.0021561086,lstm
2020-11-12 02:00:00,0.0,-0.0035792142,lstm
2020-11-12 02:00:00,0.0,-0.0020968467,lstm
2020-11-12 02:00:00,0.0,0.0005607009,lstm
2020-11-12 02:15:00,0.0,-0.0021169484,lstm
2020-11-12 02:15:00,0.0,-0.0035571754,lstm
2020-11-12 02:15:00,0.0,-0.0020811409,lstm
2020-11-12 02:15:00,0.0,0.000553444,lstm
2020-11-12 02:30:00,0.0,-0.0020909458,lstm
2020-11-12 02:30:00,0.0,-0.003550142,lstm
2020-11-12 02:30:00,0.0,-0.0020747632,lstm
2020-11-12 02:30:00,0.0,0.00054241717,lstm
2020-11-12 02:45:00,0.0,-0.0020908713,lstm
2020-11-12 02:45:00,0.0,-0.0035409927,lstm
2020-11-12 02:45:00,0.0,-0.00214459,lstm
2020-11-12 02:45:00,0.0,0.00045093894,lstm
2020-11-12 03:00:00,0.0,-0.0020319372,lstm
2020-11-12 03:00:00,0.0,-0.0035028309,lstm
2020-11-12 03:00:00,0.0,-0.0021037906,lstm
2020-11-12 03:00:00,0.0,0.00044225156,lstm
2020-11-12 03:15:00,0.0,-0.0019970685,lstm
2020-11-12 03:15:00,0.0,-0.003494352,lstm
2020-11-12 03:15:00,0.0,-0.0020921826,lstm
2020-11-12 03:15:00,0.0,0.00042282045,lstm
2020-11-12 03:30:00,0.0,-0.0019759536,lstm
2020-11-12 03:30:00,0.0,-0.0034947544,lstm
2020-11-12 03:30:00,0.0,-0.0021003932,lstm
2020-11-12 03:30:00,0.0,0.00039850175,lstm
2020-11-12 03:45:00,0.0,-0.0019767433,lstm
2020-11-12 03:45:00,0.0,-0.0034967214,lstm
2020-11-12 03:45:00,0.0,-0.0021604598,lstm
2020-11-12 03:45:00,0.0,0.00030764937,lstm
2020-11-12 04:00:00,0.0,-0.0019148588,lstm
2020-11-12 04:00:00,0.0,-0.0034704506,lstm
2020-11-12 04:00:00,0.0,-0.0021505356,lstm
2020-11-12 04:00:00,0.0,0.00026099384,lstm
2020-11-12 04:15:00,0.0,-0.0018796027,lstm
2020-11-12 04:15:00,0.0,-0.0034827888,lstm
2020-11-12 04:15:00,0.0,-0.0021546632,lstm
2020-11-12 04:15:00,0.0,0.00023391843,lstm
2020-11-12 04:30:00,0.0,-0.0018622279,lstm
2020-11-12 04:30:00,0.0,-0.0035017878,lstm
2020-11-12 04:30:00,0.0,-0.0021820366,lstm
2020-11-12 04:30:00,0.0,0.00019350648,lstm
2020-11-12 04:45:00,0.0,-0.0018647015,lstm
2020-11-12 04:45:00,0.0,-0.003513366,lstm
2020-11-12 04:45:00,0.0,-0.0022295862,lstm
2020-11-12 04:45:00,0.0,0.000108256936,lstm
2020-11-12 05:00:00,0.0,-0.0018234551,lstm
2020-11-12 05:00:00,0.0,-0.0035315007,lstm
2020-11-12 05:00:00,0.0,-0.0022459626,lstm
2020-11-12 05:00:00,0.0,4.6283007e-05,lstm
2020-11-12 05:15:00,0.0,-0.0017816126,lstm
2020-11-12 05:15:00,0.0,-0.0035630316,lstm
2020-11-12 05:15:00,0.0,-0.0022832453,lstm
2020-11-12 05:15:00,0.0,-1.0892749e-05,lstm
2020-11-12 05:30:00,0.0,-0.0017603338,lstm
2020-11-12 05:30:00,0.0,-0.0036028773,lstm
2020-11-12 05:30:00,0.0,-0.002320692,lstm
2020-11-12 05:30:00,0.0,-4.3675303e-05,lstm
2020-11-12 05:45:00,0.0,-0.001778692,lstm
2020-11-12 05:45:00,0.0,-0.0036344826,lstm
2020-11-12 05:45:00,0.0,-0.0023554564,lstm
2020-11-12 05:45:00,0.0,-9.742379e-05,lstm
2020-11-12 06:00:00,0.0,-0.0017602444,lstm
2020-11-12 06:00:00,0.0,-0.0036981106,lstm
2020-11-12 06:00:00,0.0,-0.0024049282,lstm
2020-11-12 06:00:00,0.0,-0.00015673041,lstm
2020-11-12 06:15:00,0.0,-0.0017246604,lstm
2020-11-12 06:15:00,0.0,-0.0037607253,lstm
2020-11-12 06:15:00,0.0,-0.002461642,lstm
2020-11-12 06:15:00,0.0,-0.00018940866,lstm
2020-11-12 06:30:00,0.0,-0.0016882718,lstm
2020-11-12 06:30:00,0.0,-0.0038169473,lstm
2020-11-12 06:30:00,0.0,-0.0025164485,lstm
2020-11-12 06:30:00,0.0,-0.00021123886,lstm
2020-11-12 06:45:00,0.0,-0.0017010719,lstm
2020-11-12 06:45:00,0.0,-0.0038657784,lstm
2020-11-12 06:45:00,0.0,-0.0025358647,lstm
2020-11-12 06:45:00,0.0,-0.00019156933,lstm
2020-11-12 07:00:00,0.0,-0.0017025918,lstm
2020-11-12 07:00:00,0.0,-0.0039619356,lstm
2020-11-12 07:00:00,0.0,-0.002563864,lstm
2020-11-12 07:00:00,0.0,-0.00015182793,lstm
2020-11-12 07:15:00,0.0,-0.0016801357,lstm
2020-11-12 07:15:00,0.0,-0.0040581524,lstm
2020-11-12 07:15:00,0.0,-0.0026059598,lstm
2020-11-12 07:15:00,0.0,-7.972121e-05,lstm
2020-11-12 07:30:00,0.0,-0.0016265512,lstm
2020-11-12 07:30:00,0.0,-0.0041536093,lstm
2020-11-12 07:30:00,0.0,-0.002657935,lstm
2020-11-12 07:30:00,0.0,-1.296401e-06,lstm
2020-11-12 07:45:00,0.0,-0.0016026944,lstm
2020-11-12 07:45:00,0.0,-0.0042123348,lstm
2020-11-12 07:45:00,0.0,-0.0026003271,lstm
2020-11-12 07:45:00,0.0,0.0002502799,lstm
2020-11-12 08:00:00,0.0,-0.0015517026,lstm
2020-11-12 08:00:00,0.0,-0.004340306,lstm
2020-11-12 08:00:00,0.0,-0.002548188,lstm
2020-11-12 08:00:00,0.0,0.0006105304,lstm
2020-11-12 08:15:00,0.0,-0.001416862,lstm
2020-11-12 08:15:00,0.0,-0.004478842,lstm
2020-11-12 08:15:00,0.0,-0.0024013817,lstm
2020-11-12 08:15:00,0.0036000013,0.0013604015,lstm
2020-11-12 08:30:00,0.0,-0.0011283159,lstm
2020-11-12 08:30:00,0.0,-0.0045945495,lstm
2020-11-12 08:30:00,0.0036000013,-0.0017726868,lstm
2020-11-12 08:30:00,0.023200005,0.0036136508,lstm
2020-11-12 08:45:00,0.0,-0.0007978678,lstm
2020-11-12 08:45:00,0.0036000013,-0.004107818,lstm
2020-11-12 08:45:00,0.023200005,0.00087082386,lstm
2020-11-12 08:45:00,0.0608,0.010777846,lstm
2020-11-12 09:00:00,0.0036000013,-0.000973627,lstm
2020-11-12 09:00:00,0.023200005,0.0009353757,lstm
2020-11-12 09:00:00,0.0608,0.014387876,lstm
2020-11-12 09:00:00,0.1218,0.04096508,lstm
2020-11-12 09:15:00,0.02319999,0.0029060096,lstm
2020-11-12 09:15:00,0.0608,0.024298787,lstm
2020-11-12 09:15:00,0.1218,0.062292352,lstm
2020-11-12 09:15:00,0.2398,0.12297358,lstm
2020-11-12 09:30:00,0.0608,0.049002826,lstm
2020-11-12 09:30:00,0.1218,0.09944163,lstm
2020-11-12 09:30:00,0.2398,0.17555833,lstm
2020-11-12 09:30:00,0.3226,0.25733948,lstm
2020-11-12 09:45:00,0.1218,0.11794055,lstm
2020-11-12 09:45:00,0.2398,0.19634417,lstm
2020-11-12 09:45:00,0.3226,0.2937118,lstm
2020-11-12 09:45:00,0.3856,0.37233433,lstm
2020-11-12 10:00:00,0.2398,0.21388747,lstm
2020-11-12 10:00:00,0.3226,0.30277246,lstm
2020-11-12 10:00:00,0.3856,0.38718033,lstm
2020-11-12 10:00:00,0.42039996,0.4552819,lstm
2020-11-12 10:15:00,0.3226,0.32438445,lstm
2020-11-12 10:15:00,0.3856,0.39582574,lstm
2020-11-12 10:15:00,0.4204,0.45255625,lstm
2020-11-12 10:15:00,0.3882,0.522722,lstm
2020-11-12 10:30:00,0.3856,0.3495644,lstm
2020-11-12 10:30:00,0.4204,0.40976933,lstm
2020-11-12 10:30:00,0.3882,0.4553426,lstm
2020-11-12 10:30:00,0.5668,0.52139646,lstm
2020-11-12 10:45:00,0.4204,0.43432048,lstm
2020-11-12 10:45:00,0.3882,0.48792166,lstm
2020-11-12 10:45:00,0.5668,0.5348623,lstm
2020-11-12 10:45:00,0.6124,0.5869611,lstm
2020-11-12 11:00:00,0.3882,0.48926887,lstm
2020-11-12 11:00:00,0.5668,0.5359701,lstm
2020-11-12 11:00:00,0.6124,0.5781499,lstm
2020-11-12 11:00:00,0.6498,0.6138786,lstm
2020-11-12 11:15:00,0.5668,0.4484217,lstm
2020-11-12 11:15:00,0.61240005,0.48685673,lstm
2020-11-12 11:15:00,0.6498,0.51722276,lstm
2020-11-12 11:15:00,0.6816,0.5348131,lstm
2020-11-12 11:30:00,0.6124,0.6098299,lstm
2020-11-12 11:30:00,0.6498,0.6298871,lstm
2020-11-12 11:30:00,0.6816,0.6623167,lstm
2020-11-12 11:30:00,0.7072,0.6947715,lstm
2020-11-12 11:45:00,0.6498,0.654572,lstm
2020-11-12 11:45:00,0.6816,0.68351513,lstm
2020-11-12 11:45:00,0.7072,0.7071045,lstm
2020-11-12 11:45:00,0.7216,0.73639977,lstm
2020-11-12 12:00:00,0.6816,0.6953384,lstm
2020-11-12 12:00:00,0.70719993,0.72227085,lstm
2020-11-12 12:00:00,0.7216,0.7404397,lstm
2020-11-12 12:00:00,0.476,0.768501,lstm
2020-11-12 12:15:00,0.7072,0.7253591,lstm
2020-11-12 12:15:00,0.72159994,0.74930084,lstm
2020-11-12 12:15:00,0.476,0.76321197,lstm
2020-11-12 12:15:00,0.515,0.7883064,lstm
2020-11-12 12:30:00,0.7216,0.7474772,lstm
2020-11-12 12:30:00,0.476,0.7668631,lstm
2020-11-12 12:30:00,0.515,0.77750266,lstm
2020-11-12 12:30:00,0.4368,0.7985833,lstm
2020-11-12 12:45:00,0.47600004,0.7610379,lstm
2020-11-12 12:45:00,0.515,0.7741978,lstm
2020-11-12 12:45:00,0.4368,0.78102773,lstm
2020-11-12 12:45:00,0.3704,0.7960016,lstm
2020-11-12 13:00:00,0.515,0.47377712,lstm
2020-11-12 13:00:00,0.4368,0.50753486,lstm
2020-11-12 13:00:00,0.3704,0.4994182,lstm
2020-11-12 13:00:00,0.3614,0.49224073,lstm
2020-11-12 13:15:00,0.4368,0.60085547,lstm
2020-11-12 13:15:00,0.3704,0.6105045,lstm
2020-11-12 13:15:00,0.3614,0.61292255,lstm
2020-11-12 13:15:00,0.3958,0.6241856,lstm
2020-11-12 13:30:00,0.3704,0.42527935,lstm
2020-11-12 13:30:00,0.3614,0.45608914,lstm
2020-11-12 13:30:00,0.3958,0.45471108,lstm
2020-11-12 13:30:00,0.3656,0.46889687,lstm
2020-11-12 13:45:00,0.3614,0.3410706,lstm
2020-11-12 13:45:00,0.3958,0.35736245,lstm
2020-11-12 13:45:00,0.3656,0.35665888,lstm
2020-11-12 13:45:00,0.3562,0.37221962,lstm
2020-11-12 14:00:00,0.3958,0.33104533,lstm
2020-11-12 14:00:00,0.3656,0.3391139,lstm
2020-11-12 14:00:00,0.3562,0.33986142,lstm
2020-11-12 14:00:00,0.3384,0.3548485,lstm
2020-11-12 14:15:00,0.3656,0.36588198,lstm
2020-11-12 14:15:00,0.3562,0.3766965,lstm
2020-11-12 14:15:00,0.3384,0.3763799,lstm
2020-11-12 14:15:00,0.332,0.3870508,lstm
2020-11-12 14:30:00,0.3562,0.27666122,lstm
2020-11-12 14:30:00,0.3384,0.28251052,lstm
2020-11-12 14:30:00,0.332,0.28555357,lstm
2020-11-12 14:30:00,0.3346,0.29239386,lstm
2020-11-12 14:45:00,0.3384,0.26398575,lstm
2020-11-12 14:45:00,0.332,0.25818434,lstm
2020-11-12 14:45:00,0.3346,0.25938797,lstm
2020-11-12 14:45:00,0.3362,0.2597015,lstm
2020-11-12 15:00:00,0.332,0.2426504,lstm
2020-11-12 15:00:00,0.3346,0.22947775,lstm
2020-11-12 15:00:00,0.3362,0.22950709,lstm
2020-11-12 15:00:00,0.3324,0.22747952,lstm
2020-11-12 15:15:00,0.33459997,0.24166647,lstm
2020-11-12 15:15:00,0.3362,0.2232831,lstm
2020-11-12 15:15:00,0.33239996,0.22144328,lstm
2020-11-12 15:15:00,0.361,0.21902145,lstm
2020-11-12 15:30:00,0.3362,0.33158773,lstm
2020-11-12 15:30:00,0.3324,0.3150851,lstm
2020-11-12 15:30:00,0.361,0.30870014,lstm
2020-11-12 15:30:00,0.37,0.30577466,lstm
2020-11-12 15:45:00,0.3324,0.3068324,lstm
2020-11-12 15:45:00,0.361,0.28945714,lstm
2020-11-12 15:45:00,0.37,0.27792662,lstm
2020-11-12 15:45:00,0.3776,0.27587467,lstm
2020-11-12 16:00:00,0.361,0.2899227,lstm
2020-11-12 16:00:00,0.37,0.2721682,lstm
2020-11-12 16:00:00,0.3776,0.25668794,lstm
2020-11-12 16:00:00,0.4034,0.25334674,lstm
2020-11-12 16:15:00,0.37,0.31850043,lstm
2020-11-12 16:15:00,0.3776,0.30572093,lstm
2020-11-12 16:15:00,0.4034,0.28649372,lstm
2020-11-12 16:15:00,0.4264,0.27808595,lstm
2020-11-12 16:30:00,0.3776,0.33642137,lstm
2020-11-12 16:30:00,0.4034,0.3217737,lstm
2020-11-12 16:30:00,0.4264,0.2963661,lstm
2020-11-12 16:30:00,0.35800004,0.27970338,lstm
2020-11-12 16:45:00,0.4034,0.3572649,lstm
2020-11-12 16:45:00,0.4264,0.33163399,lstm
2020-11-12 16:45:00,0.358,0.29178423,lstm
2020-11-12 16:45:00,0.2844,0.2583297,lstm
2020-11-12 17:00:00,0.4264,0.38269812,lstm
2020-11-12 17:00:00,0.358,0.35461187,lstm
2020-11-12 17:00:00,0.2844,0.29872856,lstm
2020-11-12 17:00:00,0.1982,0.24648213,lstm
2020-11-12 17:15:00,0.358,0.35628456,lstm
2020-11-12 17:15:00,0.2844,0.30304766,lstm
2020-11-12 17:15:00,0.1982,0.23625791,lstm
2020-11-12 17:15:00,0.084599994,0.17149529,lstm
2020-11-12 17:30:00,0.2844,0.280083,lstm
2020-11-12 17:30:00,0.1982,0.20976883,lstm
2020-11-12 17:30:00,0.0846,0.14477915,lstm
2020-11-12 17:30:00,0.034800008,0.08334676,lstm
2020-11-12 17:45:00,0.1982,0.21955054,lstm
2020-11-12 17:45:00,0.0846,0.14033641,lstm
2020-11-12 17:45:00,0.034800008,0.0846514,lstm
2020-11-12 17:45:00,0.012400001,0.03460695,lstm
2020-11-12 18:00:00,0.0846,0.13423571,lstm
2020-11-12 18:00:00,0.034799993,0.06688888,lstm
2020-11-12 18:00:00,0.012400001,0.03357531,lstm
2020-11-12 18:00:00,0.00079999864,0.005413562,lstm
2020-11-12 18:15:00,0.034799993,0.051583648,lstm
2020-11-12 18:15:00,0.012400001,0.015100956,lstm
2020-11-12 18:15:00,0.00079999864,-0.0014031082,lstm
2020-11-12 18:15:00,0.0,-0.0041605383,lstm
2020-11-12 18:30:00,0.012400001,0.024091795,lstm
2020-11-12 18:30:00,0.00079999864,0.0022140294,lstm
2020-11-12 18:30:00,0.0,-0.0055056363,lstm
2020-11-12 18:30:00,0.0,-0.0040561855,lstm
2020-11-12 18:45:00,0.00079999864,0.011339441,lstm
2020-11-12 18:45:00,0.0,-0.0017394423,lstm
2020-11-12 18:45:00,0.0,-0.0045435876,lstm
2020-11-12 18:45:00,0.0,-0.0021813363,lstm
2020-11-12 19:00:00,0.0,0.0048573613,lstm
2020-11-12 19:00:00,0.0,-0.0028754026,lstm
2020-11-12 19:00:00,0.0,-0.003628254,lstm
2020-11-12 19:00:00,0.0,-0.0010559112,lstm
2020-11-12 19:15:00,0.0,0.0015918314,lstm
2020-11-12 19:15:00,0.0,-0.0032600313,lstm
2020-11-12 19:15:00,0.0,-0.0026936084,lstm
2020-11-12 19:15:00,0.0,-0.00035010278,lstm
2020-11-12 19:30:00,0.0,-7.170439e-05,lstm
2020-11-12 19:30:00,0.0,-0.00351654,lstm
2020-11-12 19:30:00,0.0,-0.0022372603,lstm
2020-11-12 19:30:00,0.0,-0.00011998415,lstm
2020-11-12 19:45:00,0.0,-0.0008549392,lstm
2020-11-12 19:45:00,0.0,-0.0037125498,lstm
2020-11-12 19:45:00,0.0,-0.0021315217,lstm
2020-11-12 19:45:00,0.0,-4.673004e-05,lstm
2020-11-12 20:00:00,0.0,-0.0012982786,lstm
2020-11-12 20:00:00,0.0,-0.0038149655,lstm
2020-11-12 20:00:00,0.0,-0.0020796955,lstm
2020-11-12 20:00:00,0.0,3.5449862e-05,lstm
2020-11-12 20:15:00,0.0,-0.0015984029,lstm
2020-11-12 20:15:00,0.0,-0.0038813204,lstm
2020-11-12 20:15:00,0.0,-0.0020224303,lstm
2020-11-12 20:15:00,0.0,0.00011754036,lstm
2020-11-12 20:30:00,0.0,-0.0017418116,lstm
2020-11-12 20:30:00,0.0,-0.003897965,lstm
2020-11-12 20:30:00,0.0,-0.0019768775,lstm
2020-11-12 20:30:00,0.0,0.00018131733,lstm
2020-11-12 20:45:00,0.0,-0.0018606782,lstm
2020-11-12 20:45:00,0.0,-0.0039756596,lstm
2020-11-12 20:45:00,0.0,-0.00207071,lstm
2020-11-12 20:45:00,0.0,0.00018502772,lstm
2020-11-12 21:00:00,0.0,-0.00196068,lstm
2020-11-12 21:00:00,0.0,-0.003986597,lstm
2020-11-12 21:00:00,0.0,-0.0020646006,lstm
2020-11-12 21:00:00,0.0,0.0002552867,lstm
2020-11-12 21:15:00,0.0,-0.002023235,lstm
2020-11-12 21:15:00,0.0,-0.0039701015,lstm
2020-11-12 21:15:00,0.0,-0.002025932,lstm
2020-11-12 21:15:00,0.0,0.00032661855,lstm
2020-11-12 21:30:00,0.0,-0.0020572096,lstm
2020-11-12 21:30:00,0.0,-0.0039663613,lstm
2020-11-12 21:30:00,0.0,-0.002003029,lstm
2020-11-12 21:30:00,0.0,0.000360474,lstm
2020-11-12 21:45:00,0.0,-0.0021373928,lstm
2020-11-12 21:45:00,0.0,-0.004028544,lstm
2020-11-12 21:45:00,0.0,-0.0021187216,lstm
2020-11-12 21:45:00,0.0,0.0003374666,lstm
2020-11-12 22:00:00,0.0,-0.0021673143,lstm
2020-11-12 22:00:00,0.0,-0.0040121526,lstm
2020-11-12 22:00:00,0.0,-0.0021168143,lstm
2020-11-12 22:00:00,0.0,0.00038522482,lstm
2020-11-12 22:15:00,0.0,-0.0021795183,lstm
2020-11-12 22:15:00,0.0,-0.0039866865,lstm
2020-11-12 22:15:00,0.0,-0.0020960867,lstm
2020-11-12 22:15:00,0.0,0.0004272163,lstm
2020-11-12 22:30:00,0.0,-0.0021886677,lstm
2020-11-12 22:30:00,0.0,-0.0039657354,lstm
2020-11-12 22:30:00,0.0,-0.0020716935,lstm
2020-11-12 22:30:00,0.0,0.0004618317,lstm
2020-11-12 22:45:00,0.0,-0.0022594035,lstm
2020-11-12 22:45:00,0.0,-0.0040079504,lstm
2020-11-12 22:45:00,0.0,-0.0021891892,lstm
2020-11-12 22:45:00,0.0,0.00043021142,lstm
2020-11-12 23:00:00,0.0,-0.002263829,lstm
2020-11-12 23:00:00,0.0,-0.0039669424,lstm
2020-11-12 23:00:00,0.0,-0.002169013,lstm
2020-11-12 23:00:00,0.0,0.00048537552,lstm
2020-11-12 23:15:00,0.0,-0.002263233,lstm
2020-11-12 23:15:00,0.0,-0.003935948,lstm
2020-11-12 23:15:00,0.0,-0.0021392405,lstm
2020-11-12 23:15:00,0.0,0.0005277395,lstm
2020-11-12 23:30:00,0.0,-0.0022553056,lstm
2020-11-12 23:30:00,0.0,-0.0039062202,lstm
2020-11-12 23:30:00,0.0,-0.0021231323,lstm
2020-11-12 23:30:00,0.0,0.00055129826,lstm
2020-11-12 23:45:00,0.0,-0.0022975951,lstm
2020-11-12 23:45:00,0.0,-0.0039206,lstm
2020-11-12 23:45:00,0.0,-0.0022322536,lstm
2020-11-12 23:45:00,0.0,0.00050875545,lstm
2020-11-13 00:00:00,0.0,-0.0022699088,lstm
2020-11-13 00:00:00,0.0,-0.003863737,lstm
2020-11-13 00:00:00,0.0,-0.0021732002,lstm
2020-11-13 00:00:00,0.0,0.0005700737,lstm
2020-11-13 00:15:00,0.0,-0.0022494793,lstm
2020-11-13 00:15:00,0.0,-0.0038308054,lstm
2020-11-13 00:15:00,0.0,-0.0021301806,lstm
2020-11-13 00:15:00,0.0,0.0005967766,lstm
2020-11-13 00:30:00,0.0,-0.0022379756,lstm
2020-11-13 00:30:00,0.0,-0.0038095564,lstm
2020-11-13 00:30:00,0.0,-0.002113238,lstm
2020-11-13 00:30:00,0.0,0.0006067604,lstm
2020-11-13 00:45:00,0.0,-0.002267599,lstm
2020-11-13 00:45:00,0.0,-0.003815487,lstm
2020-11-13 00:45:00,0.0,-0.0021941364,lstm
2020-11-13 00:45:00,0.0,0.0005594939,lstm
2020-11-13 01:00:00,0.0,-0.002235204,lstm
2020-11-13 01:00:00,0.0,-0.0037644953,lstm
2020-11-13 01:00:00,0.0,-0.0021385998,lstm
2020-11-13 01:00:00,0.0,0.0005917847,lstm
2020-11-13 01:15:00,0.0,-0.002214253,lstm
2020-11-13 01:15:00,0.0,-0.0037433207,lstm
2020-11-13 01:15:00,0.0,-0.0021272302,lstm
2020-11-13 01:15:00,0.0,0.0005853772,lstm
2020-11-13 01:30:00,0.0,-0.0021981,lstm
2020-11-13 01:30:00,0.0,-0.0037364066,lstm
2020-11-13 01:30:00,0.0,-0.002128601,lstm
2020-11-13 01:30:00,0.0,0.0005797446,lstm
2020-11-13 01:45:00,0.0,-0.0022111088,lstm
2020-11-13 01:45:00,0.0,-0.0037313253,lstm
2020-11-13 01:45:00,0.0,-0.0022169054,lstm
2020-11-13 01:45:00,0.0,0.00050124526,lstm
2020-11-13 02:00:00,0.0,-0.002159968,lstm
2020-11-13 02:00:00,0.0,-0.00367409,lstm
2020-11-13 02:00:00,0.0,-0.0021665394,lstm
2020-11-13 02:00:00,0.0,0.0005221814,lstm
2020-11-13 02:15:00,0.0,-0.0021233559,lstm
2020-11-13 02:15:00,0.0,-0.003650248,lstm
2020-11-13 02:15:00,0.0,-0.0021327585,lstm
2020-11-13 02:15:00,0.0,0.000525862,lstm
2020-11-13 02:30:00,0.0,-0.0021033734,lstm
2020-11-13 02:30:00,0.0,-0.003644392,lstm
2020-11-13 02:30:00,0.0,-0.0021278262,lstm
2020-11-13 02:30:00,0.0,0.0005107969,lstm
2020-11-13 02:45:00,0.0,-0.0021084696,lstm
2020-11-13 02:45:00,0.0,-0.0036416799,lstm
2020-11-13 02:45:00,0.0,-0.002200812,lstm
2020-11-13 02:45:00,0.0,0.00042171776,lstm
2020-11-13 03:00:00,0.0,-0.0020577163,lstm
2020-11-13 03:00:00,0.0,-0.0036034584,lstm
2020-11-13 03:00:00,0.0,-0.0021672696,lstm
2020-11-13 03:00:00,0.0,0.0004144758,lstm
2020-11-13 03:15:00,0.0,-0.0020246506,lstm
2020-11-13 03:15:00,0.0,-0.003603518,lstm
2020-11-13 03:15:00,0.0,-0.00215967,lstm
2020-11-13 03:15:00,0.0,0.00039710104,lstm
2020-11-13 03:30:00,0.0,-0.0019996017,lstm
2020-11-13 03:30:00,0.0,-0.0036059767,lstm
2020-11-13 03:30:00,0.0,-0.0021721572,lstm
2020-11-13 03:30:00,0.0,0.00036536157,lstm
2020-11-13 03:45:00,0.0,-0.0019967258,lstm
2020-11-13 03:45:00,0.0,-0.0036068708,lstm
2020-11-13 03:45:00,0.0,-0.0022264272,lstm
2020-11-13 03:45:00,0.0,0.00027693808,lstm
2020-11-13 04:00:00,0.0,-0.0019478202,lstm
2020-11-13 04:00:00,0.0,-0.003592044,lstm
2020-11-13 04:00:00,0.0,-0.0022140741,lstm
2020-11-13 04:00:00,0.0,0.00023923814,lstm
2020-11-13 04:15:00,0.0,-0.0019042045,lstm
2020-11-13 04:15:00,0.0,-0.003600791,lstm
2020-11-13 04:15:00,0.0,-0.0022359341,lstm
2020-11-13 04:15:00,0.0,0.00019219518,lstm
2020-11-13 04:30:00,0.0,-0.001871571,lstm
2020-11-13 04:30:00,0.0,-0.0036184937,lstm
2020-11-13 04:30:00,0.0,-0.0022490919,lstm
2020-11-13 04:30:00,0.0,0.00016447902,lstm
2020-11-13 04:45:00,0.0,-0.0018802285,lstm
2020-11-13 04:45:00,0.0,-0.0036371201,lstm
2020-11-13 04:45:00,0.0,-0.0022868216,lstm
2020-11-13 04:45:00,0.0,8.304417e-05,lstm
2020-11-13 05:00:00,0.0,-0.0018473566,lstm
2020-11-13 05:00:00,0.0,-0.0036615431,lstm
2020-11-13 05:00:00,0.0,-0.0023066252,lstm
2020-11-13 05:00:00,0.0,2.2128224e-05,lstm
2020-11-13 05:15:00,0.0,-0.001816839,lstm
2020-11-13 05:15:00,0.0,-0.0037061423,lstm
2020-11-13 05:15:00,0.0,-0.0023384094,lstm
2020-11-13 05:15:00,0.0,-2.2441149e-05,lstm
2020-11-13 05:30:00,0.0,-0.0017982423,lstm
2020-11-13 05:30:00,0.0,-0.0037573874,lstm
2020-11-13 05:30:00,0.0,-0.002391249,lstm
2020-11-13 05:30:00,0.0,-7.870793e-05,lstm
2020-11-13 05:45:00,0.0,-0.0018075854,lstm
2020-11-13 05:45:00,0.0,-0.003802523,lstm
2020-11-13 05:45:00,0.0,-0.002439618,lstm
2020-11-13 05:45:00,0.0,-0.00014950335,lstm
2020-11-13 06:00:00,0.0,-0.0017685443,lstm
2020-11-13 06:00:00,0.0,-0.0038629323,lstm
2020-11-13 06:00:00,0.0,-0.002475515,lstm
2020-11-13 06:00:00,0.0,-0.00019226968,lstm
2020-11-13 06:15:00,0.0,-0.0017174035,lstm
2020-11-13 06:15:00,0.0,-0.0039226264,lstm
2020-11-13 06:15:00,0.0,-0.00251171,lstm
2020-11-13 06:15:00,0.0,-0.00020205975,lstm
2020-11-13 06:30:00,0.0,-0.0016636848,lstm
2020-11-13 06:30:00,0.0,-0.0039799213,lstm
2020-11-13 06:30:00,0.0,-0.0025671422,lstm
2020-11-13 06:30:00,0.0,-0.00021731853,lstm
2020-11-13 06:45:00,0.0,-0.001656726,lstm
2020-11-13 06:45:00,0.0,-0.0040167123,lstm
2020-11-13 06:45:00,0.0,-0.0025383085,lstm
2020-11-13 06:45:00,0.0,-0.00013805926,lstm
2020-11-13 07:00:00,0.0,-0.0016248971,lstm
2020-11-13 07:00:00,0.0,-0.004093647,lstm
2020-11-13 07:00:00,0.0,-0.002530396,lstm
2020-11-13 07:00:00,0.0,-5.2168965e-05,lstm
2020-11-13 07:15:00,0.0,-0.0015605092,lstm
2020-11-13 07:15:00,0.0,-0.004166007,lstm
2020-11-13 07:15:00,0.0,-0.0025084317,lstm
2020-11-13 07:15:00,0.0,9.544194e-05,lstm
2020-11-13 07:30:00,0.0,-0.0014891922,lstm
2020-11-13 07:30:00,0.0,-0.0042488426,lstm
2020-11-13 07:30:00,0.0,-0.002517283,lstm
2020-11-13 07:30:00,0.0,0.00024212897,lstm
2020-11-13 07:45:00,0.0,-0.0014333278,lstm
2020-11-13 07:45:00,0.0,-0.0042794496,lstm
2020-11-13 07:45:00,0.0,-0.002377957,lstm
2020-11-13 07:45:00,0.0,0.0006107241,lstm
2020-11-13 08:00:00,0.0,-0.0013347566,lstm
2020-11-13 08:00:00,0.0,-0.004335612,lstm
2020-11-13 08:00:00,0.0,-0.0021536946,lstm
2020-11-13 08:00:00,0.0,0.0011705756,lstm
2020-11-13 08:15:00,0.0,-0.0011552274,lstm
2020-11-13 08:15:00,0.0,-0.0043910444,lstm
2020-11-13 08:15:00,0.0,-0.0018703789,lstm
2020-11-13 08:15:00,0.0012000054,0.0020519197,lstm
2020-11-13 08:30:00,0.0,-0.00082345307,lstm
2020-11-13 08:30:00,0.0,-0.004341781,lstm
2020-11-13 08:30:00,0.0012000054,-0.0011284053,lstm
2020-11-13 08:30:00,0.013600007,0.004106909,lstm
2020-11-13 08:45:00,0.0,-0.00036635995,lstm
2020-11-13 08:45:00,0.0012000054,-0.003780514,lstm
2020-11-13 08:45:00,0.013600007,0.0010760278,lstm
2020-11-13 08:45:00,0.054800004,0.009530112,lstm
2020-11-13 09:00:00,0.0012000054,5.182624e-05,lstm
2020-11-13 09:00:00,0.013600007,9.445846e-05,lstm
2020-11-13 09:00:00,0.05479999,0.011483446,lstm
2020-11-13 09:00:00,0.118,0.032168075,lstm
2020-11-13 09:15:00,0.013600007,0.0025256425,lstm
2020-11-13 09:15:00,0.054800004,0.021996468,lstm
2020-11-13 09:15:00,0.118,0.057217866,lstm
2020-11-13 09:15:00,0.239,0.11286995,lstm
2020-11-13 09:30:00,0.054800004,0.03849438,lstm
2020-11-13 09:30:00,0.118,0.08893469,lstm
2020-11-13 09:30:00,0.239,0.16137749,lstm
2020-11-13 09:30:00,0.3292,0.24263752,lstm
2020-11-13 09:45:00,0.118,0.116878316,lstm
2020-11-13 09:45:00,0.239,0.19466485,lstm
2020-11-13 09:45:00,0.3292,0.28969377,lstm
2020-11-13 09:45:00,0.399,0.3681813,lstm
2020-11-13 10:00:00,0.239,0.21221216,lstm
2020-11-13 10:00:00,0.3292,0.30011308,lstm
2020-11-13 10:00:00,0.399,0.38097328,lstm
2020-11-13 10:00:00,0.4604,0.4496408,lstm
2020-11-13 10:15:00,0.3292,0.32326496,lstm
2020-11-13 10:15:00,0.399,0.39406848,lstm
2020-11-13 10:15:00,0.4604,0.44996077,lstm
2020-11-13 10:15:00,0.5188,0.5189955,lstm
2020-11-13 10:30:00,0.399,0.35670945,lstm
2020-11-13 10:30:00,0.4604,0.41531745,lstm
2020-11-13 10:30:00,0.5188,0.4613406,lstm
2020-11-13 10:30:00,0.5682,0.52537286,lstm
2020-11-13 10:45:00,0.4604,0.44574794,lstm
2020-11-13 10:45:00,0.5188,0.49646053,lstm
2020-11-13 10:45:00,0.5682,0.54358846,lstm
2020-11-13 10:45:00,0.6098,0.5919142,lstm
2020-11-13 11:00:00,0.5188,0.5163467,lstm
2020-11-13 11:00:00,0.5682,0.5582897,lstm
2020-11-13 11:00:00,0.6098,0.60273254,lstm
2020-11-13 11:00:00,0.6474,0.6370421,lstm
2020-11-13 11:15:00,0.5682,0.5770341,lstm
2020-11-13 11:15:00,0.6098,0.6120659,lstm
2020-11-13 11:15:00,0.6474,0.651127,lstm
2020-11-13 11:15:00,0.6794,0.68045056,lstm
2020-11-13 11:30:00,0.6098,0.624694,lstm
2020-11-13 11:30:00,0.6474,0.6566174,lstm
2020-11-13 11:30:00,0.6794,0.6887773,lstm
2020-11-13 11:30:00,0.7082,0.7178464,lstm
2020-11-13 11:45:00,0.6474,0.6642219,lstm
2020-11-13 11:45:00,0.6794,0.6933663,lstm
2020-11-13 11:45:00,0.7082,0.71827394,lstm
2020-11-13 11:45:00,0.7346,0.7475186,lstm
2020-11-13 12:00:00,0.6794,0.6951432,lstm
2020-11-13 12:00:00,0.7082,0.7212832,lstm
2020-11-13 12:00:00,0.7346,0.7401576,lstm
2020-11-13 12:00:00,0.7564,0.768656,lstm
2020-11-13 12:15:00,0.7082,0.7176066,lstm
2020-11-13 12:15:00,0.73459995,0.7403172,lstm
2020-11-13 12:15:00,0.7564,0.75459164,lstm
2020-11-13 12:15:00,0.7718,0.7807327,lstm
2020-11-13 12:30:00,0.7346,0.73741376,lstm
2020-11-13 12:30:00,0.7564,0.7561275,lstm
2020-11-13 12:30:00,0.7718,0.76753396,lstm
2020-11-13 12:30:00,0.755,0.79114795,lstm
2020-11-13 12:45:00,0.7564,0.75838673,lstm
2020-11-13 12:45:00,0.7717999,0.77267754,lstm
2020-11-13 12:45:00,0.755,0.7821696,lstm
2020-11-13 12:45:00,0.6218,0.8031493,lstm
2020-11-13 13:00:00,0.7718,0.7792955,lstm
2020-11-13 13:00:00,0.755,0.78891206,lstm
2020-11-13 13:00:00,0.6218,0.7971079,lstm
2020-11-13 13:00:00,0.5564,0.8148445,lstm
2020-11-13 13:15:00,0.755,0.7976431,lstm
2020-11-13 13:15:00,0.6218,0.8019451,lstm
2020-11-13 13:15:00,0.5564,0.80868745,lstm
2020-11-13 13:15:00,0.5164,0.8228747,lstm
2020-11-13 13:30:00,0.6218,0.78348875,lstm
2020-11-13 13:30:00,0.5564,0.78374994,lstm
2020-11-13 13:30:00,0.5164,0.78548044,lstm
2020-11-13 13:30:00,0.3902,0.7914984,lstm
2020-11-13 13:45:00,0.55640006,0.5917046,lstm
2020-11-13 13:45:00,0.5164,0.60498315,lstm
2020-11-13 13:45:00,0.3902,0.5963285,lstm
2020-11-13 13:45:00,0.3112,0.59023213,lstm
2020-11-13 14:00:00,0.5164,0.52086693,lstm
2020-11-13 14:00:00,0.3902,0.53547627,lstm
2020-11-13 14:00:00,0.3112,0.5290297,lstm
2020-11-13 14:00:00,0.2796,0.5347082,lstm
2020-11-13 14:15:00,0.3902,0.4640557,lstm
2020-11-13 14:15:00,0.3112,0.48879257,lstm
2020-11-13 14:15:00,0.2796,0.4994613,lstm
2020-11-13 14:15:00,0.2396,0.5145194,lstm
2020-11-13 14:30:00,0.3112,0.33767235,lstm
2020-11-13 14:30:00,0.2796,0.38404354,lstm
2020-11-13 14:30:00,0.2396,0.3978483,lstm
2020-11-13 14:30:00,0.2376,0.41366935,lstm
2020-11-13 14:45:00,0.2796,0.26058036,lstm
2020-11-13 14:45:00,0.2396,0.29868722,lstm
2020-11-13 14:45:00,0.2376,0.316536,lstm
2020-11-13 14:45:00,0.2364,0.33334833,lstm
2020-11-13 15:00:00,0.2396,0.22190233,lstm
2020-11-13 15:00:00,0.2376,0.24371274,lstm
2020-11-13 15:00:00,0.2364,0.27199027,lstm
2020-11-13 15:00:00,0.2578,0.2842427,lstm
2020-11-13 15:15:00,0.2376,0.16591287,lstm
2020-11-13 15:15:00,0.2364,0.1838778,lstm
2020-11-13 15:15:00,0.2578,0.21675456,lstm
2020-11-13 15:15:00,0.2796,0.22340243,lstm
2020-11-13 15:30:00,0.2364,0.14769053,lstm
2020-11-13 15:30:00,0.2578,0.16168028,lstm
2020-11-13 15:30:00,0.2796,0.19167231,lstm
2020-11-13 15:30:00,0.3524,0.1966232,lstm
2020-11-13 15:45:00,0.2578,0.14177738,lstm
2020-11-13 15:45:00,0.2796,0.15334365,lstm
2020-11-13 15:45:00,0.3524,0.17496432,lstm
2020-11-13 15:45:00,0.377,0.1816454,lstm
2020-11-13 16:00:00,0.2796,0.16883004,lstm
2020-11-13 16:00:00,0.3524,0.1763145,lstm
2020-11-13 16:00:00,0.377,0.18871328,lstm
2020-11-13 16:00:00,0.5192,0.19500862,lstm
2020-11-13 16:15:00,0.3524,0.20171067,lstm
2020-11-13 16:15:00,0.377,0.20248035,lstm
2020-11-13 16:15:00,0.5192,0.20611754,lstm
2020-11-13 16:15:00,0.4662,0.20948851,lstm
2020-11-13 16:30:00,0.377,0.31508327,lstm
2020-11-13 16:30:00,0.5192,0.30570978,lstm
2020-11-13 16:30:00,0.4662,0.30030212,lstm
2020-11-13 16:30:00,0.4034,0.2955414,lstm
2020-11-13 16:45:00,0.5192,0.3501886,lstm
2020-11-13 16:45:00,0.4662,0.33297068,lstm
2020-11-13 16:45:00,0.4034,0.3165759,lstm
2020-11-13 16:45:00,0.3286,0.30401862,lstm
2020-11-13 17:00:00,0.4662,0.45982856,lstm
2020-11-13 17:00:00,0.4034,0.4112311,lstm
2020-11-13 17:00:00,0.3286,0.3764739,lstm
2020-11-13 17:00:00,0.2306,0.34838557,lstm
2020-11-13 17:15:00,0.4034,0.36733407,lstm
2020-11-13 17:15:00,0.3286,0.32526422,lstm
2020-11-13 17:15:00,0.2306,0.28299284,lstm
2020-11-13 17:15:00,0.1118,0.23579437,lstm
2020-11-13 17:30:00,0.3286,0.32241723,lstm
2020-11-13 17:30:00,0.2306,0.2646871,lstm
2020-11-13 17:30:00,0.1118,0.20754053,lstm
2020-11-13 17:30:00,0.046800002,0.15165128,lstm
2020-11-13 17:45:00,0.2306,0.253557,lstm
2020-11-13 17:45:00,0.1118,0.17785774,lstm
2020-11-13 17:45:00,0.046800002,0.11777915,lstm
2020-11-13 17:45:00,0.0066000074,0.06739049,lstm
2020-11-13 18:00:00,0.1118,0.15987454,lstm
2020-11-13 18:00:00,0.046800002,0.089674994,lstm
2020-11-13 18:00:00,0.0066000074,0.049601495,lstm
2020-11-13 18:00:00,0.0,0.018851385,lstm
2020-11-13 18:15:00,0.046800017,0.076420374,lstm
2020-11-13 18:15:00,0.0065999925,0.031062335,lstm
2020-11-13 18:15:00,0.0,0.008695215,lstm
2020-11-13 18:15:00,0.0,0.0004912615,lstm
2020-11-13 18:30:00,0.0065999925,0.03596565,lstm
2020-11-13 18:30:00,0.0,0.0075438023,lstm
2020-11-13 18:30:00,0.0,-0.0040158033,lstm
2020-11-13 18:30:00,0.0,-0.0038275868,lstm
2020-11-13 18:45:00,0.0,0.017862618,lstm
2020-11-13 18:45:00,0.0,0.00022819638,lstm
2020-11-13 18:45:00,0.0,-0.005230665,lstm
2020-11-13 18:45:00,0.0,-0.0025850981,lstm
2020-11-13 19:00:00,0.0,0.007992715,lstm
2020-11-13 19:00:00,0.0,-0.0019586384,lstm
2020-11-13 19:00:00,0.0,-0.0038638115,lstm
2020-11-13 19:00:00,0.0,-0.00095255673,lstm
2020-11-13 19:15:00,0.0,0.0033406466,lstm
2020-11-13 19:15:00,0.0,-0.00279589,lstm
2020-11-13 19:15:00,0.0,-0.0029557347,lstm
2020-11-13 19:15:00,0.0,-0.00029790401,lstm
2020-11-13 19:30:00,0.0,0.000791803,lstm
2020-11-13 19:30:00,0.0,-0.0033494085,lstm
2020-11-13 19:30:00,0.0,-0.0025297254,lstm
2020-11-13 19:30:00,0.0,-0.00014515221,lstm
2020-11-13 19:45:00,0.0,-0.0004053861,lstm
2020-11-13 19:45:00,0.0,-0.003682077,lstm
2020-11-13 19:45:00,0.0,-0.0024171323,lstm
2020-11-13 19:45:00,0.0,-0.00010922551,lstm
2020-11-13 20:00:00,0.0,-0.0011228919,lstm
2020-11-13 20:00:00,0.0,-0.0038856864,lstm
2020-11-13 20:00:00,0.0,-0.002346024,lstm
2020-11-13 20:00:00,0.0,-3.5881996e-05,lstm
2020-11-13 20:15:00,0.0,-0.0014940649,lstm
2020-11-13 20:15:00,0.0,-0.003972769,lstm
2020-11-13 20:15:00,0.0,-0.0022736788,lstm
2020-11-13 20:15:00,0.0,4.377961e-05,lstm
2020-11-13 20:30:00,0.0,-0.0017294586,lstm
2020-11-13 20:30:00,0.0,-0.0040252507,lstm
2020-11-13 20:30:00,0.0,-0.002198562,lstm
2020-11-13 20:30:00,0.0,0.00011654198,lstm
2020-11-13 20:45:00,0.0,-0.00186342,lstm
2020-11-13 20:45:00,0.0,-0.004101947,lstm
2020-11-13 20:45:00,0.0,-0.0022625625,lstm
2020-11-13 20:45:00,0.0,0.00012904406,lstm
2020-11-13 21:00:00,0.0,-0.0020097345,lstm
2020-11-13 21:00:00,0.0,-0.0041105896,lstm
2020-11-13 21:00:00,0.0,-0.0022127777,lstm
2020-11-13 21:00:00,0.0,0.00023156404,lstm
2020-11-13 21:15:00,0.0,-0.0020639747,lstm
2020-11-13 21:15:00,0.0,-0.0041097105,lstm
2020-11-13 21:15:00,0.0,-0.0021878034,lstm
2020-11-13 21:15:00,0.0,0.00027549267,lstm
2020-11-13 21:30:00,0.0,-0.0020938069,lstm
2020-11-13 21:30:00,0.0,-0.0040948093,lstm
2020-11-13 21:30:00,0.0,-0.0021621585,lstm
2020-11-13 21:30:00,0.0,0.0003079772,lstm
2020-11-13 21:45:00,0.0,-0.0021615922,lstm
2020-11-13 21:45:00,0.0,-0.004147917,lstm
2020-11-13 21:45:00,0.0,-0.0022716671,lstm
2020-11-13 21:45:00,0.0,0.00028714538,lstm
2020-11-13 22:00:00,0.0,-0.0021869093,lstm
2020-11-13 22:00:00,0.0,-0.0041157454,lstm
2020-11-13 22:00:00,0.0,-0.00224787,lstm
2020-11-13 22:00:00,0.0,0.00034725666,lstm
2020-11-13 22:15:00,0.0,-0.0021937639,lstm
2020-11-13 22:15:00,0.0,-0.004085064,lstm
2020-11-13 22:15:00,0.0,-0.0022146702,lstm
2020-11-13 22:15:00,0.0,0.00038906932,lstm
2020-11-13 22:30:00,0.0,-0.0021933466,lstm
2020-11-13 22:30:00,0.0,-0.004057944,lstm
2020-11-13 22:30:00,0.0,-0.0021924675,lstm
2020-11-13 22:30:00,0.0,0.0004170239,lstm
2020-11-13 22:45:00,0.0,-0.0022521317,lstm
2020-11-13 22:45:00,0.0,-0.0040899217,lstm
2020-11-13 22:45:00,0.0,-0.002292335,lstm
2020-11-13 22:45:00,0.0,0.00039564073,lstm
2020-11-13 23:00:00,0.0,-0.002254814,lstm
2020-11-13 23:00:00,0.0,-0.004042506,lstm
2020-11-13 23:00:00,0.0,-0.0022574514,lstm
2020-11-13 23:00:00,0.0,0.00045336783,lstm
2020-11-13 23:15:00,0.0,-0.0022515953,lstm
2020-11-13 23:15:00,0.0,-0.0040077716,lstm
2020-11-13 23:15:00,0.0,-0.0022269934,lstm
2020-11-13 23:15:00,0.0,0.0004914254,lstm
2020-11-13 23:30:00,0.0,-0.002252072,lstm
2020-11-13 23:30:00,0.0,-0.003986016,lstm
2020-11-13 23:30:00,0.0,-0.002199918,lstm
2020-11-13 23:30:00,0.0,0.0005222112,lstm
2020-11-13 23:45:00,0.0,-0.0023008734,lstm
2020-11-13 23:45:00,0.0,-0.003998071,lstm
2020-11-13 23:45:00,0.0,-0.0022986382,lstm
2020-11-13 23:45:00,0.0,0.00048068166,lstm
2020-11-14 00:00:00,0.0,-0.002285406,lstm
2020-11-14 00:00:00,0.0,-0.003941655,lstm
2020-11-14 00:00:00,0.0,-0.0022612363,lstm
2020-11-14 00:00:00,0.0,0.00052931905,lstm
2020-11-14 00:15:00,0.0,-0.0022708625,lstm
2020-11-14 00:15:00,0.0,-0.003910288,lstm
2020-11-14 00:15:00,0.0,-0.0022360533,lstm
2020-11-14 00:15:00,0.0,0.00055612624,lstm
2020-11-14 00:30:00,0.0,-0.0022603124,lstm
2020-11-14 00:30:00,0.0,-0.0038918555,lstm
2020-11-14 00:30:00,0.0,-0.0022210628,lstm
2020-11-14 00:30:00,0.0,0.00057272613,lstm
2020-11-14 00:45:00,0.0,-0.0022793561,lstm
2020-11-14 00:45:00,0.0,-0.0038849413,lstm
2020-11-14 00:45:00,0.0,-0.0022985786,lstm
2020-11-14 00:45:00,0.0,0.0005289018,lstm
2020-11-14 01:00:00,0.0,-0.0022437274,lstm
2020-11-14 01:00:00,0.0,-0.0038271844,lstm
2020-11-14 01:00:00,0.0,-0.0022531599,lstm
2020-11-14 01:00:00,0.0,0.0005633682,lstm
2020-11-14 01:15:00,0.0,-0.0022193938,lstm
2020-11-14 01:15:00,0.0,-0.0038014948,lstm
2020-11-14 01:15:00,0.0,-0.002234444,lstm
2020-11-14 01:15:00,0.0,0.00057424605,lstm
2020-11-14 01:30:00,0.0,-0.002203852,lstm
2020-11-14 01:30:00,0.0,-0.003783539,lstm
2020-11-14 01:30:00,0.0,-0.0022221208,lstm
2020-11-14 01:30:00,0.0,0.00058315694,lstm
2020-11-14 01:45:00,0.0,-0.002214238,lstm
2020-11-14 01:45:00,0.0,-0.0037747622,lstm
2020-11-14 01:45:00,0.0,-0.0022896081,lstm
2020-11-14 01:45:00,0.0,0.0005248636,lstm
2020-11-14 02:00:00,0.0,-0.0021728277,lstm
2020-11-14 02:00:00,0.0,-0.003723219,lstm
2020-11-14 02:00:00,0.0,-0.0022554249,lstm
2020-11-14 02:00:00,0.0,0.000536412,lstm
2020-11-14 02:15:00,0.0,-0.0021407306,lstm
2020-11-14 02:15:00,0.0,-0.0036970675,lstm
2020-11-14 02:15:00,0.0,-0.0022476465,lstm
2020-11-14 02:15:00,0.0,0.0005337596,lstm
2020-11-14 02:30:00,0.0,-0.0021198243,lstm
2020-11-14 02:30:00,0.0,-0.0036813766,lstm
2020-11-14 02:30:00,0.0,-0.0022491515,lstm
2020-11-14 02:30:00,0.0,0.0005314052,lstm
2020-11-14 02:45:00,0.0,-0.002113685,lstm
2020-11-14 02:45:00,0.0,-0.0036458522,lstm
2020-11-14 02:45:00,0.0,-0.0022953302,lstm
2020-11-14 02:45:00,0.0,0.00047408044,lstm
2020-11-14 03:00:00,0.0,-0.0020527244,lstm
2020-11-14 03:00:00,0.0,-0.0035847127,lstm
2020-11-14 03:00:00,0.0,-0.0022537857,lstm
2020-11-14 03:00:00,0.0,0.00047934055,lstm
2020-11-14 03:15:00,0.0,-0.0020021796,lstm
2020-11-14 03:15:00,0.0,-0.0035538971,lstm
2020-11-14 03:15:00,0.0,-0.00223805,lstm
2020-11-14 03:15:00,0.0,0.00047536194,lstm
2020-11-14 03:30:00,0.0,-0.0019665211,lstm
2020-11-14 03:30:00,0.0,-0.0035346895,lstm
2020-11-14 03:30:00,0.0,-0.0022362173,lstm
2020-11-14 03:30:00,0.0,0.0004683733,lstm
2020-11-14 03:45:00,0.0,-0.0019460022,lstm
2020-11-14 03:45:00,0.0,-0.0034990162,lstm
2020-11-14 03:45:00,0.0,-0.0022620559,lstm
2020-11-14 03:45:00,0.0,0.0004196018,lstm
2020-11-14 04:00:00,0.0,-0.0018785596,lstm
2020-11-14 04:00:00,0.0,-0.0034491718,lstm
2020-11-14 04:00:00,0.0,-0.002226457,lstm
2020-11-14 04:00:00,0.0,0.0004146546,lstm
2020-11-14 04:15:00,0.0,-0.0018218458,lstm
2020-11-14 04:15:00,0.0,-0.0034304112,lstm
2020-11-14 04:15:00,0.0,-0.002228707,lstm
2020-11-14 04:15:00,0.0,0.00039616227,lstm
2020-11-14 04:30:00,0.0,-0.0017814785,lstm
2020-11-14 04:30:00,0.0,-0.0034193546,lstm
2020-11-14 04:30:00,0.0,-0.0022352934,lstm
2020-11-14 04:30:00,0.0,0.00038672984,lstm
2020-11-14 04:45:00,0.0,-0.0017693639,lstm
2020-11-14 04:45:00,0.0,-0.0033902973,lstm
2020-11-14 04:45:00,0.0,-0.0022375435,lstm
2020-11-14 04:45:00,0.0,0.0003605783,lstm
2020-11-14 05:00:00,0.0,-0.0017257482,lstm
2020-11-14 05:00:00,0.0,-0.0033821315,lstm
2020-11-14 05:00:00,0.0,-0.0022161156,lstm
2020-11-14 05:00:00,0.0,0.00034801662,lstm
2020-11-14 05:15:00,0.0,-0.0016865432,lstm
2020-11-14 05:15:00,0.0,-0.0034048408,lstm
2020-11-14 05:15:00,0.0,-0.0022534877,lstm
2020-11-14 05:15:00,0.0,0.00029927492,lstm
2020-11-14 05:30:00,0.0,-0.0016505718,lstm
2020-11-14 05:30:00,0.0,-0.0034281611,lstm
2020-11-14 05:30:00,0.0,-0.002293378,lstm
2020-11-14 05:30:00,0.0,0.00026781857,lstm
2020-11-14 05:45:00,0.0,-0.0016458482,lstm
2020-11-14 05:45:00,0.0,-0.0034269243,lstm
2020-11-14 05:45:00,0.0,-0.0023123324,lstm
2020-11-14 05:45:00,0.0,0.00024431944,lstm
2020-11-14 06:00:00,0.0,-0.0016076118,lstm
2020-11-14 06:00:00,0.0,-0.0034478307,lstm
2020-11-14 06:00:00,0.0,-0.0023180246,lstm
2020-11-14 06:00:00,0.0,0.00024293363,lstm
2020-11-14 06:15:00,0.0,-0.0015704632,lstm
2020-11-14 06:15:00,0.0,-0.0034849942,lstm
2020-11-14 06:15:00,0.0,-0.0023496896,lstm
2020-11-14 06:15:00,0.0,0.00024792552,lstm
2020-11-14 06:30:00,0.0,-0.0015417188,lstm
2020-11-14 06:30:00,0.0,-0.0035264045,lstm
2020-11-14 06:30:00,0.0,-0.0023879707,lstm
2020-11-14 06:30:00,0.0,0.00025632977,lstm
2020-11-14 06:45:00,0.0,-0.001556322,lstm
2020-11-14 06:45:00,0.0,-0.003551051,lstm
2020-11-14 06:45:00,0.0,-0.0023869425,lstm
2020-11-14 06:45:00,0.0,0.00030721724,lstm
2020-11-14 07:00:00,0.0,-0.0015380234,lstm
2020-11-14 07:00:00,0.0,-0.0036169142,lstm
2020-11-14 07:00:00,0.0,-0.002389267,lstm
2020-11-14 07:00:00,0.0,0.00037963688,lstm
2020-11-14 07:15:00,0.0,-0.0015007406,lstm
2020-11-14 07:15:00,0.0,-0.003688842,lstm
2020-11-14 07:15:00,0.0,-0.0024211109,lstm
2020-11-14 07:15:00,0.0,0.00045992434,lstm
2020-11-14 07:30:00,0.0,-0.001451999,lstm
2020-11-14 07:30:00,0.0,-0.00376077,lstm
2020-11-14 07:30:00,0.0,-0.002443567,lstm
2020-11-14 07:30:00,0.0,0.00057020783,lstm
2020-11-14 07:45:00,0.0,-0.0014322698,lstm
2020-11-14 07:45:00,0.0,-0.003798753,lstm
2020-11-14 07:45:00,0.0,-0.00236547,lstm
2020-11-14 07:45:00,0.0,0.00084427,lstm
2020-11-14 08:00:00,0.0,-0.0013878793,lstm
2020-11-14 08:00:00,0.0,-0.0038791746,lstm
2020-11-14 08:00:00,0.0,-0.0022432208,lstm
2020-11-14 08:00:00,0.0,0.0012969524,lstm
2020-11-14 08:15:00,0.0,-0.0012604743,lstm
2020-11-14 08:15:00,0.0,-0.0039677024,lstm
2020-11-14 08:15:00,0.0,-0.0020229518,lstm
2020-11-14 08:15:00,0.0015999973,0.0021615028,lstm
2020-11-14 08:30:00,0.0,-0.00097475946,lstm
2020-11-14 08:30:00,0.0,-0.0040112883,lstm
2020-11-14 08:30:00,0.0015999973,-0.0013252497,lstm
2020-11-14 08:30:00,0.015200004,0.004579529,lstm
2020-11-14 08:45:00,0.0,-0.0006913245,lstm
2020-11-14 08:45:00,0.0015999824,-0.0032718033,lstm
2020-11-14 08:45:00,0.015200004,0.0016025454,lstm
2020-11-14 08:45:00,0.04520002,0.012221038,lstm
2020-11-14 09:00:00,0.0015999973,-0.00083743036,lstm
2020-11-14 09:00:00,0.015200004,0.0024296045,lstm
2020-11-14 09:00:00,0.045200005,0.015601486,lstm
2020-11-14 09:00:00,0.095,0.042234316,lstm
2020-11-14 09:15:00,0.015200004,0.0025156438,lstm
2020-11-14 09:15:00,0.045200005,0.022660255,lstm
2020-11-14 09:15:00,0.095,0.057009324,lstm
2020-11-14 09:15:00,0.2032,0.11298195,lstm
2020-11-14 09:30:00,0.045200005,0.035785317,lstm
2020-11-14 09:30:00,0.095000006,0.081526116,lstm
2020-11-14 09:30:00,0.2032,0.14771248,lstm
2020-11-14 09:30:00,0.3174,0.22342591,lstm
2020-11-14 09:45:00,0.095,0.09048385,lstm
2020-11-14 09:45:00,0.2032,0.16002955,lstm
2020-11-14 09:45:00,0.3174,0.243653,lstm
2020-11-14 09:45:00,0.379,0.31625038,lstm
2020-11-14 10:00:00,0.2032,0.16910684,lstm
2020-11-14 10:00:00,0.3174,0.2511698,lstm
2020-11-14 10:00:00,0.379,0.32849327,lstm
2020-11-14 10:00:00,0.3578,0.3907019,lstm
2020-11-14 10:15:00,0.3174,0.28370866,lstm
2020-11-14 10:15:00,0.379,0.3529274,lstm
2020-11-14 10:15:00,0.3578,0.40804607,lstm
2020-11-14 10:15:00,0.537,0.47189105,lstm
2020-11-14 10:30:00,0.379,0.34216833,lstm
2020-11-14 10:30:00,0.3578,0.39622778,lstm
2020-11-14 10:30:00,0.537,0.43840724,lstm
2020-11-14 10:30:00,0.5206,0.50266063,lstm
2020-11-14 10:45:00,0.3578,0.41302797,lstm
2020-11-14 10:45:00,0.53700006,0.46236122,lstm
2020-11-14 10:45:00,0.5206,0.5035471,lstm
2020-11-14 10:45:00,0.472,0.5563738,lstm
2020-11-14 11:00:00,0.53699994,0.40889376,lstm
2020-11-14 11:00:00,0.5206,0.45673868,lstm
2020-11-14 11:00:00,0.472,0.49086636,lstm
2020-11-14 11:00:00,0.58039993,0.52370465,lstm
2020-11-14 11:15:00,0.5206,0.559987,lstm
2020-11-14 11:15:00,0.472,0.58321166,lstm
2020-11-14 11:15:00,0.5804,0.6174274,lstm
2020-11-14 11:15:00,0.6832,0.65073055,lstm
2020-11-14 11:30:00,0.472,0.55871034,lstm
2020-11-14 11:30:00,0.5804,0.59230924,lstm
2020-11-14 11:30:00,0.6832,0.6158823,lstm
2020-11-14 11:30:00,0.7098,0.6396845,lstm
2020-11-14 11:45:00,0.5804,0.52411914,lstm
2020-11-14 11:45:00,0.6832,0.5493363,lstm
2020-11-14 11:45:00,0.7098,0.5645056,lstm
2020-11-14 11:45:00,0.7346,0.57617426,lstm
2020-11-14 12:00:00,0.6832,0.63275826,lstm
2020-11-14 12:00:00,0.7098,0.6522068,lstm
2020-11-14 12:00:00,0.7346,0.667414,lstm
2020-11-14 12:00:00,0.753,0.69812024,lstm
2020-11-14 12:15:00,0.7098,0.7103785,lstm
2020-11-14 12:15:00,0.73459995,0.7296177,lstm
2020-11-14 12:15:00,0.753,0.74181414,lstm
2020-11-14 12:15:00,0.7724,0.772759,lstm
2020-11-14 12:30:00,0.7346,0.7300703,lstm
2020-11-14 12:30:00,0.753,0.7514142,lstm
2020-11-14 12:30:00,0.7724,0.7614089,lstm
2020-11-14 12:30:00,0.7848,0.7828216,lstm
2020-11-14 12:45:00,0.753,0.75330114,lstm
2020-11-14 12:45:00,0.7724,0.76805496,lstm
2020-11-14 12:45:00,0.7848,0.77481645,lstm
2020-11-14 12:45:00,0.78959996,0.791133,lstm
2020-11-14 13:00:00,0.7724,0.77231866,lstm
2020-11-14 13:00:00,0.78479993,0.7803844,lstm
2020-11-14 13:00:00,0.7896,0.7841586,lstm
2020-11-14 13:00:00,0.7944,0.7947017,lstm
2020-11-14 13:15:00,0.7848,0.78985846,lstm
2020-11-14 13:15:00,0.7896,0.7910472,lstm
2020-11-14 13:15:00,0.7944,0.79244673,lstm
2020-11-14 13:15:00,0.798,0.7988337,lstm
2020-11-14 13:30:00,0.7896,0.79663485,lstm
2020-11-14 13:30:00,0.7944,0.79354703,lstm
2020-11-14 13:30:00,0.798,0.79275644,lstm
2020-11-14 13:30:00,0.7976,0.79491365,lstm
2020-11-14 13:45:00,0.7944,0.79492205,lstm
2020-11-14 13:45:00,0.798,0.78643036,lstm
2020-11-14 13:45:00,0.7976,0.7814151,lstm
2020-11-14 13:45:00,0.788,0.7778581,lstm
2020-11-14 14:00:00,0.798,0.7888584,lstm
2020-11-14 14:00:00,0.7975999,0.77385926,lstm
2020-11-14 14:00:00,0.788,0.7648961,lstm
2020-11-14 14:00:00,0.7782,0.75579756,lstm
2020-11-14 14:15:00,0.7976,0.7775831,lstm
2020-11-14 14:15:00,0.788,0.75648725,lstm
2020-11-14 14:15:00,0.7782,0.7440593,lstm
2020-11-14 14:15:00,0.7602,0.72991633,lstm
2020-11-14 14:30:00,0.788,0.7628323,lstm
2020-11-14 14:30:00,0.7781999,0.73632145,lstm
2020-11-14 14:30:00,0.76019996,0.72087926,lstm
2020-11-14 14:30:00,0.7344,0.7022416,lstm
2020-11-14 14:45:00,0.7782,0.7406235,lstm
2020-11-14 14:45:00,0.7602,0.70634866,lstm
2020-11-14 14:45:00,0.7344,0.68592006,lstm
2020-11-14 14:45:00,0.7038,0.66061425,lstm
2020-11-14 15:00:00,0.7602,0.7181232,lstm
2020-11-14 15:00:00,0.7343999,0.67115986,lstm
2020-11-14 15:00:00,0.7038,0.64440924,lstm
2020-11-14 15:00:00,0.6708,0.61336356,lstm
2020-11-14 15:15:00,0.7344,0.69159657,lstm
2020-11-14 15:15:00,0.70379996,0.6489943,lstm
2020-11-14 15:15:00,0.6707999,0.62198555,lstm
2020-11-14 15:15:00,0.633,0.59262645,lstm
2020-11-14 15:30:00,0.7038,0.66885996,lstm
2020-11-14 15:30:00,0.6708,0.6169093,lstm
2020-11-14 15:30:00,0.633,0.58015275,lstm
2020-11-14 15:30:00,0.5932,0.5442544,lstm
2020-11-14 15:45:00,0.6708,0.645917,lstm
2020-11-14 15:45:00,0.633,0.58543587,lstm
2020-11-14 15:45:00,0.5932,0.5388213,lstm
2020-11-14 15:45:00,0.5392,0.49447888,lstm
2020-11-14 16:00:00,0.633,0.62812376,lstm
2020-11-14 16:00:00,0.5932,0.56150347,lstm
2020-11-14 16:00:00,0.5392,0.5095844,lstm
2020-11-14 16:00:00,0.5006,0.45838493,lstm
2020-11-14 16:15:00,0.5932,0.5975125,lstm
2020-11-14 16:15:00,0.5392,0.5252633,lstm
2020-11-14 16:15:00,0.5006,0.47321612,lstm
2020-11-14 16:15:00,0.4374,0.4182752,lstm
2020-11-14 16:30:00,0.5392,0.55412996,lstm
2020-11-14 16:30:00,0.5006,0.47503275,lstm
2020-11-14 16:30:00,0.4374,0.41978207,lstm
2020-11-14 16:30:00,0.363,0.36003196,lstm
2020-11-14 16:45:00,0.5006,0.4971939,lstm
2020-11-14 16:45:00,0.4374,0.41295898,lstm
2020-11-14 16:45:00,0.363,0.34906697,lstm
2020-11-14 16:45:00,0.304,0.28092116,lstm
2020-11-14 17:00:00,0.4374,0.44896382,lstm
2020-11-14 17:00:00,0.36299998,0.35724598,lstm
2020-11-14 17:00:00,0.304,0.2810887,lstm
2020-11-14 17:00:00,0.1864,0.20523174,lstm
2020-11-14 17:15:00,0.363,0.3824703,lstm
2020-11-14 17:15:00,0.304,0.28757417,lstm
2020-11-14 17:15:00,0.1864,0.20592485,lstm
2020-11-14 17:15:00,0.092,0.13408618,lstm
2020-11-14 17:30:00,0.304,0.302895,lstm
2020-11-14 17:30:00,0.1864,0.20880757,lstm
2020-11-14 17:30:00,0.092,0.13289331,lstm
2020-11-14 17:30:00,0.0396,0.07498529,lstm
2020-11-14 17:45:00,0.1864,0.23383462,lstm
2020-11-14 17:45:00,0.092,0.14290547,lstm
2020-11-14 17:45:00,0.0396,0.082028866,lstm
2020-11-14 17:45:00,0.0072000027,0.0360564,lstm
2020-11-14 18:00:00,0.092,0.14011785,lstm
2020-11-14 18:00:00,0.0396,0.06884139,lstm
2020-11-14 18:00:00,0.0072000027,0.034427345,lstm
2020-11-14 18:00:00,0.0,0.008553594,lstm
2020-11-14 18:15:00,0.0396,0.06604631,lstm
2020-11-14 18:15:00,0.0072000027,0.024303973,lstm
2020-11-14 18:15:00,0.0,0.0056592375,lstm
2020-11-14 18:15:00,0.0,-0.00077168643,lstm
2020-11-14 18:30:00,0.0072000027,0.030403063,lstm
2020-11-14 18:30:00,0.0,0.0060972124,lstm
2020-11-14 18:30:00,0.0,-0.0033056438,lstm
2020-11-14 18:30:00,0.0,-0.0022041649,lstm
2020-11-14 18:45:00,0.0,0.013786569,lstm
2020-11-14 18:45:00,0.0,-0.00042039156,lstm
2020-11-14 18:45:00,0.0,-0.0044096857,lstm
2020-11-14 18:45:00,0.0,-0.001401782,lstm
2020-11-14 19:00:00,0.0,0.005483538,lstm
2020-11-14 19:00:00,0.0,-0.002503708,lstm
2020-11-14 19:00:00,0.0,-0.0036193877,lstm
2020-11-14 19:00:00,0.0,-0.00042791665,lstm
2020-11-14 19:15:00,0.0,0.0016518831,lstm
2020-11-14 19:15:00,0.0,-0.0033227354,lstm
2020-11-14 19:15:00,0.0,-0.002966538,lstm
2020-11-14 19:15:00,0.0,-1.9699335e-05,lstm
2020-11-14 19:30:00,0.0,-0.00014898181,lstm
2020-11-14 19:30:00,0.0,-0.0037136674,lstm
2020-11-14 19:30:00,0.0,-0.0026662052,lstm
2020-11-14 19:30:00,0.0,5.38975e-05,lstm
2020-11-14 19:45:00,0.0,-0.001022622,lstm
2020-11-14 19:45:00,0.0,-0.0039680004,lstm
2020-11-14 19:45:00,0.0,-0.0026081204,lstm
2020-11-14 19:45:00,0.0,6.92904e-05,lstm
2020-11-14 20:00:00,0.0,-0.0015229583,lstm
2020-11-14 20:00:00,0.0,-0.004122153,lstm
2020-11-14 20:00:00,0.0,-0.0026048124,lstm
2020-11-14 20:00:00,0.0,9.821355e-05,lstm
2020-11-14 20:15:00,0.0,-0.001794979,lstm
2020-11-14 20:15:00,0.0,-0.0041915476,lstm
2020-11-14 20:15:00,0.0,-0.0025718212,lstm
2020-11-14 20:15:00,0.0,0.00014683604,lstm
2020-11-14 20:30:00,0.0,-0.0019494891,lstm
2020-11-14 20:30:00,0.0,-0.0042312443,lstm
2020-11-14 20:30:00,0.0,-0.0025426447,lstm
2020-11-14 20:30:00,0.0,0.00018468499,lstm
2020-11-14 20:45:00,0.0,-0.0020694733,lstm
2020-11-14 20:45:00,0.0,-0.0043060184,lstm
2020-11-14 20:45:00,0.0,-0.002615884,lstm
2020-11-14 20:45:00,0.0,0.00017879903,lstm
2020-11-14 21:00:00,0.0,-0.002162382,lstm
2020-11-14 21:00:00,0.0,-0.0043259263,lstm
2020-11-14 21:00:00,0.0,-0.0026224852,lstm
2020-11-14 21:00:00,0.0,0.0002194643,lstm
2020-11-14 21:15:00,0.0,-0.002216503,lstm
2020-11-14 21:15:00,0.0,-0.0043285787,lstm
2020-11-14 21:15:00,0.0,-0.0026046187,lstm
2020-11-14 21:15:00,0.0,0.00025635958,lstm
2020-11-14 21:30:00,0.0,-0.0022494346,lstm
2020-11-14 21:30:00,0.0,-0.004329145,lstm
2020-11-14 21:30:00,0.0,-0.0025874376,lstm
2020-11-14 21:30:00,0.0,0.00028313696,lstm
2020-11-14 21:45:00,0.0,-0.0023204088,lstm
2020-11-14 21:45:00,0.0,-0.0043698847,lstm
2020-11-14 21:45:00,0.0,-0.0026703924,lstm
2020-11-14 21:45:00,0.0,0.00026994944,lstm
2020-11-14 22:00:00,0.0,-0.0023482144,lstm
2020-11-14 22:00:00,0.0,-0.0043554157,lstm
2020-11-14 22:00:00,0.0,-0.0026712418,lstm
2020-11-14 22:00:00,0.0,0.0003041774,lstm
2020-11-14 22:15:00,0.0,-0.0023593158,lstm
2020-11-14 22:15:00,0.0,-0.0043388903,lstm
2020-11-14 22:15:00,0.0,-0.0026589632,lstm
2020-11-14 22:15:00,0.0,0.00033424795,lstm
2020-11-14 22:30:00,0.0,-0.0023676902,lstm
2020-11-14 22:30:00,0.0,-0.004325345,lstm
2020-11-14 22:30:00,0.0,-0.0026482642,lstm
2020-11-14 22:30:00,0.0,0.00035624206,lstm
2020-11-14 22:45:00,0.0,-0.00242275,lstm
2020-11-14 22:45:00,0.0,-0.004343137,lstm
2020-11-14 22:45:00,0.0,-0.0027350634,lstm
2020-11-14 22:45:00,0.0,0.0003387034,lstm
2020-11-14 23:00:00,0.0,-0.0024212897,lstm
2020-11-14 23:00:00,0.0,-0.004291132,lstm
2020-11-14 23:00:00,0.0,-0.002700165,lstm
2020-11-14 23:00:00,0.0,0.00039185584,lstm
2020-11-14 23:15:00,0.0,-0.0024114698,lstm
2020-11-14 23:15:00,0.0,-0.004244089,lstm
2020-11-14 23:15:00,0.0,-0.002649635,lstm
2020-11-14 23:15:00,0.0,0.0004374087,lstm
2020-11-14 23:30:00,0.0,-0.0024014711,lstm
2020-11-14 23:30:00,0.0,-0.0042176247,lstm
2020-11-14 23:30:00,0.0,-0.002617672,lstm
2020-11-14 23:30:00,0.0,0.00046353042,lstm
2020-11-14 23:45:00,0.0,-0.0024345964,lstm
2020-11-14 23:45:00,0.0,-0.0042148232,lstm
2020-11-14 23:45:00,0.0,-0.0026926696,lstm
2020-11-14 23:45:00,0.0,0.00043441355,lstm
2020-11-15 00:00:00,0.0,-0.0024116933,lstm
2020-11-15 00:00:00,0.0,-0.00416483,lstm
2020-11-15 00:00:00,0.0,-0.0026619285,lstm
2020-11-15 00:00:00,0.0,0.00047318637,lstm
2020-11-15 00:15:00,0.0,-0.0023909807,lstm
2020-11-15 00:15:00,0.0,-0.0041223317,lstm
2020-11-15 00:15:00,0.0,-0.0026226044,lstm
2020-11-15 00:15:00,0.0,0.0005043596,lstm
2020-11-15 00:30:00,0.0,-0.0023771226,lstm
2020-11-15 00:30:00,0.0,-0.004094109,lstm
2020-11-15 00:30:00,0.0,-0.0025951564,lstm
2020-11-15 00:30:00,0.0,0.0005219281,lstm
2020-11-15 00:45:00,0.0,-0.00237827,lstm
2020-11-15 00:45:00,0.0,-0.004048392,lstm
2020-11-15 00:45:00,0.0,-0.0026271343,lstm
2020-11-15 00:45:00,0.0,0.00050130486,lstm
2020-11-15 01:00:00,0.0,-0.002334848,lstm
2020-11-15 01:00:00,0.0,-0.003980726,lstm
2020-11-15 01:00:00,0.0,-0.002572149,lstm
2020-11-15 01:00:00,0.0,0.0005365759,lstm
2020-11-15 01:15:00,0.0,-0.0023032427,lstm
2020-11-15 01:15:00,0.0,-0.0039519668,lstm
2020-11-15 01:15:00,0.0,-0.0025482625,lstm
2020-11-15 01:15:00,0.0,0.0005504787,lstm
2020-11-15 01:30:00,0.0,-0.002287224,lstm
2020-11-15 01:30:00,0.0,-0.003931895,lstm
2020-11-15 01:30:00,0.0,-0.0025363714,lstm
2020-11-15 01:30:00,0.0,0.00055651367,lstm
2020-11-15 01:45:00,0.0,-0.0022819191,lstm
2020-11-15 01:45:00,0.0,-0.0038971007,lstm
2020-11-15 01:45:00,0.0,-0.0025915504,lstm
2020-11-15 01:45:00,0.0,0.0005094409,lstm
2020-11-15 02:00:00,0.0,-0.0022268593,lstm
2020-11-15 02:00:00,0.0,-0.003823787,lstm
2020-11-15 02:00:00,0.0,-0.002538085,lstm
2020-11-15 02:00:00,0.0,0.0005400777,lstm
2020-11-15 02:15:00,0.0,-0.002181843,lstm
2020-11-15 02:15:00,0.0,-0.0037918687,lstm
2020-11-15 02:15:00,0.0,-0.0025164634,lstm
2020-11-15 02:15:00,0.0,0.00054720044,lstm
2020-11-15 02:30:00,0.0,-0.002155289,lstm
2020-11-15 02:30:00,0.0,-0.0037543625,lstm
2020-11-15 02:30:00,0.0,-0.0024899393,lstm
2020-11-15 02:30:00,0.0,0.00054876506,lstm
2020-11-15 02:45:00,0.0,-0.0021204203,lstm
2020-11-15 02:45:00,0.0,-0.0036832392,lstm
2020-11-15 02:45:00,0.0,-0.002490878,lstm
2020-11-15 02:45:00,0.0,0.0005144626,lstm
2020-11-15 03:00:00,0.0,-0.0020351112,lstm
2020-11-15 03:00:00,0.0,-0.0035999715,lstm
2020-11-15 03:00:00,0.0,-0.0024077147,lstm
2020-11-15 03:00:00,0.0,0.0005465597,lstm
2020-11-15 03:15:00,0.0,-0.001974687,lstm
2020-11-15 03:15:00,0.0,-0.003561303,lstm
2020-11-15 03:15:00,0.0,-0.0023689717,lstm
2020-11-15 03:15:00,0.0,0.00055359304,lstm
2020-11-15 03:30:00,0.0,-0.001940012,lstm
2020-11-15 03:30:00,0.0,-0.0035379678,lstm
2020-11-15 03:30:00,0.0,-0.0023516268,lstm
2020-11-15 03:30:00,0.0,0.00055092573,lstm
2020-11-15 03:45:00,0.0,-0.0019066632,lstm
2020-11-15 03:45:00,0.0,-0.003481388,lstm
2020-11-15 03:45:00,0.0,-0.0023517013,lstm
2020-11-15 03:45:00,0.0,0.00051671267,lstm
2020-11-15 04:00:00,0.0,-0.0018362403,lstm
2020-11-15 04:00:00,0.0,-0.0034209937,lstm
2020-11-15 04:00:00,0.0,-0.002297163,lstm
2020-11-15 04:00:00,0.0,0.0005238205,lstm
2020-11-15 04:15:00,0.0,-0.001780197,lstm
2020-11-15 04:15:00,0.0,-0.0034042746,lstm
2020-11-15 04:15:00,0.0,-0.0022916496,lstm
2020-11-15 04:15:00,0.0,0.00050507486,lstm
2020-11-15 04:30:00,0.0,-0.00174357,lstm
2020-11-15 04:30:00,0.0,-0.0034027696,lstm
2020-11-15 04:30:00,0.0,-0.0022975951,lstm
2020-11-15 04:30:00,0.0,0.0004943609,lstm
2020-11-15 04:45:00,0.0,-0.0017199963,lstm
2020-11-15 04:45:00,0.0,-0.0033769011,lstm
2020-11-15 04:45:00,0.0,-0.0023149252,lstm
2020-11-15 04:45:00,0.0,0.00046682358,lstm
2020-11-15 05:00:00,0.0,-0.0016649216,lstm
2020-11-15 05:00:00,0.0,-0.0033582747,lstm
2020-11-15 05:00:00,0.0,-0.0023076832,lstm
2020-11-15 05:00:00,0.0,0.00047382712,lstm
2020-11-15 05:15:00,0.0,-0.0016216487,lstm
2020-11-15 05:15:00,0.0,-0.0033665001,lstm
2020-11-15 05:15:00,0.0,-0.0023429096,lstm
2020-11-15 05:15:00,0.0,0.00046561658,lstm
2020-11-15 05:30:00,0.0,-0.0015922934,lstm
2020-11-15 05:30:00,0.0,-0.0033808947,lstm
2020-11-15 05:30:00,0.0,-0.0023798496,lstm
2020-11-15 05:30:00,0.0,0.00046108663,lstm
2020-11-15 05:45:00,0.0,-0.0015882552,lstm
2020-11-15 05:45:00,0.0,-0.0033602118,lstm
2020-11-15 05:45:00,0.0,-0.0023802668,lstm
2020-11-15 05:45:00,0.0,0.00046809018,lstm
2020-11-15 06:00:00,0.0,-0.0015440583,lstm
2020-11-15 06:00:00,0.0,-0.0033721626,lstm
2020-11-15 06:00:00,0.0,-0.0023694187,lstm
2020-11-15 06:00:00,0.0,0.00050243735,lstm
2020-11-15 06:15:00,0.0,-0.0014995635,lstm
2020-11-15 06:15:00,0.0,-0.0034039468,lstm
2020-11-15 06:15:00,0.0,-0.0024005324,lstm
2020-11-15 06:15:00,0.0,0.0005066991,lstm
2020-11-15 06:30:00,0.0,-0.0014558136,lstm
2020-11-15 06:30:00,0.0,-0.0034354627,lstm
2020-11-15 06:30:00,0.0,-0.0024228245,lstm
2020-11-15 06:30:00,0.0,0.00054371357,lstm
2020-11-15 06:45:00,0.0,-0.001444146,lstm
2020-11-15 06:45:00,0.0,-0.003436923,lstm
2020-11-15 06:45:00,0.0,-0.0023990273,lstm
2020-11-15 06:45:00,0.0,0.00063587725,lstm
2020-11-15 07:00:00,0.0,-0.0013961196,lstm
2020-11-15 07:00:00,0.0,-0.0034587383,lstm
2020-11-15 07:00:00,0.0,-0.0023553967,lstm
2020-11-15 07:00:00,0.0,0.00079903007,lstm
2020-11-15 07:15:00,0.0,-0.001339227,lstm
2020-11-15 07:15:00,0.0,-0.003491044,lstm
2020-11-15 07:15:00,0.0,-0.0023396313,lstm
2020-11-15 07:15:00,0.0,0.0009786338,lstm
2020-11-15 07:30:00,0.0,-0.0012803823,lstm
2020-11-15 07:30:00,0.0,-0.003528133,lstm
2020-11-15 07:30:00,0.0,-0.002341643,lstm
2020-11-15 07:30:00,0.0,0.0011707395,lstm
2020-11-15 07:45:00,0.0,-0.0012388974,lstm
2020-11-15 07:45:00,0.0,-0.0034857094,lstm
2020-11-15 07:45:00,0.0,-0.002157569,lstm
2020-11-15 07:45:00,0.0,0.0016731769,lstm
2020-11-15 08:00:00,0.0,-0.001176253,lstm
2020-11-15 08:00:00,0.0,-0.003484249,lstm
2020-11-15 08:00:00,0.0,-0.0019376278,lstm
2020-11-15 08:00:00,0.0,0.0023567379,lstm
2020-11-15 08:15:00,0.0,-0.0010349452,lstm
2020-11-15 08:15:00,0.0,-0.0034511387,lstm
2020-11-15 08:15:00,0.0,-0.0015762746,lstm
2020-11-15 08:15:00,0.0,0.0035139173,lstm
2020-11-15 08:30:00,0.0,-0.0007701814,lstm
2020-11-15 08:30:00,0.0,-0.0032176226,lstm
2020-11-15 08:30:00,0.0,-0.00057797134,lstm
2020-11-15 08:30:00,0.0,0.006321594,lstm
2020-11-15 08:45:00,0.0,-0.0005056411,lstm
2020-11-15 08:45:00,0.0,-0.002109617,lstm
2020-11-15 08:45:00,0.0,0.0025168508,lstm
2020-11-15 08:45:00,0.0,0.013787895,lstm
2020-11-15 09:00:00,0.0,-0.00014042854,lstm
2020-11-15 09:00:00,0.0,0.0036859661,lstm
2020-11-15 09:00:00,0.0,0.015514299,lstm
2020-11-15 09:00:00,0.0,0.04020606,lstm
2020-11-15 09:15:00,0.0,0.0031680316,lstm
2020-11-15 09:15:00,0.0,0.021184504,lstm
2020-11-15 09:15:00,0.0,0.05077277,lstm
2020-11-15 09:15:00,0.0,0.10025239,lstm
2020-11-15 09:30:00,0.0,0.017894238,lstm
2020-11-15 09:30:00,0.0,0.055344135,lstm
2020-11-15 09:30:00,0.0,0.1083608,lstm
2020-11-15 09:30:00,0.0,0.17645201,lstm
2020-11-15 09:45:00,0.0,0.025617346,lstm
2020-11-15 09:45:00,0.0,0.07267038,lstm
2020-11-15 09:45:00,0.0,0.1314081,lstm
2020-11-15 09:45:00,0.0,0.19719139,lstm
2020-11-15 10:00:00,0.0,0.029793158,lstm
2020-11-15 10:00:00,0.0,0.0763506,lstm
2020-11-15 10:00:00,0.0,0.12751958,lstm
2020-11-15 10:00:00,0.0,0.17950901,lstm
2020-11-15 10:15:00,0.0,0.03355375,lstm
2020-11-15 10:15:00,0.0,0.07109382,lstm
2020-11-15 10:15:00,0.0,0.107194655,lstm
2020-11-15 10:15:00,0.0,0.14547452,lstm
2020-11-15 10:30:00,0.0,0.04167956,lstm
2020-11-15 10:30:00,0.0,0.070037365,lstm
2020-11-15 10:30:00,0.0,0.0930674,lstm
2020-11-15 10:30:00,0.0,0.1221193,lstm
2020-11-15 10:45:00,0.0,0.055771574,lstm
2020-11-15 10:45:00,0.0,0.07712428,lstm
2020-11-15 10:45:00,0.0,0.09194011,lstm
2020-11-15 10:45:00,0.0,0.1132827,lstm
2020-11-15 11:00:00,0.0,0.07005541,lstm
2020-11-15 11:00:00,0.0,0.085547656,lstm
2020-11-15 11:00:00,0.0,0.09509908,lstm
2020-11-15 11:00:00,0.0,0.109908216,lstm
2020-11-15 11:15:00,0.0,0.08076843,lstm
2020-11-15 11:15:00,0.0,0.09221882,lstm
2020-11-15 11:15:00,0.0,0.09914638,lstm
2020-11-15 11:15:00,0.0,0.10930323,lstm
2020-11-15 11:30:00,0.0,0.08933448,lstm
2020-11-15 11:30:00,0.0,0.09828299,lstm
2020-11-15 11:30:00,0.0,0.10412316,lstm
2020-11-15 11:30:00,0.0,0.11119631,lstm
2020-11-15 11:45:00,0.0,0.09954641,lstm
2020-11-15 11:45:00,0.0,0.107230306,lstm
2020-11-15 11:45:00,0.0,0.11212112,lstm
2020-11-15 11:45:00,0.0,0.11701036,lstm
2020-11-15 12:00:00,0.0,0.109273344,lstm
2020-11-15 12:00:00,0.0,0.11641711,lstm
2020-11-15 12:00:00,0.0,0.120485924,lstm
2020-11-15 12:00:00,0.0,0.124592505,lstm
2020-11-15 12:15:00,0.0,0.11719192,lstm
2020-11-15 12:15:00,0.0,0.12491086,lstm
2020-11-15 12:15:00,0.0,0.12812741,lstm
2020-11-15 12:15:00,0.0013999939,0.13256024,lstm
2020-11-15 12:30:00,0.0,0.12388154,lstm
2020-11-15 12:30:00,0.0,0.13309047,lstm
2020-11-15 12:30:00,0.0013999939,0.13559154,lstm
2020-11-15 12:30:00,0.0344,0.14104733,lstm
2020-11-15 12:45:00,0.0,0.1371875,lstm
2020-11-15 12:45:00,0.0013999939,0.14440915,lstm
2020-11-15 12:45:00,0.0344,0.1459407,lstm
2020-11-15 12:45:00,0.1902,0.15064931,lstm
2020-11-15 13:00:00,0.0013999939,0.14309092,lstm
2020-11-15 13:00:00,0.0344,0.15283446,lstm
2020-11-15 13:00:00,0.1902,0.15396543,lstm
2020-11-15 13:00:00,0.303,0.16114107,lstm
2020-11-15 13:15:00,0.034400016,0.1580725,lstm
2020-11-15 13:15:00,0.1902,0.16627537,lstm
2020-11-15 13:15:00,0.303,0.16724217,lstm
2020-11-15 13:15:00,0.3116,0.17470129,lstm
2020-11-15 13:30:00,0.1902,0.23490849,lstm
2020-11-15 13:30:00,0.303,0.23902494,lstm
2020-11-15 13:30:00,0.3116,0.23778625,lstm
2020-11-15 13:30:00,0.2998,0.24242419,lstm
2020-11-15 13:45:00,0.303,0.42744946,lstm
2020-11-15 13:45:00,0.3116,0.41927767,lstm
2020-11-15 13:45:00,0.2998,0.4110352,lstm
2020-11-15 13:45:00,0.3038,0.41040027,lstm
2020-11-15 14:00:00,0.3116,0.5470245,lstm
2020-11-15 14:00:00,0.2998,0.5303387,lstm
2020-11-15 14:00:00,0.3038,0.5116888,lstm
2020-11-15 14:00:00,0.2922,0.5122017,lstm
2020-11-15 14:15:00,0.2998,0.54428494,lstm
2020-11-15 14:15:00,0.3038,0.52339005,lstm
2020-11-15 14:15:00,0.2922,0.49741292,lstm
2020-11-15 14:15:00,0.2948,0.48271263,lstm
2020-11-15 14:30:00,0.3038,0.551948,lstm
2020-11-15 14:30:00,0.2922,0.5220175,lstm
2020-11-15 14:30:00,0.2948,0.49112648,lstm
2020-11-15 14:30:00,0.284,0.46920907,lstm
2020-11-15 14:45:00,0.2922,0.5332997,lstm
2020-11-15 14:45:00,0.2948,0.49340945,lstm
2020-11-15 14:45:00,0.284,0.45802718,lstm
2020-11-15 14:45:00,0.3712,0.42839646,lstm
2020-11-15 15:00:00,0.2948,0.51299715,lstm
2020-11-15 15:00:00,0.284,0.46759117,lstm
2020-11-15 15:00:00,0.3712,0.42819804,lstm
2020-11-15 15:00:00,0.275,0.39304107,lstm
2020-11-15 15:15:00,0.284,0.5341678,lstm
2020-11-15 15:15:00,0.3712,0.47801304,lstm
2020-11-15 15:15:00,0.275,0.4333443,lstm
2020-11-15 15:15:00,0.1452,0.39566904,lstm
2020-11-15 15:30:00,0.3712,0.48830253,lstm
2020-11-15 15:30:00,0.275,0.4346937,lstm
2020-11-15 15:30:00,0.1452,0.3855136,lstm
2020-11-15 15:30:00,0.3242,0.33955157,lstm
2020-11-15 15:45:00,0.275,0.46032095,lstm
2020-11-15 15:45:00,0.1452,0.3994813,lstm
2020-11-15 15:45:00,0.3242,0.33904815,lstm
2020-11-15 15:45:00,0.43580002,0.285877,lstm
2020-11-15 16:00:00,0.1452,0.3594963,lstm
2020-11-15 16:00:00,0.3242,0.30756018,lstm
2020-11-15 16:00:00,0.4358,0.2523385,lstm
2020-11-15 16:00:00,0.2824,0.19387335,lstm
2020-11-15 16:15:00,0.3242,0.2454172,lstm
2020-11-15 16:15:00,0.4358,0.19999894,lstm
2020-11-15 16:15:00,0.2824,0.15335877,lstm
2020-11-15 16:15:00,0.2008,0.107936315,lstm
2020-11-15 16:30:00,0.4358,0.29298234,lstm
2020-11-15 16:30:00,0.2824,0.21835577,lstm
2020-11-15 16:30:00,0.2008,0.15116459,lstm
2020-11-15 16:30:00,0.303,0.11011157,lstm
2020-11-15 16:45:00,0.2824,0.31579402,lstm
2020-11-15 16:45:00,0.2008,0.23854828,lstm
2020-11-15 16:45:00,0.303,0.16696861,lstm
2020-11-15 16:45:00,0.2348,0.12127201,lstm
2020-11-15 17:00:00,0.2008,0.23073225,lstm
2020-11-15 17:00:00,0.303,0.16293444,lstm
2020-11-15 17:00:00,0.2348,0.1105742,lstm
2020-11-15 17:00:00,0.1232,0.06699006,lstm
2020-11-15 17:15:00,0.303,0.15778655,lstm
2020-11-15 17:15:00,0.2348,0.095118925,lstm
2020-11-15 17:15:00,0.1232,0.058875516,lstm
2020-11-15 17:15:00,0.0644,0.024474993,lstm
2020-11-15 17:30:00,0.2348,0.19029142,lstm
2020-11-15 17:30:00,0.1232,0.12988062,lstm
2020-11-15 17:30:00,0.0644,0.07494472,lstm
2020-11-15 17:30:00,0.022599995,0.041456655,lstm
2020-11-15 17:45:00,0.12320001,0.13628007,lstm
2020-11-15 17:45:00,0.0644,0.07947252,lstm
2020-11-15 17:45:00,0.022599995,0.042598546,lstm
2020-11-15 17:45:00,0.0021999925,0.016488686,lstm
2020-11-15 18:00:00,0.0644,0.070295215,lstm
2020-11-15 18:00:00,0.022599995,0.03054732,lstm
2020-11-15 18:00:00,0.0021999925,0.009676129,lstm
2020-11-15 18:00:00,0.0,0.0019161254,lstm
2020-11-15 18:15:00,0.022599995,0.032708436,lstm
2020-11-15 18:15:00,0.0022000074,0.008491486,lstm
2020-11-15 18:15:00,0.0,-0.001958102,lstm
2020-11-15 18:15:00,0.0,-0.0018482357,lstm
2020-11-15 18:30:00,0.0022000074,0.015352815,lstm
2020-11-15 18:30:00,0.0,0.00040395558,lstm
2020-11-15 18:30:00,0.0,-0.004478574,lstm
2020-11-15 18:30:00,0.0,-0.0017163008,lstm
2020-11-15 18:45:00,0.0,0.0070566684,lstm
2020-11-15 18:45:00,0.0,-0.0021315813,lstm
2020-11-15 18:45:00,0.0,-0.0040640086,lstm
2020-11-15 18:45:00,0.0,-0.0009415597,lstm
2020-11-15 19:00:00,0.0,0.0029948652,lstm
2020-11-15 19:00:00,0.0,-0.0030038953,lstm
2020-11-15 19:00:00,0.0,-0.0031923652,lstm
2020-11-15 19:00:00,0.0,-0.00029803813,lstm
2020-11-15 19:15:00,0.0,0.0007598549,lstm
2020-11-15 19:15:00,0.0,-0.003507331,lstm
2020-11-15 19:15:00,0.0,-0.0028042793,lstm
2020-11-15 19:15:00,0.0,-0.00013953447,lstm
2020-11-15 19:30:00,0.0,-0.00042769313,lstm
2020-11-15 19:30:00,0.0,-0.0037742555,lstm
2020-11-15 19:30:00,0.0,-0.0026238859,lstm
2020-11-15 19:30:00,0.0,-5.4478645e-05,lstm
2020-11-15 19:45:00,0.0,-0.0011501014,lstm
2020-11-15 19:45:00,0.0,-0.0040192306,lstm
2020-11-15 19:45:00,0.0,-0.0025902092,lstm
2020-11-15 19:45:00,0.0,-8.821487e-06,lstm
2020-11-15 20:00:00,0.0,-0.0015259534,lstm
2020-11-15 20:00:00,0.0,-0.004127383,lstm
2020-11-15 20:00:00,0.0,-0.0025822073,lstm
2020-11-15 20:00:00,0.0,4.208088e-05,lstm
2020-11-15 20:15:00,0.0,-0.0017187148,lstm
2020-11-15 20:15:00,0.0,-0.0041511506,lstm
2020-11-15 20:15:00,0.0,-0.0025460273,lstm
2020-11-15 20:15:00,0.0,0.000106558204,lstm
2020-11-15 20:30:00,0.0,-0.0018941164,lstm
2020-11-15 20:30:00,0.0,-0.004172951,lstm
2020-11-15 20:30:00,0.0,-0.0024708807,lstm
2020-11-15 20:30:00,0.0,0.00018306077,lstm
2020-11-15 20:45:00,0.0,-0.002049014,lstm
2020-11-15 20:45:00,0.0,-0.0042416602,lstm
2020-11-15 20:45:00,0.0,-0.0024987012,lstm
2020-11-15 20:45:00,0.0,0.00021347404,lstm
2020-11-15 21:00:00,0.0,-0.0021151602,lstm
2020-11-15 21:00:00,0.0,-0.0042498857,lstm
2020-11-15 21:00:00,0.0,-0.0025043339,lstm
2020-11-15 21:00:00,0.0,0.00024922192,lstm
2020-11-15 21:15:00,0.0,-0.0021440834,lstm
2020-11-15 21:15:00,0.0,-0.0042197257,lstm
2020-11-15 21:15:00,0.0,-0.0024756193,lstm
2020-11-15 21:15:00,0.0,0.00029218197,lstm
2020-11-15 21:30:00,0.0,-0.0021920353,lstm
2020-11-15 21:30:00,0.0,-0.004188791,lstm
2020-11-15 21:30:00,0.0,-0.0023995936,lstm
2020-11-15 21:30:00,0.0,0.00036531687,lstm
2020-11-15 21:45:00,0.0,-0.0022602677,lstm
2020-11-15 21:45:00,0.0,-0.004223913,lstm
2020-11-15 21:45:00,0.0,-0.0024748594,lstm
2020-11-15 21:45:00,0.0,0.00035451353,lstm
2020-11-15 22:00:00,0.0,-0.002275616,lstm
2020-11-15 22:00:00,0.0,-0.004191667,lstm
2020-11-15 22:00:00,0.0,-0.0024487227,lstm
2020-11-15 22:00:00,0.0,0.00040514767,lstm
2020-11-15 22:15:00,0.0,-0.0022800416,lstm
2020-11-15 22:15:00,0.0,-0.004158765,lstm
2020-11-15 22:15:00,0.0,-0.0024100393,lstm
2020-11-15 22:15:00,0.0,0.00044575334,lstm
2020-11-15 22:30:00,0.0,-0.0022781044,lstm
2020-11-15 22:30:00,0.0,-0.0041327924,lstm
2020-11-15 22:30:00,0.0,-0.0023828447,lstm
2020-11-15 22:30:00,0.0,0.00047148764,lstm
2020-11-15 22:45:00,0.0,-0.0023393333,lstm
2020-11-15 22:45:00,0.0,-0.0041534305,lstm
2020-11-15 22:45:00,0.0,-0.002469495,lstm
2020-11-15 22:45:00,0.0,0.00045268238,lstm
2020-11-15 23:00:00,0.0,-0.0023320764,lstm
2020-11-15 23:00:00,0.0,-0.0041014254,lstm
2020-11-15 23:00:00,0.0,-0.0024344325,lstm
2020-11-15 23:00:00,0.0,0.0005002171,lstm
2020-11-15 23:15:00,0.0,-0.0023204088,lstm
2020-11-15 23:15:00,0.0,-0.0040622056,lstm
2020-11-15 23:15:00,0.0,-0.002396673,lstm
2020-11-15 23:15:00,0.0,0.00053727627,lstm
2020-11-15 23:30:00,0.0,-0.0023090094,lstm
2020-11-15 23:30:00,0.0,-0.0040356517,lstm
2020-11-15 23:30:00,0.0,-0.0023694783,lstm
2020-11-15 23:30:00,0.0,0.0005617291,lstm
2020-11-15 23:45:00,0.0,-0.0023608059,lstm
2020-11-15 23:45:00,0.0,-0.004034534,lstm
2020-11-15 23:45:00,0.0,-0.0024498403,lstm
2020-11-15 23:45:00,0.0,0.0005338341,lstm
2020-11-16 00:00:00,0.0,-0.0023319423,lstm
2020-11-16 00:00:00,0.0,-0.003964275,lstm
2020-11-16 00:00:00,0.0,-0.0023926944,lstm
2020-11-16 00:00:00,0.0,0.0005876422,lstm
2020-11-16 00:15:00,0.0,-0.002304837,lstm
2020-11-16 00:15:00,0.0,-0.0039180964,lstm
2020-11-16 00:15:00,0.0,-0.0023531169,lstm
2020-11-16 00:15:00,0.0,0.00061292946,lstm
2020-11-16 00:30:00,0.0,-0.0022851378,lstm
2020-11-16 00:30:00,0.0,-0.0038865954,lstm
2020-11-16 00:30:00,0.0,-0.002325967,lstm
2020-11-16 00:30:00,0.0,0.0006326586,lstm
2020-11-16 00:45:00,0.0,-0.0023106337,lstm
2020-11-16 00:45:00,0.0,-0.0038606077,lstm
2020-11-16 00:45:00,0.0,-0.0023895204,lstm
2020-11-16 00:45:00,0.0,0.0005992502,lstm
2020-11-16 01:00:00,0.0,-0.0022534728,lstm
2020-11-16 01:00:00,0.0,-0.003776893,lstm
2020-11-16 01:00:00,0.0,-0.0023226142,lstm
2020-11-16 01:00:00,0.0,0.00063981116,lstm
2020-11-16 01:15:00,0.0,-0.0022102743,lstm
2020-11-16 01:15:00,0.0,-0.0037315488,lstm
2020-11-16 01:15:00,0.0,-0.0022814423,lstm
2020-11-16 01:15:00,0.0,0.00065644085,lstm
2020-11-16 01:30:00,0.0,-0.0021831393,lstm
2020-11-16 01:30:00,0.0,-0.0037077963,lstm
2020-11-16 01:30:00,0.0,-0.002260387,lstm
2020-11-16 01:30:00,0.0,0.00066415966,lstm
2020-11-16 01:45:00,0.0,-0.0021942407,lstm
2020-11-16 01:45:00,0.0,-0.0036699474,lstm
2020-11-16 01:45:00,0.0,-0.002306372,lstm
2020-11-16 01:45:00,0.0,0.00062569976,lstm
2020-11-16 02:00:00,0.0,-0.0021181852,lstm
2020-11-16 02:00:00,0.0,-0.003587395,lstm
2020-11-16 02:00:00,0.0,-0.0022415668,lstm
2020-11-16 02:00:00,0.0,0.00064380467,lstm
2020-11-16 02:15:00,0.0,-0.002066195,lstm
2020-11-16 02:15:00,0.0,-0.0035455078,lstm
2020-11-16 02:15:00,0.0,-0.0022053123,lstm
2020-11-16 02:15:00,0.0,0.0006509423,lstm
2020-11-16 02:30:00,0.0,-0.0020309985,lstm
2020-11-16 02:30:00,0.0,-0.0035184622,lstm
2020-11-16 02:30:00,0.0,-0.002184257,lstm
2020-11-16 02:30:00,0.0,0.0006490797,lstm
2020-11-16 02:45:00,0.0,-0.0020206124,lstm
2020-11-16 02:45:00,0.0,-0.0034760982,lstm
2020-11-16 02:45:00,0.0,-0.0022168905,lstm
2020-11-16 02:45:00,0.0,0.0006027669,lstm
2020-11-16 03:00:00,0.0,-0.0019419193,lstm
2020-11-16 03:00:00,0.0,-0.0034041852,lstm
2020-11-16 03:00:00,0.0,-0.002156511,lstm
2020-11-16 03:00:00,0.0,0.00061161816,lstm
2020-11-16 03:15:00,0.0,-0.0018886179,lstm
2020-11-16 03:15:00,0.0,-0.0033787638,lstm
2020-11-16 03:15:00,0.0,-0.0021392405,lstm
2020-11-16 03:15:00,0.0,0.00060106814,lstm
2020-11-16 03:30:00,0.0,-0.0018568933,lstm
2020-11-16 03:30:00,0.0,-0.0033676773,lstm
2020-11-16 03:30:00,0.0,-0.002137646,lstm
2020-11-16 03:30:00,0.0,0.00058822334,lstm
2020-11-16 03:45:00,0.0,-0.0018415749,lstm
2020-11-16 03:45:00,0.0,-0.003327623,lstm
2020-11-16 03:45:00,0.0,-0.002158314,lstm
2020-11-16 03:45:00,0.0,0.0005481094,lstm
2020-11-16 04:00:00,0.0,-0.0017674416,lstm
2020-11-16 04:00:00,0.0,-0.0032809973,lstm
2020-11-16 04:00:00,0.0,-0.0021217018,lstm
2020-11-16 04:00:00,0.0,0.00053943694,lstm
2020-11-16 04:15:00,0.0,-0.0017129034,lstm
2020-11-16 04:15:00,0.0,-0.0032669157,lstm
2020-11-16 04:15:00,0.0,-0.002121538,lstm
2020-11-16 04:15:00,0.0,0.0005184114,lstm
2020-11-16 04:30:00,0.0,-0.0016789585,lstm
2020-11-16 04:30:00,0.0,-0.0032663643,lstm
2020-11-16 04:30:00,0.0,-0.0021317452,lstm
2020-11-16 04:30:00,0.0,0.0005059093,lstm
2020-11-16 04:45:00,0.0,-0.0016619116,lstm
2020-11-16 04:45:00,0.0,-0.0032324642,lstm
2020-11-16 04:45:00,0.0,-0.0021415204,lstm
2020-11-16 04:45:00,0.0,0.00047323108,lstm
2020-11-16 05:00:00,0.0,-0.0016020089,lstm
2020-11-16 05:00:00,0.0,-0.0032109022,lstm
2020-11-16 05:00:00,0.0,-0.0021232218,lstm
2020-11-16 05:00:00,0.0,0.00046756864,lstm
2020-11-16 05:15:00,0.0,-0.0015603304,lstm
2020-11-16 05:15:00,0.0,-0.0032159388,lstm
2020-11-16 05:15:00,0.0,-0.0021395385,lstm
2020-11-16 05:15:00,0.0,0.0004531443,lstm
2020-11-16 05:30:00,0.0,-0.001533702,lstm
2020-11-16 05:30:00,0.0,-0.003232956,lstm
2020-11-16 05:30:00,0.0,-0.0021639317,lstm
2020-11-16 05:30:00,0.0,0.00043779612,lstm
2020-11-16 05:45:00,0.0,-0.0015310049,lstm
2020-11-16 05:45:00,0.0,-0.0032268167,lstm
2020-11-16 05:45:00,0.0,-0.0021695048,lstm
2020-11-16 05:45:00,0.0,0.0004284233,lstm
2020-11-16 06:00:00,0.0,-0.0014943033,lstm
2020-11-16 06:00:00,0.0,-0.0032464713,lstm
2020-11-16 06:00:00,0.0,-0.0021732002,lstm
2020-11-16 06:00:00,0.0,0.00043421984,lstm
2020-11-16 06:15:00,0.0,-0.0014607012,lstm
2020-11-16 06:15:00,0.0,-0.0032825768,lstm
2020-11-16 06:15:00,0.0,-0.0022057742,lstm
2020-11-16 06:15:00,0.0,0.00044727325,lstm
2020-11-16 06:30:00,0.0,-0.001431182,lstm
2020-11-16 06:30:00,0.0,-0.0033194572,lstm
2020-11-16 06:30:00,0.0,-0.0022507608,lstm
2020-11-16 06:30:00,0.0,0.0004479885,lstm
2020-11-16 06:45:00,0.0,-0.0014377087,lstm
2020-11-16 06:45:00,0.0,-0.0033325255,lstm
2020-11-16 06:45:00,0.0,-0.0022446066,lstm
2020-11-16 06:45:00,0.0,0.0005144328,lstm
2020-11-16 07:00:00,0.0,-0.0014243424,lstm
2020-11-16 07:00:00,0.0,-0.0033885688,lstm
2020-11-16 07:00:00,0.0,-0.0022531003,lstm
2020-11-16 07:00:00,0.0,0.00059372187,lstm
2020-11-16 07:15:00,0.0,-0.0013914853,lstm
2020-11-16 07:15:00,0.0,-0.0034552664,lstm
2020-11-16 07:15:00,0.0,-0.0022887886,lstm
2020-11-16 07:15:00,0.0,0.00067712367,lstm
2020-11-16 07:30:00,0.0,-0.0013461411,lstm
2020-11-16 07:30:00,0.0,-0.0035254955,lstm
2020-11-16 07:30:00,0.0,-0.0023215115,lstm
2020-11-16 07:30:00,0.0,0.0007866323,lstm
2020-11-16 07:45:00,0.0,-0.0013260543,lstm
2020-11-16 07:45:00,0.0,-0.0035600364,lstm
2020-11-16 07:45:00,0.0,-0.0022622943,lstm
2020-11-16 07:45:00,0.0,0.0010532141,lstm
2020-11-16 08:00:00,0.0,-0.0012788624,lstm
2020-11-16 08:00:00,0.0,-0.0036465675,lstm
2020-11-16 08:00:00,0.0,-0.0021736622,lstm
2020-11-16 08:00:00,0.0,0.0014944077,lstm
2020-11-16 08:15:00,0.0,-0.0011573285,lstm
2020-11-16 08:15:00,0.0,-0.0037481487,lstm
2020-11-16 08:15:00,0.0,-0.0019995123,lstm
2020-11-16 08:15:00,0.0,0.002376005,lstm
2020-11-16 08:30:00,0.0,-0.0009135604,lstm
2020-11-16 08:30:00,0.0,-0.0037945956,lstm
2020-11-16 08:30:00,0.0,-0.001282692,lstm
2020-11-16 08:30:00,0.00059999526,0.0050427914,lstm
2020-11-16 08:45:00,0.0,-0.00076937675,lstm
2020-11-16 08:45:00,0.0,-0.0030581802,lstm
2020-11-16 08:45:00,0.00059999526,0.0016066581,lstm
2020-11-16 08:45:00,0.016399994,0.012994185,lstm
2020-11-16 09:00:00,0.0,-0.0009703934,lstm
2020-11-16 09:00:00,0.00059999526,0.0022644699,lstm
2020-11-16 09:00:00,0.016399994,0.01433529,lstm
2020-11-16 09:00:00,0.0636,0.040695533,lstm
2020-11-16 09:15:00,0.00059999526,0.0010526925,lstm
2020-11-16 09:15:00,0.016399994,0.017250612,lstm
2020-11-16 09:15:00,0.0636,0.04585482,lstm
2020-11-16 09:15:00,0.1296,0.09607186,lstm
2020-11-16 09:30:00,0.016399994,0.0035735667,lstm
2020-11-16 09:30:00,0.0636,0.027771354,lstm
2020-11-16 09:30:00,0.1296,0.07018261,lstm
2020-11-16 09:30:00,0.2092,0.1313936,lstm
2020-11-16 09:45:00,0.0636,0.02396506,lstm
2020-11-16 09:45:00,0.1296,0.05461295,lstm
2020-11-16 09:45:00,0.2092,0.10821308,lstm
2020-11-16 09:45:00,0.266,0.17064585,lstm
2020-11-16 10:00:00,0.1296,0.11236833,lstm
2020-11-16 10:00:00,0.2092,0.17050332,lstm
2020-11-16 10:00:00,0.266,0.24670522,lstm
2020-11-16 10:00:00,0.3204,0.31222716,lstm
2020-11-16 10:15:00,0.2092,0.18543288,lstm
2020-11-16 10:15:00,0.266,0.2584687,lstm
2020-11-16 10:15:00,0.3204,0.33099905,lstm
2020-11-16 10:15:00,0.3794,0.39464423,lstm
2020-11-16 10:30:00,0.266,0.25309798,lstm
2020-11-16 10:30:00,0.3204,0.31835848,lstm
2020-11-16 10:30:00,0.3794,0.36977425,lstm
2020-11-16 10:30:00,0.4348,0.43577594,lstm
2020-11-16 10:45:00,0.3204,0.3123635,lstm
2020-11-16 10:45:00,0.3794,0.3733461,lstm
2020-11-16 10:45:00,0.4348,0.41528022,lstm
2020-11-16 10:45:00,0.4828,0.47814155,lstm
2020-11-16 11:00:00,0.3794,0.37695736,lstm
2020-11-16 11:00:00,0.4348,0.43072402,lstm
2020-11-16 11:00:00,0.4828,0.46997482,lstm
2020-11-16 11:00:00,0.5252,0.522912,lstm
2020-11-16 11:15:00,0.4348,0.44563574,lstm
2020-11-16 11:15:00,0.4828,0.4892605,lstm
2020-11-16 11:15:00,0.5252,0.5254622,lstm
2020-11-16 11:15:00,0.5598,0.56627077,lstm
2020-11-16 11:30:00,0.4828,0.50642097,lstm
2020-11-16 11:30:00,0.5252,0.54140985,lstm
2020-11-16 11:30:00,0.5598,0.57270074,lstm
2020-11-16 11:30:00,0.5498,0.6044119,lstm
2020-11-16 11:45:00,0.5252,0.5591407,lstm
2020-11-16 11:45:00,0.5598,0.5884409,lstm
2020-11-16 11:45:00,0.5498,0.6134089,lstm
2020-11-16 11:45:00,0.5612,0.640427,lstm
2020-11-16 12:00:00,0.5598,0.60419,lstm
2020-11-16 12:00:00,0.5498,0.63001823,lstm
2020-11-16 12:00:00,0.5612,0.6487496,lstm
2020-11-16 12:00:00,0.571,0.6739265,lstm
2020-11-16 12:15:00,0.5498,0.638114,lstm
2020-11-16 12:15:00,0.5612,0.66110563,lstm
2020-11-16 12:15:00,0.571,0.67459023,lstm
2020-11-16 12:15:00,0.5824,0.6976426,lstm
2020-11-16 12:30:00,0.5612,0.61910546,lstm
2020-11-16 12:30:00,0.571,0.6327003,lstm
2020-11-16 12:30:00,0.5824,0.6388273,lstm
2020-11-16 12:30:00,0.5354,0.64914656,lstm
2020-11-16 12:45:00,0.571,0.6359799,lstm
2020-11-16 12:45:00,0.58239996,0.6414132,lstm
2020-11-16 12:45:00,0.5354,0.64491063,lstm
2020-11-16 12:45:00,0.3866,0.6548019,lstm
2020-11-16 13:00:00,0.58239996,0.63846165,lstm
2020-11-16 13:00:00,0.5354,0.64342177,lstm
2020-11-16 13:00:00,0.3866,0.6441429,lstm
2020-11-16 13:00:00,0.3922,0.6521353,lstm
2020-11-16 13:15:00,0.5354,0.6445477,lstm
2020-11-16 13:15:00,0.3866,0.64781606,lstm
2020-11-16 13:15:00,0.3922,0.6454387,lstm
2020-11-16 13:15:00,0.4342,0.65195346,lstm
2020-11-16 13:30:00,0.38660002,0.57531166,lstm
2020-11-16 13:30:00,0.3922,0.5763984,lstm
2020-11-16 13:30:00,0.4342,0.5672085,lstm
2020-11-16 13:30:00,0.4324,0.56448364,lstm
2020-11-16 13:45:00,0.3922,0.4400798,lstm
2020-11-16 13:45:00,0.4342,0.46052334,lstm
2020-11-16 13:45:00,0.4324,0.45277518,lstm
2020-11-16 13:45:00,0.4426,0.45618832,lstm
2020-11-16 14:00:00,0.4342,0.44770733,lstm
2020-11-16 14:00:00,0.4324,0.45651555,lstm
2020-11-16 14:00:00,0.4426,0.4557435,lstm
2020-11-16 14:00:00,0.5428,0.46518308,lstm
2020-11-16 14:15:00,0.4324,0.49523872,lstm
2020-11-16 14:15:00,0.4426,0.49265698,lstm
2020-11-16 14:15:00,0.5428,0.48773605,lstm
2020-11-16 14:15:00,0.557,0.49349332,lstm
2020-11-16 14:30:00,0.4426,0.47246763,lstm
2020-11-16 14:30:00,0.5428,0.46629456,lstm
2020-11-16 14:30:00,0.557,0.46056902,lstm
2020-11-16 14:30:00,0.5578,0.46231377,lstm
2020-11-16 14:45:00,0.5428,0.4837827,lstm
2020-11-16 14:45:00,0.557,0.46716583,lstm
2020-11-16 14:45:00,0.5578,0.45604503,lstm
2020-11-16 14:45:00,0.45,0.45190907,lstm
2020-11-16 15:00:00,0.557,0.5677808,lstm
2020-11-16 15:00:00,0.5578,0.54256666,lstm
2020-11-16 15:00:00,0.45,0.5149744,lstm
2020-11-16 15:00:00,0.4742,0.50262487,lstm
2020-11-16 15:15:00,0.5578,0.5582468,lstm
2020-11-16 15:15:00,0.45,0.5317142,lstm
2020-11-16 15:15:00,0.4742,0.4984163,lstm
2020-11-16 15:15:00,0.45380002,0.47611612,lstm
2020-11-16 15:30:00,0.45,0.5398809,lstm
2020-11-16 15:30:00,0.4742,0.5056144,lstm
2020-11-16 15:30:00,0.45380002,0.4678837,lstm
2020-11-16 15:30:00,0.44060004,0.43950725,lstm
2020-11-16 15:45:00,0.4742,0.46703655,lstm
2020-11-16 15:45:00,0.4538,0.4421374,lstm
2020-11-16 15:45:00,0.44060004,0.40383643,lstm
2020-11-16 15:45:00,0.401,0.3616972,lstm
2020-11-16 16:00:00,0.4538,0.47810134,lstm
2020-11-16 16:00:00,0.4406,0.4241345,lstm
2020-11-16 16:00:00,0.401,0.37144697,lstm
2020-11-16 16:00:00,0.3348,0.32242852,lstm
2020-11-16 16:15:00,0.4406,0.436832,lstm
2020-11-16 16:15:00,0.40099996,0.37669092,lstm
2020-11-16 16:15:00,0.3348,0.31669807,lstm
2020-11-16 16:15:00,0.2818,0.25992286,lstm
2020-11-16 16:30:00,0.401,0.40914625,lstm
2020-11-16 16:30:00,0.3348,0.33718202,lstm
2020-11-16 16:30:00,0.2818,0.2682905,lstm
2020-11-16 16:30:00,0.162,0.20434508,lstm
2020-11-16 16:45:00,0.3348,0.34210968,lstm
2020-11-16 16:45:00,0.2818,0.2638726,lstm
2020-11-16 16:45:00,0.162,0.19259931,lstm
2020-11-16 16:45:00,0.12,0.13014537,lstm
2020-11-16 17:00:00,0.2818,0.2676553,lstm
2020-11-16 17:00:00,0.162,0.18688662,lstm
2020-11-16 17:00:00,0.11999999,0.12182315,lstm
2020-11-16 17:00:00,0.1022,0.07164144,lstm
2020-11-16 17:15:00,0.162,0.20668839,lstm
2020-11-16 17:15:00,0.12,0.12732689,lstm
2020-11-16 17:15:00,0.1022,0.075533584,lstm
2020-11-16 17:15:00,0.053399995,0.036158293,lstm
2020-11-16 17:30:00,0.12,0.12163746,lstm
2020-11-16 17:30:00,0.10220001,0.06146364,lstm
2020-11-16 17:30:00,0.053399995,0.031109214,lstm
2020-11-16 17:30:00,0.019999996,0.011022612,lstm
2020-11-16 17:45:00,0.1022,0.06867105,lstm
2020-11-16 17:45:00,0.053399995,0.027979657,lstm
2020-11-16 17:45:00,0.019999996,0.010722086,lstm
2020-11-16 17:45:00,0.002399996,0.0032424778,lstm
2020-11-16 18:00:00,0.053399995,0.036820352,lstm
2020-11-16 18:00:00,0.019999996,0.011453375,lstm
2020-11-16 18:00:00,0.002399996,0.0022621304,lstm
2020-11-16 18:00:00,0.0,0.0015358329,lstm
2020-11-16 18:15:00,0.019999996,0.016858354,lstm
2020-11-16 18:15:00,0.002399996,0.0013053268,lstm
2020-11-16 18:15:00,0.0,-0.0032346994,lstm
2020-11-16 18:15:00,0.0,-0.0006554127,lstm
2020-11-16 18:30:00,0.002399996,0.007869154,lstm
2020-11-16 18:30:00,0.0,-0.0021706223,lstm
2020-11-16 18:30:00,0.0,-0.0040298253,lstm
2020-11-16 18:30:00,0.0,-0.000875175,lstm
2020-11-16 18:45:00,0.0,0.0036162287,lstm
2020-11-16 18:45:00,0.0,-0.0033941418,lstm
2020-11-16 18:45:00,0.0,-0.0035666525,lstm
2020-11-16 18:45:00,0.0,-0.00057666004,lstm
2020-11-16 19:00:00,0.0,0.0010693222,lstm
2020-11-16 19:00:00,0.0,-0.0036672205,lstm
2020-11-16 19:00:00,0.0,-0.0029401332,lstm
2020-11-16 19:00:00,0.0,-7.532537e-05,lstm
2020-11-16 19:15:00,0.0,-0.00023807585,lstm
2020-11-16 19:15:00,0.0,-0.0037712306,lstm
2020-11-16 19:15:00,0.0,-0.0025499314,lstm
2020-11-16 19:15:00,0.0,0.00012716651,lstm
2020-11-16 19:30:00,0.0,-0.00094655156,lstm
2020-11-16 19:30:00,0.0,-0.003846109,lstm
2020-11-16 19:30:00,0.0,-0.0023468882,lstm
2020-11-16 19:30:00,0.0,0.00019042194,lstm
2020-11-16 19:45:00,0.0,-0.0013158917,lstm
2020-11-16 19:45:00,0.0,-0.003960356,lstm
2020-11-16 19:45:00,0.0,-0.0023524612,lstm
2020-11-16 19:45:00,0.0,0.0001669079,lstm
2020-11-16 20:00:00,0.0,-0.0016179681,lstm
2020-11-16 20:00:00,0.0,-0.0040363222,lstm
2020-11-16 20:00:00,0.0,-0.0023500323,lstm
2020-11-16 20:00:00,0.0,0.00020414591,lstm
2020-11-16 20:15:00,0.0,-0.0017895699,lstm
2020-11-16 20:15:00,0.0,-0.0040581673,lstm
2020-11-16 20:15:00,0.0,-0.0023180544,lstm
2020-11-16 20:15:00,0.0,0.0002554953,lstm
2020-11-16 20:30:00,0.0,-0.0018945336,lstm
2020-11-16 20:30:00,0.0,-0.0040632337,lstm
2020-11-16 20:30:00,0.0,-0.0022803247,lstm
2020-11-16 20:30:00,0.0,0.0003001541,lstm
2020-11-16 20:45:00,0.0,-0.001998052,lstm
2020-11-16 20:45:00,0.0,-0.004128441,lstm
2020-11-16 20:45:00,0.0,-0.0023572296,lstm
2020-11-16 20:45:00,0.0,0.00029356778,lstm
2020-11-16 21:00:00,0.0,-0.002070427,lstm
2020-11-16 21:00:00,0.0,-0.004134193,lstm
2020-11-16 21:00:00,0.0,-0.002355978,lstm
2020-11-16 21:00:00,0.0,0.0003387481,lstm
2020-11-16 21:15:00,0.0,-0.00211066,lstm
2020-11-16 21:15:00,0.0,-0.0041140765,lstm
2020-11-16 21:15:00,0.0,-0.0023183525,lstm
2020-11-16 21:15:00,0.0,0.00038833916,lstm
2020-11-16 21:30:00,0.0,-0.0021243244,lstm
2020-11-16 21:30:00,0.0,-0.00409694,lstm
2020-11-16 21:30:00,0.0,-0.0022960454,lstm
2020-11-16 21:30:00,0.0,0.00041356683,lstm
2020-11-16 21:45:00,0.0,-0.0022023767,lstm
2020-11-16 21:45:00,0.0,-0.0041437596,lstm
2020-11-16 21:45:00,0.0,-0.0023913682,lstm
2020-11-16 21:45:00,0.0,0.00039632618,lstm
2020-11-16 22:00:00,0.0,-0.002219811,lstm
2020-11-16 22:00:00,0.0,-0.004110068,lstm
2020-11-16 22:00:00,0.0,-0.0023693442,lstm
2020-11-16 22:00:00,0.0,0.00044596195,lstm
2020-11-16 22:15:00,0.0,-0.0022253394,lstm
2020-11-16 22:15:00,0.0,-0.004084632,lstm
2020-11-16 22:15:00,0.0,-0.002342105,lstm
2020-11-16 22:15:00,0.0,0.0004838109,lstm
2020-11-16 22:30:00,0.0,-0.002223,lstm
2020-11-16 22:30:00,0.0,-0.0040578097,lstm
2020-11-16 22:30:00,0.0,-0.0023144037,lstm
2020-11-16 22:30:00,0.0,0.00051277876,lstm
2020-11-16 22:45:00,0.0,-0.0023009032,lstm
2020-11-16 22:45:00,0.0,-0.0040877312,lstm
2020-11-16 22:45:00,0.0,-0.0024064332,lstm
2020-11-16 22:45:00,0.0,0.0004925728,lstm
2020-11-16 23:00:00,0.0,-0.0022874624,lstm
2020-11-16 23:00:00,0.0,-0.004028827,lstm
2020-11-16 23:00:00,0.0,-0.002361849,lstm
2020-11-16 23:00:00,0.0,0.0005441606,lstm
2020-11-16 23:15:00,0.0,-0.0022613257,lstm
2020-11-16 23:15:00,0.0,-0.0039764494,lstm
2020-11-16 23:15:00,0.0,-0.0023157597,lstm
2020-11-16 23:15:00,0.0,0.0005774647,lstm
2020-11-16 23:30:00,0.0,-0.0022425503,lstm
2020-11-16 23:30:00,0.0,-0.0039415658,lstm
2020-11-16 23:30:00,0.0,-0.002278611,lstm
2020-11-16 23:30:00,0.0,0.0006066263,lstm
2020-11-16 23:45:00,0.0,-0.0023066849,lstm
2020-11-16 23:45:00,0.0,-0.0039441735,lstm
2020-11-16 23:45:00,0.0,-0.0023528785,lstm
2020-11-16 23:45:00,0.0,0.00058451295,lstm
2020-11-17 00:00:00,0.0,-0.0022708476,lstm
2020-11-17 00:00:00,0.0,-0.0038725138,lstm
2020-11-17 00:00:00,0.0,-0.00229083,lstm
2020-11-17 00:00:00,0.0,0.00063180923,lstm
2020-11-17 00:15:00,0.0,-0.0022375733,lstm
2020-11-17 00:15:00,0.0,-0.0038286448,lstm
2020-11-17 00:15:00,0.0,-0.002250895,lstm
2020-11-17 00:15:00,0.0,0.0006505102,lstm
2020-11-17 00:30:00,0.0,-0.0022163242,lstm
2020-11-17 00:30:00,0.0,-0.0037984848,lstm
2020-11-17 00:30:00,0.0,-0.0022224188,lstm
2020-11-17 00:30:00,0.0,0.0006669462,lstm
2020-11-17 00:45:00,0.0,-0.0022524893,lstm
2020-11-17 00:45:00,0.0,-0.0037851334,lstm
2020-11-17 00:45:00,0.0,-0.002292499,lstm
2020-11-17 00:45:00,0.0,0.0006298423,lstm
2020-11-17 01:00:00,0.0,-0.0021983236,lstm
2020-11-17 01:00:00,0.0,-0.0037130415,lstm
2020-11-17 01:00:00,0.0,-0.0022313893,lstm
2020-11-17 01:00:00,0.0,0.00066547096,lstm
2020-11-17 01:15:00,0.0,-0.002163604,lstm
2020-11-17 01:15:00,0.0,-0.0036767125,lstm
2020-11-17 01:15:00,0.0,-0.0021982193,lstm
2020-11-17 01:15:00,0.0,0.0006772727,lstm
2020-11-17 01:30:00,0.0,-0.002140075,lstm
2020-11-17 01:30:00,0.0,-0.003651172,lstm
2020-11-17 01:30:00,0.0,-0.0021763742,lstm
2020-11-17 01:30:00,0.0,0.00068457425,lstm
2020-11-17 01:45:00,0.0,-0.0021557212,lstm
2020-11-17 01:45:00,0.0,-0.0036246032,lstm
2020-11-17 01:45:00,0.0,-0.002232343,lstm
2020-11-17 01:45:00,0.0,0.0006365776,lstm
2020-11-17 02:00:00,0.0,-0.0020868182,lstm
2020-11-17 02:00:00,0.0,-0.003553927,lstm
2020-11-17 02:00:00,0.0,-0.0021728724,lstm
2020-11-17 02:00:00,0.0,0.0006546974,lstm
2020-11-17 02:15:00,0.0,-0.0020397753,lstm
2020-11-17 02:15:00,0.0,-0.0035192221,lstm
2020-11-17 02:15:00,0.0,-0.0021446198,lstm
2020-11-17 02:15:00,0.0,0.00065401196,lstm
2020-11-17 02:30:00,0.0,-0.0020080954,lstm
2020-11-17 02:30:00,0.0,-0.0034965724,lstm
2020-11-17 02:30:00,0.0,-0.0021290928,lstm
2020-11-17 02:30:00,0.0,0.0006491542,lstm
2020-11-17 02:45:00,0.0,-0.0019998401,lstm
2020-11-17 02:45:00,0.0,-0.003457427,lstm
2020-11-17 02:45:00,0.0,-0.002163574,lstm
2020-11-17 02:45:00,0.0,0.00059853494,lstm
2020-11-17 03:00:00,0.0,-0.0019205213,lstm
2020-11-17 03:00:00,0.0,-0.0033905655,lstm
2020-11-17 03:00:00,0.0,-0.002106592,lstm
2020-11-17 03:00:00,0.0,0.0005989373,lstm
2020-11-17 03:15:00,0.0,-0.00186795,lstm
2020-11-17 03:15:00,0.0,-0.0033678561,lstm
2020-11-17 03:15:00,0.0,-0.0020902604,lstm
2020-11-17 03:15:00,0.0,0.00058330595,lstm
2020-11-17 03:30:00,0.0,-0.001838252,lstm
2020-11-17 03:30:00,0.0,-0.0033539087,lstm
2020-11-17 03:30:00,0.0,-0.002083525,lstm
2020-11-17 03:30:00,0.0,0.0005720556,lstm
2020-11-17 03:45:00,0.0,-0.0018254966,lstm
2020-11-17 03:45:00,0.0,-0.0033248365,lstm
2020-11-17 03:45:00,0.0,-0.002111882,lstm
2020-11-17 03:45:00,0.0,0.0005168915,lstm
2020-11-17 04:00:00,0.0,-0.0017597675,lstm
2020-11-17 04:00:00,0.0,-0.0032863468,lstm
2020-11-17 04:00:00,0.0,-0.0020786822,lstm
2020-11-17 04:00:00,0.0,0.0005041808,lstm
2020-11-17 04:15:00,0.0,-0.0017137975,lstm
2020-11-17 04:15:00,0.0,-0.0032808036,lstm
2020-11-17 04:15:00,0.0,-0.002083689,lstm
2020-11-17 04:15:00,0.0,0.0004772842,lstm
2020-11-17 04:30:00,0.0,-0.0016872436,lstm
2020-11-17 04:30:00,0.0,-0.0032871068,lstm
2020-11-17 04:30:00,0.0,-0.0020995587,lstm
2020-11-17 04:30:00,0.0,0.00045754015,lstm
2020-11-17 04:45:00,0.0,-0.0016773194,lstm
2020-11-17 04:45:00,0.0,-0.0032679737,lstm
2020-11-17 04:45:00,0.0,-0.0021244287,lstm
2020-11-17 04:45:00,0.0,0.0004066974,lstm
2020-11-17 05:00:00,0.0,-0.0016215146,lstm
2020-11-17 05:00:00,0.0,-0.0032581836,lstm
2020-11-17 05:00:00,0.0,-0.002117306,lstm
2020-11-17 05:00:00,0.0,0.00038008392,lstm
2020-11-17 05:15:00,0.0,-0.0015744716,lstm
2020-11-17 05:15:00,0.0,-0.0032712072,lstm
2020-11-17 05:15:00,0.0,-0.0021395981,lstm
2020-11-17 05:15:00,0.0,0.00034822524,lstm
2020-11-17 05:30:00,0.0,-0.0015408993,lstm
2020-11-17 05:30:00,0.0,-0.003289014,lstm
2020-11-17 05:30:00,0.0,-0.0021656454,lstm
2020-11-17 05:30:00,0.0,0.00032567978,lstm
2020-11-17 05:45:00,0.0,-0.0015462041,lstm
2020-11-17 05:45:00,0.0,-0.0032889098,lstm
2020-11-17 05:45:00,0.0,-0.0021749735,lstm
2020-11-17 05:45:00,0.0,0.00031627715,lstm
2020-11-17 06:00:00,0.0,-0.0015172809,lstm
2020-11-17 06:00:00,0.0,-0.0033193827,lstm
2020-11-17 06:00:00,0.0,-0.0021937937,lstm
2020-11-17 06:00:00,0.0,0.000300318,lstm
2020-11-17 06:15:00,0.0,-0.001486823,lstm
2020-11-17 06:15:00,0.0,-0.0033611655,lstm
2020-11-17 06:15:00,0.0,-0.0022360086,lstm
2020-11-17 06:15:00,0.0,0.00029094517,lstm
2020-11-17 06:30:00,0.0,-0.0014594793,lstm
2020-11-17 06:30:00,0.0,-0.0034058988,lstm
2020-11-17 06:30:00,0.0,-0.0022806078,lstm
2020-11-17 06:30:00,0.0,0.0002873987,lstm
2020-11-17 06:45:00,0.0,-0.0014718324,lstm
2020-11-17 06:45:00,0.0,-0.0034300238,lstm
2020-11-17 06:45:00,0.0,-0.0022842586,lstm
2020-11-17 06:45:00,0.0,0.00033326447,lstm
2020-11-17 07:00:00,0.0,-0.0014655292,lstm
2020-11-17 07:00:00,0.0,-0.00349994,lstm
2020-11-17 07:00:00,0.0,-0.0023052096,lstm
2020-11-17 07:00:00,0.0,0.0003902465,lstm
2020-11-17 07:15:00,0.0,-0.0014346242,lstm
2020-11-17 07:15:00,0.0,-0.003575638,lstm
2020-11-17 07:15:00,0.0,-0.0023520142,lstm
2020-11-17 07:15:00,0.0,0.0004515946,lstm
2020-11-17 07:30:00,0.0,-0.0013955384,lstm
2020-11-17 07:30:00,0.0,-0.003652975,lstm
2020-11-17 07:30:00,0.0,-0.0023912638,lstm
2020-11-17 07:30:00,0.0,0.0005416125,lstm
2020-11-17 07:45:00,0.0,-0.0013880581,lstm
2020-11-17 07:45:00,0.0,-0.0036993474,lstm
2020-11-17 07:45:00,0.0,-0.00233756,lstm
2020-11-17 07:45:00,0.0,0.0007852912,lstm
2020-11-17 08:00:00,0.0,-0.0013572872,lstm
2020-11-17 08:00:00,0.0,-0.0038120598,lstm
2020-11-17 08:00:00,0.0,-0.0022868514,lstm
2020-11-17 08:00:00,0.0,0.0011416078,lstm
2020-11-17 08:15:00,0.0,-0.0012523383,lstm
2020-11-17 08:15:00,0.0,-0.0039380193,lstm
2020-11-17 08:15:00,0.0,-0.0021459013,lstm
2020-11-17 08:15:00,0.0,0.0018898249,lstm
2020-11-17 08:30:00,0.0,-0.0010029823,lstm
2020-11-17 08:30:00,0.0,-0.004053727,lstm
2020-11-17 08:30:00,0.0,-0.0015927851,lstm
2020-11-17 08:30:00,0.002399996,0.0040408075,lstm
2020-11-17 08:45:00,0.0,-0.00075367093,lstm
2020-11-17 08:45:00,0.0,-0.003637746,lstm
2020-11-17 08:45:00,0.002399996,0.00066685677,lstm
2020-11-17 08:45:00,0.0202,0.010468632,lstm
2020-11-17 09:00:00,0.0,-0.00096841156,lstm
2020-11-17 09:00:00,0.002399996,0.00038059056,lstm
2020-11-17 09:00:00,0.0202,0.0113723725,lstm
2020-11-17 09:00:00,0.055800006,0.034898058,lstm
2020-11-17 09:15:00,0.002399996,0.00021502376,lstm
2020-11-17 09:15:00,0.0202,0.015234664,lstm
2020-11-17 09:15:00,0.055800006,0.04347001,lstm
2020-11-17 09:15:00,0.0992,0.09347256,lstm
2020-11-17 09:30:00,0.0202,0.0041567534,lstm
2020-11-17 09:30:00,0.05579999,0.02980055,lstm
2020-11-17 09:30:00,0.0992,0.07561556,lstm
2020-11-17 09:30:00,0.1742,0.14060178,lstm
2020-11-17 09:45:00,0.05579999,0.044671714,lstm
2020-11-17 09:45:00,0.0992,0.091083035,lstm
2020-11-17 09:45:00,0.1742,0.16125023,lstm
2020-11-17 09:45:00,0.2122,0.2353063,lstm
2020-11-17 10:00:00,0.0992,0.09960266,lstm
2020-11-17 10:00:00,0.1742,0.1689478,lstm
2020-11-17 10:00:00,0.2122,0.2509082,lstm
2020-11-17 10:00:00,0.2762,0.31966773,lstm
2020-11-17 10:15:00,0.1742,0.1552091,lstm
2020-11-17 10:15:00,0.2122,0.2323692,lstm
2020-11-17 10:15:00,0.2762,0.30307907,lstm
2020-11-17 10:15:00,0.3362,0.36214608,lstm
2020-11-17 10:30:00,0.2122,0.24252123,lstm
2020-11-17 10:30:00,0.2762,0.3108404,lstm
2020-11-17 10:30:00,0.3362,0.36318558,lstm
2020-11-17 10:30:00,0.44520003,0.4223193,lstm
2020-11-17 10:45:00,0.2762,0.27540475,lstm
2020-11-17 10:45:00,0.3362,0.34098974,lstm
2020-11-17 10:45:00,0.44520003,0.38247776,lstm
2020-11-17 10:45:00,0.47280002,0.44012338,lstm
2020-11-17 11:00:00,0.3362,0.343027,lstm
2020-11-17 11:00:00,0.4452,0.39903033,lstm
2020-11-17 11:00:00,0.47280002,0.4383526,lstm
2020-11-17 11:00:00,0.4016,0.49096954,lstm
2020-11-17 11:15:00,0.4452,0.40281096,lstm
2020-11-17 11:15:00,0.4728,0.4514139,lstm
2020-11-17 11:15:00,0.4016,0.48866326,lstm
2020-11-17 11:15:00,0.396,0.53327924,lstm
2020-11-17 11:30:00,0.4728,0.49782988,lstm
2020-11-17 11:30:00,0.4016,0.53258264,lstm
2020-11-17 11:30:00,0.396,0.5673879,lstm
2020-11-17 11:30:00,0.4806,0.60487634,lstm
2020-11-17 11:45:00,0.4016,0.53268194,lstm
2020-11-17 11:45:00,0.396,0.56652164,lstm
2020-11-17 11:45:00,0.4806,0.5938778,lstm
2020-11-17 11:45:00,0.6526,0.62269443,lstm
2020-11-17 12:00:00,0.396,0.46656552,lstm
2020-11-17 12:00:00,0.4806,0.49598077,lstm
2020-11-17 12:00:00,0.6526,0.51328564,lstm
2020-11-17 12:00:00,0.666,0.52250785,lstm
2020-11-17 12:15:00,0.4806,0.46156305,lstm
2020-11-17 12:15:00,0.6526,0.48174948,lstm
2020-11-17 12:15:00,0.666,0.49577963,lstm
2020-11-17 12:15:00,0.6614,0.50802237,lstm
2020-11-17 12:30:00,0.6526,0.5703621,lstm
2020-11-17 12:30:00,0.666,0.59326977,lstm
2020-11-17 12:30:00,0.6614,0.6045522,lstm
2020-11-17 12:30:00,0.6624,0.62878174,lstm
2020-11-17 12:45:00,0.666,0.6831912,lstm
2020-11-17 12:45:00,0.6614,0.6975181,lstm
2020-11-17 12:45:00,0.6624,0.7017628,lstm
2020-11-17 12:45:00,0.4752,0.7288091,lstm
2020-11-17 13:00:00,0.6614,0.702977,lstm
2020-11-17 13:00:00,0.6624,0.7180095,lstm
2020-11-17 13:00:00,0.4752,0.7193967,lstm
2020-11-17 13:00:00,0.418,0.7313019,lstm
2020-11-17 13:15:00,0.6624,0.6987154,lstm
2020-11-17 13:15:00,0.4752,0.70358455,lstm
2020-11-17 13:15:00,0.418,0.69992954,lstm
2020-11-17 13:15:00,0.4388,0.69986683,lstm
2020-11-17 13:30:00,0.4752,0.7008097,lstm
2020-11-17 13:30:00,0.41800004,0.6936426,lstm
2020-11-17 13:30:00,0.4388,0.6853042,lstm
2020-11-17 13:30:00,0.322,0.67926824,lstm
2020-11-17 13:45:00,0.418,0.52751243,lstm
2020-11-17 13:45:00,0.4388,0.5595812,lstm
2020-11-17 13:45:00,0.322,0.5535224,lstm
2020-11-17 13:45:00,0.45,0.54654044,lstm
2020-11-17 14:00:00,0.4388,0.45684403,lstm
2020-11-17 14:00:00,0.322,0.49643266,lstm
2020-11-17 14:00:00,0.45,0.48943657,lstm
2020-11-17 14:00:00,0.46680003,0.49133563,lstm
2020-11-17 14:15:00,0.322,0.46691737,lstm
2020-11-17 14:15:00,0.45,0.48441842,lstm
2020-11-17 14:15:00,0.46680003,0.4814276,lstm
2020-11-17 14:15:00,0.49400002,0.48577756,lstm
2020-11-17 14:30:00,0.45,0.35013357,lstm
2020-11-17 14:30:00,0.4668,0.39333987,lstm
2020-11-17 14:30:00,0.49400002,0.39514583,lstm
2020-11-17 14:30:00,0.512,0.39435732,lstm
2020-11-17 14:45:00,0.4668,0.4672176,lstm
2020-11-17 14:45:00,0.494,0.44384435,lstm
2020-11-17 14:45:00,0.512,0.42129585,lstm
2020-11-17 14:45:00,0.6096,0.4024588,lstm
2020-11-17 15:00:00,0.494,0.4368776,lstm
2020-11-17 15:00:00,0.512,0.41070688,lstm
2020-11-17 15:00:00,0.6096,0.3810712,lstm
2020-11-17 15:00:00,0.6154,0.3580441,lstm
2020-11-17 15:15:00,0.512,0.4613044,lstm
2020-11-17 15:15:00,0.6096,0.42104253,lstm
2020-11-17 15:15:00,0.6154,0.3856915,lstm
2020-11-17 15:15:00,0.5904,0.35933053,lstm
2020-11-17 15:30:00,0.60959995,0.45056254,lstm
2020-11-17 15:30:00,0.6154,0.40849948,lstm
2020-11-17 15:30:00,0.5904,0.37151703,lstm
2020-11-17 15:30:00,0.549,0.34252325,lstm
2020-11-17 15:45:00,0.6154,0.49312612,lstm
2020-11-17 15:45:00,0.5904,0.43849358,lstm
2020-11-17 15:45:00,0.549,0.38939908,lstm
2020-11-17 15:45:00,0.49800003,0.35166347,lstm
2020-11-17 16:00:00,0.5904,0.4740484,lstm
2020-11-17 16:00:00,0.549,0.42050225,lstm
2020-11-17 16:00:00,0.49800003,0.36907083,lstm
2020-11-17 16:00:00,0.4334,0.32251716,lstm
2020-11-17 16:15:00,0.549,0.4562984,lstm
2020-11-17 16:15:00,0.49800003,0.39861995,lstm
2020-11-17 16:15:00,0.4334,0.3436566,lstm
2020-11-17 16:15:00,0.377,0.28890646,lstm
2020-11-17 16:30:00,0.498,0.4408318,lstm
2020-11-17 16:30:00,0.4334,0.3725394,lstm
2020-11-17 16:30:00,0.377,0.31115445,lstm
2020-11-17 16:30:00,0.3172,0.24753934,lstm
2020-11-17 16:45:00,0.4334,0.41428274,lstm
2020-11-17 16:45:00,0.377,0.3340131,lstm
2020-11-17 16:45:00,0.3172,0.26529938,lstm
2020-11-17 16:45:00,0.2426,0.19589284,lstm
2020-11-17 17:00:00,0.377,0.3630498,lstm
2020-11-17 17:00:00,0.3172,0.2738118,lstm
2020-11-17 17:00:00,0.2426,0.1994375,lstm
2020-11-17 17:00:00,0.1532,0.13184123,lstm
2020-11-17 17:15:00,0.3172,0.3047344,lstm
2020-11-17 17:15:00,0.2426,0.2122307,lstm
2020-11-17 17:15:00,0.1532,0.1365344,lstm
2020-11-17 17:15:00,0.0768,0.07857994,lstm
2020-11-17 17:30:00,0.2426,0.239469,lstm
2020-11-17 17:30:00,0.1532,0.15088761,lstm
2020-11-17 17:30:00,0.0768,0.08574024,lstm
2020-11-17 17:30:00,0.035400018,0.040901393,lstm
2020-11-17 17:45:00,0.1532,0.15131658,lstm
2020-11-17 17:45:00,0.07680001,0.07737049,lstm
2020-11-17 17:45:00,0.035400003,0.036018714,lstm
2020-11-17 17:45:00,0.008599997,0.010416925,lstm
2020-11-17 18:00:00,0.07680001,0.078858,lstm
2020-11-17 18:00:00,0.035400003,0.030099139,lstm
2020-11-17 18:00:00,0.008599997,0.0064513385,lstm
2020-11-17 18:00:00,0.0,0.00023911893,lstm
2020-11-17 18:15:00,0.035400003,0.037343055,lstm
2020-11-17 18:15:00,0.008599997,0.007753849,lstm
2020-11-17 18:15:00,0.0,-0.0045607686,lstm
2020-11-17 18:15:00,0.0,-0.0030801147,lstm
2020-11-17 18:30:00,0.008599997,0.018209323,lstm
2020-11-17 18:30:00,0.0,6.465614e-05,lstm
2020-11-17 18:30:00,0.0,-0.0054452717,lstm
2020-11-17 18:30:00,0.0,-0.0027143657,lstm
2020-11-17 18:45:00,0.0,0.008855253,lstm
2020-11-17 18:45:00,0.0,-0.0026310682,lstm
2020-11-17 18:45:00,0.0,-0.004574463,lstm
2020-11-17 18:45:00,0.0,-0.001770854,lstm
2020-11-17 19:00:00,0.0,0.003645271,lstm
2020-11-17 19:00:00,0.0,-0.0032509863,lstm
2020-11-17 19:00:00,0.0,-0.003481567,lstm
2020-11-17 19:00:00,0.0,-0.0007214248,lstm
2020-11-17 19:15:00,0.0,0.0010447055,lstm
2020-11-17 19:15:00,0.0,-0.0034361333,lstm
2020-11-17 19:15:00,0.0,-0.0026061237,lstm
2020-11-17 19:15:00,0.0,-0.00012244284,lstm
2020-11-17 19:30:00,0.0,-0.0002847761,lstm
2020-11-17 19:30:00,0.0,-0.0035956055,lstm
2020-11-17 19:30:00,0.0,-0.0022250712,lstm
2020-11-17 19:30:00,0.0,5.531311e-05,lstm
2020-11-17 19:45:00,0.0,-0.001018256,lstm
2020-11-17 19:45:00,0.0,-0.0037709773,lstm
2020-11-17 19:45:00,0.0,-0.002132848,lstm
2020-11-17 19:45:00,0.0,0.00013172626,lstm
2020-11-17 20:00:00,0.0,-0.001420632,lstm
2020-11-17 20:00:00,0.0,-0.003844753,lstm
2020-11-17 20:00:00,0.0,-0.0020825118,lstm
2020-11-17 20:00:00,0.0,0.00022558868,lstm
2020-11-17 20:15:00,0.0,-0.0016373098,lstm
2020-11-17 20:15:00,0.0,-0.0038749725,lstm
2020-11-17 20:15:00,0.0,-0.002037242,lstm
2020-11-17 20:15:00,0.0,0.00029587746,lstm
2020-11-17 20:30:00,0.0,-0.0017567128,lstm
2020-11-17 20:30:00,0.0,-0.0038889945,lstm
2020-11-17 20:30:00,0.0,-0.0020036846,lstm
2020-11-17 20:30:00,0.0,0.00034046173,lstm
2020-11-17 20:45:00,0.0,-0.0018681139,lstm
2020-11-17 20:45:00,0.0,-0.003976539,lstm
2020-11-17 20:45:00,0.0,-0.002112329,lstm
2020-11-17 20:45:00,0.0,0.0003183633,lstm
2020-11-17 21:00:00,0.0,-0.0019500107,lstm
2020-11-17 21:00:00,0.0,-0.003992662,lstm
2020-11-17 21:00:00,0.0,-0.0021150112,lstm
2020-11-17 21:00:00,0.0,0.0003683716,lstm
2020-11-17 21:15:00,0.0,-0.0019907951,lstm
2020-11-17 21:15:00,0.0,-0.003982559,lstm
2020-11-17 21:15:00,0.0,-0.002098292,lstm
2020-11-17 21:15:00,0.0,0.0004031211,lstm
2020-11-17 21:30:00,0.0,-0.0020086318,lstm
2020-11-17 21:30:00,0.0,-0.0039659142,lstm
2020-11-17 21:30:00,0.0,-0.0020792484,lstm
2020-11-17 21:30:00,0.0,0.0004339218,lstm
2020-11-17 21:45:00,0.0,-0.0020963103,lstm
2020-11-17 21:45:00,0.0,-0.0040299445,lstm
2020-11-17 21:45:00,0.0,-0.0021907985,lstm
2020-11-17 21:45:00,0.0,0.00041493773,lstm
2020-11-17 22:00:00,0.0,-0.0021159798,lstm
2020-11-17 22:00:00,0.0,-0.0040052086,lstm
2020-11-17 22:00:00,0.0,-0.0021775663,lstm
2020-11-17 22:00:00,0.0,0.00046251714,lstm
2020-11-17 22:15:00,0.0,-0.0021232963,lstm
2020-11-17 22:15:00,0.0,-0.003977731,lstm
2020-11-17 22:15:00,0.0,-0.0021487176,lstm
2020-11-17 22:15:00,0.0,0.00050258636,lstm
2020-11-17 22:30:00,0.0,-0.0021179318,lstm
2020-11-17 22:30:00,0.0,-0.003951505,lstm
2020-11-17 22:30:00,0.0,-0.0021236837,lstm
2020-11-17 22:30:00,0.0,0.0005287975,lstm
2020-11-17 22:45:00,0.0,-0.0021980554,lstm
2020-11-17 22:45:00,0.0,-0.0039913505,lstm
2020-11-17 22:45:00,0.0,-0.002229154,lstm
2020-11-17 22:45:00,0.0,0.0005031526,lstm
2020-11-17 23:00:00,0.0,-0.0021955818,lstm
2020-11-17 23:00:00,0.0,-0.0039423257,lstm
2020-11-17 23:00:00,0.0,-0.00218907,lstm
2020-11-17 23:00:00,0.0,0.00056122243,lstm
2020-11-17 23:15:00,0.0,-0.002187103,lstm
2020-11-17 23:15:00,0.0,-0.0039057732,lstm
2020-11-17 23:15:00,0.0,-0.002156943,lstm
2020-11-17 23:15:00,0.0,0.0005930513,lstm
2020-11-17 23:30:00,0.0,-0.002178371,lstm
2020-11-17 23:30:00,0.0,-0.0038774312,lstm
2020-11-17 23:30:00,0.0,-0.0021307617,lstm
2020-11-17 23:30:00,0.0,0.00061906874,lstm
2020-11-17 23:45:00,0.0,-0.0022437274,lstm
2020-11-17 23:45:00,0.0,-0.0038963556,lstm
2020-11-17 23:45:00,0.0,-0.0022274852,lstm
2020-11-17 23:45:00,0.0,0.0005825162,lstm
2020-11-18 00:00:00,0.0,-0.0022209734,lstm
2020-11-18 00:00:00,0.0,-0.003835857,lstm
2020-11-18 00:00:00,0.0,-0.0021737218,lstm
2020-11-18 00:00:00,0.0,0.0006336868,lstm
2020-11-18 00:15:00,0.0,-0.002201587,lstm
2020-11-18 00:15:00,0.0,-0.0038001388,lstm
2020-11-18 00:15:00,0.0,-0.0021458566,lstm
2020-11-18 00:15:00,0.0,0.00065100193,lstm
2020-11-18 00:30:00,0.0,-0.0021808594,lstm
2020-11-18 00:30:00,0.0,-0.0037733316,lstm
2020-11-18 00:30:00,0.0,-0.0021315515,lstm
2020-11-18 00:30:00,0.0,0.00065910816,lstm
2020-11-18 00:45:00,0.0,-0.0022171736,lstm
2020-11-18 00:45:00,0.0,-0.0037731081,lstm
2020-11-18 00:45:00,0.0,-0.0022165775,lstm
2020-11-18 00:45:00,0.0,0.0006150007,lstm
2020-11-18 01:00:00,0.0,-0.0021750182,lstm
2020-11-18 01:00:00,0.0,-0.003703937,lstm
2020-11-18 01:00:00,0.0,-0.002151847,lstm
2020-11-18 01:00:00,0.0,0.00066143274,lstm
2020-11-18 01:15:00,0.0,-0.0021416247,lstm
2020-11-18 01:15:00,0.0,-0.003670752,lstm
2020-11-18 01:15:00,0.0,-0.0021304488,lstm
2020-11-18 01:15:00,0.0,0.0006611049,lstm
2020-11-18 01:30:00,0.0,-0.002126351,lstm
2020-11-18 01:30:00,0.0,-0.0036604553,lstm
2020-11-18 01:30:00,0.0,-0.002118349,lstm
2020-11-18 01:30:00,0.0,0.0006713867,lstm
2020-11-18 01:45:00,0.0,-0.0021521002,lstm
2020-11-18 01:45:00,0.0,-0.0036498606,lstm
2020-11-18 01:45:00,0.0,-0.0021838695,lstm
2020-11-18 01:45:00,0.0,0.0006210357,lstm
2020-11-18 02:00:00,0.0,-0.0020938516,lstm
2020-11-18 02:00:00,0.0,-0.003582105,lstm
2020-11-18 02:00:00,0.0,-0.002143085,lstm
2020-11-18 02:00:00,0.0,0.00062315166,lstm
2020-11-18 02:15:00,0.0,-0.0020486265,lstm
2020-11-18 02:15:00,0.0,-0.0035562962,lstm
2020-11-18 02:15:00,0.0,-0.0021268874,lstm
2020-11-18 02:15:00,0.0,0.0006198883,lstm
2020-11-18 02:30:00,0.0,-0.0020230114,lstm
2020-11-18 02:30:00,0.0,-0.0035409927,lstm
2020-11-18 02:30:00,0.0,-0.0021139234,lstm
2020-11-18 02:30:00,0.0,0.0006222874,lstm
2020-11-18 02:45:00,0.0,-0.0020143539,lstm
2020-11-18 02:45:00,0.0,-0.0035075545,lstm
2020-11-18 02:45:00,0.0,-0.002167657,lstm
2020-11-18 02:45:00,0.0,0.00054979324,lstm
2020-11-18 03:00:00,0.0,-0.0019419044,lstm
2020-11-18 03:00:00,0.0,-0.0034478903,lstm
2020-11-18 03:00:00,0.0,-0.0021140873,lstm
2020-11-18 03:00:00,0.0,0.0005597025,lstm
2020-11-18 03:15:00,0.0,-0.0018873215,lstm
2020-11-18 03:15:00,0.0,-0.0034224838,lstm
2020-11-18 03:15:00,0.0,-0.0021004677,lstm
2020-11-18 03:15:00,0.0,0.0005376339,lstm
2020-11-18 03:30:00,0.0,-0.0018538535,lstm
2020-11-18 03:30:00,0.0,-0.0034157187,lstm
2020-11-18 03:30:00,0.0,-0.0020979345,lstm
2020-11-18 03:30:00,0.0,0.00052830577,lstm
2020-11-18 03:45:00,0.0,-0.0018402636,lstm
2020-11-18 03:45:00,0.0,-0.0033859015,lstm
2020-11-18 03:45:00,0.0,-0.002131626,lstm
2020-11-18 03:45:00,0.0,0.0004698038,lstm
2020-11-18 04:00:00,0.0,-0.0017762184,lstm
2020-11-18 04:00:00,0.0,-0.0033441484,lstm
2020-11-18 04:00:00,0.0,-0.002098158,lstm
2020-11-18 04:00:00,0.0,0.00046125054,lstm
2020-11-18 04:15:00,0.0,-0.001715973,lstm
2020-11-18 04:15:00,0.0,-0.0033337027,lstm
2020-11-18 04:15:00,0.0,-0.002110839,lstm
2020-11-18 04:15:00,0.0,0.00041556358,lstm
2020-11-18 04:30:00,0.0,-0.0016648173,lstm
2020-11-18 04:30:00,0.0,-0.0033245087,lstm
2020-11-18 04:30:00,0.0,-0.0021180362,lstm
2020-11-18 04:30:00,0.0,0.00039316714,lstm
2020-11-18 04:45:00,0.0,-0.0016444474,lstm
2020-11-18 04:45:00,0.0,-0.003295675,lstm
2020-11-18 04:45:00,0.0,-0.00212574,lstm
2020-11-18 04:45:00,0.0,0.00036384165,lstm
2020-11-18 05:00:00,0.0,-0.0015847385,lstm
2020-11-18 05:00:00,0.0,-0.0032750368,lstm
2020-11-18 05:00:00,0.0,-0.0021076351,lstm
2020-11-18 05:00:00,0.0,0.00035107136,lstm
2020-11-18 05:15:00,0.0,-0.0015348792,lstm
2020-11-18 05:15:00,0.0,-0.003277421,lstm
2020-11-18 05:15:00,0.0,-0.002123326,lstm
2020-11-18 05:15:00,0.0,0.00033260882,lstm
2020-11-18 05:30:00,0.0,-0.0014947206,lstm
2020-11-18 05:30:00,0.0,-0.003283009,lstm
2020-11-18 05:30:00,0.0,-0.0021428317,lstm
2020-11-18 05:30:00,0.0,0.00031620264,lstm
2020-11-18 05:45:00,0.0,-0.0014887601,lstm
2020-11-18 05:45:00,0.0,-0.0032708198,lstm
2020-11-18 05:45:00,0.0,-0.002145052,lstm
2020-11-18 05:45:00,0.0,0.0003129691,lstm
2020-11-18 06:00:00,0.0,-0.0014520288,lstm
2020-11-18 06:00:00,0.0,-0.0032896101,lstm
2020-11-18 06:00:00,0.0,-0.0021534115,lstm
2020-11-18 06:00:00,0.0,0.0003107339,lstm
2020-11-18 06:15:00,0.0,-0.0014165044,lstm
2020-11-18 06:15:00,0.0,-0.0033171177,lstm
2020-11-18 06:15:00,0.0,-0.0021870881,lstm
2020-11-18 06:15:00,0.0,0.00031724572,lstm
2020-11-18 06:30:00,0.0,-0.0013878793,lstm
2020-11-18 06:30:00,0.0,-0.0033457726,lstm
2020-11-18 06:30:00,0.0,-0.0022227764,lstm
2020-11-18 06:30:00,0.0,0.0003311932,lstm
2020-11-18 06:45:00,0.0,-0.0013999939,lstm
2020-11-18 06:45:00,0.0,-0.003354758,lstm
2020-11-18 06:45:00,0.0,-0.002216041,lstm
2020-11-18 06:45:00,0.0,0.00039859116,lstm
2020-11-18 07:00:00,0.0,-0.001387924,lstm
2020-11-18 07:00:00,0.0,-0.0034136027,lstm
2020-11-18 07:00:00,0.0,-0.002237022,lstm
2020-11-18 07:00:00,0.0,0.00045707822,lstm
2020-11-18 07:15:00,0.0,-0.0013581067,lstm
2020-11-18 07:15:00,0.0,-0.003473714,lstm
2020-11-18 07:15:00,0.0,-0.00227651,lstm
2020-11-18 07:15:00,0.0,0.0005401373,lstm
2020-11-18 07:30:00,0.0,-0.0013190806,lstm
2020-11-18 07:30:00,0.0,-0.0035363436,lstm
2020-11-18 07:30:00,0.0,-0.0023172945,lstm
2020-11-18 07:30:00,0.0,0.0006364733,lstm
2020-11-18 07:45:00,0.0,-0.001308471,lstm
2020-11-18 07:45:00,0.0,-0.0035642236,lstm
2020-11-18 07:45:00,0.0,-0.0022615045,lstm
2020-11-18 07:45:00,0.0,0.00089778006,lstm
2020-11-18 08:00:00,0.0,-0.0012816489,lstm
2020-11-18 08:00:00,0.0,-0.003662631,lstm
2020-11-18 08:00:00,0.0,-0.0022184253,lstm
2020-11-18 08:00:00,0.0,0.0012622327,lstm
2020-11-18 08:15:00,0.0,-0.0011886507,lstm
2020-11-18 08:15:00,0.0,-0.0037853122,lstm
2020-11-18 08:15:00,0.0,-0.002111733,lstm
2020-11-18 08:15:00,0.00020000339,0.0019865334,lstm
2020-11-18 08:30:00,0.0,-0.00097467005,lstm
2020-11-18 08:30:00,0.0,-0.0039166063,lstm
2020-11-18 08:30:00,0.00020000339,-0.0016194582,lstm
2020-11-18 08:30:00,0.009200007,0.0040953457,lstm
2020-11-18 08:45:00,0.0,-0.0007882118,lstm
2020-11-18 08:45:00,0.00020000339,-0.0035055876,lstm
2020-11-18 08:45:00,0.009200007,0.00058585405,lstm
2020-11-18 08:45:00,0.0414,0.010551751,lstm
2020-11-18 09:00:00,0.00020000339,-0.0010411441,lstm
2020-11-18 09:00:00,0.009200007,0.0004669279,lstm
2020-11-18 09:00:00,0.0414,0.010952815,lstm
2020-11-18 09:00:00,0.0926,0.034397736,lstm
2020-11-18 09:15:00,0.009200007,0.0004311502,lstm
2020-11-18 09:15:00,0.0414,0.014638096,lstm
2020-11-18 09:15:00,0.092599995,0.041235685,lstm
2020-11-18 09:15:00,0.1842,0.08937496,lstm
2020-11-18 09:30:00,0.0414,0.021963835,lstm
2020-11-18 09:30:00,0.0926,0.059870005,lstm
2020-11-18 09:30:00,0.1842,0.11738735,lstm
2020-11-18 09:30:00,0.2954,0.19022325,lstm
2020-11-18 09:45:00,0.0926,0.08184595,lstm
2020-11-18 09:45:00,0.1842,0.14780241,lstm
2020-11-18 09:45:00,0.2954,0.23312816,lstm
2020-11-18 09:45:00,0.308,0.31229657,lstm
2020-11-18 10:00:00,0.1842,0.16076659,lstm
2020-11-18 10:00:00,0.2954,0.2479259,lstm
2020-11-18 10:00:00,0.308,0.33770087,lstm
2020-11-18 10:00:00,0.3734,0.4091962,lstm
2020-11-18 10:15:00,0.2954,0.2705601,lstm
2020-11-18 10:15:00,0.308,0.3510885,lstm
2020-11-18 10:15:00,0.3734,0.41604757,lstm
2020-11-18 10:15:00,0.491,0.48627377,lstm
2020-11-18 10:30:00,0.308,0.3565042,lstm
2020-11-18 10:30:00,0.3734,0.42077735,lstm
2020-11-18 10:30:00,0.491,0.4681821,lstm
2020-11-18 10:30:00,0.5112,0.53747225,lstm
2020-11-18 10:45:00,0.3734,0.37289658,lstm
2020-11-18 10:45:00,0.491,0.4346254,lstm
2020-11-18 10:45:00,0.5112,0.47452885,lstm
2020-11-18 10:45:00,0.627,0.52929175,lstm
2020-11-18 11:00:00,0.491,0.46336892,lstm
2020-11-18 11:00:00,0.5112,0.50938475,lstm
2020-11-18 11:00:00,0.627,0.54903996,lstm
2020-11-18 11:00:00,0.547,0.59071594,lstm
2020-11-18 11:15:00,0.5112,0.5491537,lstm
2020-11-18 11:15:00,0.627,0.58118844,lstm
2020-11-18 11:15:00,0.547,0.6163138,lstm
2020-11-18 11:15:00,0.5844,0.6504097,lstm
2020-11-18 11:30:00,0.627,0.57717365,lstm
2020-11-18 11:30:00,0.547,0.6094893,lstm
2020-11-18 11:30:00,0.5844,0.6349707,lstm
2020-11-18 11:30:00,0.7062,0.6613288,lstm
2020-11-18 11:45:00,0.547,0.66675913,lstm
2020-11-18 11:45:00,0.5844,0.68883765,lstm
2020-11-18 11:45:00,0.7062,0.7092175,lstm
2020-11-18 11:45:00,0.7054,0.74295074,lstm
2020-11-18 12:00:00,0.5844,0.58297503,lstm
2020-11-18 12:00:00,0.7062,0.60882485,lstm
2020-11-18 12:00:00,0.7054,0.6175637,lstm
2020-11-18 12:00:00,0.6512,0.62470764,lstm
2020-11-18 12:15:00,0.7062,0.6485671,lstm
2020-11-18 12:15:00,0.7054,0.6629631,lstm
2020-11-18 12:15:00,0.6512,0.67338866,lstm
2020-11-18 12:15:00,0.5274,0.6924342,lstm
2020-11-18 12:30:00,0.7054,0.72482955,lstm
2020-11-18 12:30:00,0.6512,0.73773074,lstm
2020-11-18 12:30:00,0.5274,0.7470501,lstm
2020-11-18 12:30:00,0.567,0.77455604,lstm
2020-11-18 12:45:00,0.6512,0.7063498,lstm
2020-11-18 12:45:00,0.5274,0.72271323,lstm
2020-11-18 12:45:00,0.567,0.72844315,lstm
2020-11-18 12:45:00,0.437,0.7389378,lstm
2020-11-18 13:00:00,0.5274,0.64894974,lstm
2020-11-18 13:00:00,0.567,0.65302414,lstm
2020-11-18 13:00:00,0.437,0.6520482,lstm
2020-11-18 13:00:00,0.6732,0.64746535,lstm
2020-11-18 13:15:00,0.567,0.5041925,lstm
2020-11-18 13:15:00,0.437,0.5274818,lstm
2020-11-18 13:15:00,0.6732,0.5147181,lstm
2020-11-18 13:15:00,0.7716,0.50980693,lstm
2020-11-18 13:30:00,0.437,0.56632483,lstm
2020-11-18 13:30:00,0.6732,0.5758482,lstm
2020-11-18 13:30:00,0.7716,0.57481045,lstm
2020-11-18 13:30:00,0.6576,0.5872756,lstm
2020-11-18 13:45:00,0.6732,0.41196042,lstm
2020-11-18 13:45:00,0.7716,0.4544786,lstm
2020-11-18 13:45:00,0.6576,0.4611869,lstm
2020-11-18 13:45:00,0.739,0.47153038,lstm
2020-11-18 14:00:00,0.7716,0.6458715,lstm
2020-11-18 14:00:00,0.6576,0.6219952,lstm
2020-11-18 14:00:00,0.739,0.60853297,lstm
2020-11-18 14:00:00,0.8372,0.6076891,lstm
2020-11-18 14:15:00,0.6576,0.7121435,lstm
2020-11-18 14:15:00,0.73899996,0.68157965,lstm
2020-11-18 14:15:00,0.8372,0.6578721,lstm
2020-11-18 14:15:00,0.7826,0.6465517,lstm
2020-11-18 14:30:00,0.739,0.599035,lstm
2020-11-18 14:30:00,0.8371999,0.5905833,lstm
2020-11-18 14:30:00,0.7826,0.5690793,lstm
2020-11-18 14:30:00,0.6986,0.5455039,lstm
2020-11-18 14:45:00,0.8371999,0.66867566,lstm
2020-11-18 14:45:00,0.7825999,0.61991715,lstm
2020-11-18 14:45:00,0.6986,0.5846179,lstm
2020-11-18 14:45:00,0.755,0.5595961,lstm
2020-11-18 15:00:00,0.7826,0.69639283,lstm
2020-11-18 15:00:00,0.69859993,0.63628715,lstm
2020-11-18 15:00:00,0.755,0.59479356,lstm
2020-11-18 15:00:00,0.6864,0.56149906,lstm
2020-11-18 15:15:00,0.6986,0.6346755,lstm
2020-11-18 15:15:00,0.755,0.5911673,lstm
2020-11-18 15:15:00,0.6864,0.5455648,lstm
2020-11-18 15:15:00,0.6106,0.5030891,lstm
2020-11-18 15:30:00,0.755,0.5725382,lstm
2020-11-18 15:30:00,0.6864,0.53716874,lstm
2020-11-18 15:30:00,0.6106,0.49332035,lstm
2020-11-18 15:30:00,0.4462,0.45372814,lstm
2020-11-18 15:45:00,0.68640006,0.6003927,lstm
2020-11-18 15:45:00,0.6106,0.53987753,lstm
2020-11-18 15:45:00,0.4462,0.48958552,lstm
2020-11-18 15:45:00,0.398,0.44933677,lstm
2020-11-18 16:00:00,0.6106,0.5309906,lstm
2020-11-18 16:00:00,0.4462,0.48355058,lstm
2020-11-18 16:00:00,0.398,0.43190268,lstm
2020-11-18 16:00:00,0.3142,0.3819422,lstm
2020-11-18 16:15:00,0.4462,0.48597744,lstm
2020-11-18 16:15:00,0.398,0.43006107,lstm
2020-11-18 16:15:00,0.3142,0.37536886,lstm
2020-11-18 16:15:00,0.3616,0.3156584,lstm
2020-11-18 16:30:00,0.398,0.36881906,lstm
2020-11-18 16:30:00,0.3142,0.33367646,lstm
2020-11-18 16:30:00,0.36159998,0.2871227,lstm
2020-11-18 16:30:00,0.4246,0.2302924,lstm
2020-11-18 16:45:00,0.3142,0.33509785,lstm
2020-11-18 16:45:00,0.3616,0.2767163,lstm
2020-11-18 16:45:00,0.4246,0.22204961,lstm
2020-11-18 16:45:00,0.3394,0.16772111,lstm
2020-11-18 17:00:00,0.3616,0.26304492,lstm
2020-11-18 17:00:00,0.4246,0.20079064,lstm
2020-11-18 17:00:00,0.3394,0.14837782,lstm
2020-11-18 17:00:00,0.1952,0.10195735,lstm
2020-11-18 17:15:00,0.4246,0.27876252,lstm
2020-11-18 17:15:00,0.3394,0.20058022,lstm
2020-11-18 17:15:00,0.1952,0.13020965,lstm
2020-11-18 17:15:00,0.0952,0.08167396,lstm
2020-11-18 17:30:00,0.3394,0.2805544,lstm
2020-11-18 17:30:00,0.1952,0.2025423,lstm
2020-11-18 17:30:00,0.0952,0.12386951,lstm
2020-11-18 17:30:00,0.04520002,0.07266504,lstm
2020-11-18 17:45:00,0.1952,0.19730783,lstm
2020-11-18 17:45:00,0.0952,0.12344286,lstm
2020-11-18 17:45:00,0.045200005,0.06885282,lstm
2020-11-18 17:45:00,0.009000003,0.026944607,lstm
2020-11-18 18:00:00,0.0952,0.1113654,lstm
2020-11-18 18:00:00,0.045200005,0.054477602,lstm
2020-11-18 18:00:00,0.009000003,0.024186,lstm
2020-11-18 18:00:00,0.0,0.0035385936,lstm
2020-11-18 18:15:00,0.045200005,0.050076038,lstm
2020-11-18 18:15:00,0.009000003,0.016518503,lstm
2020-11-18 18:15:00,0.0,0.0005490184,lstm
2020-11-18 18:15:00,0.0,-0.0033818036,lstm
2020-11-18 18:30:00,0.009000018,0.025772825,lstm
2020-11-18 18:30:00,0.0,0.003893286,lstm
2020-11-18 18:30:00,0.0,-0.004309565,lstm
2020-11-18 18:30:00,0.0,-0.003446892,lstm
2020-11-18 18:45:00,0.0,0.0127990395,lstm
2020-11-18 18:45:00,0.0,-0.0013234466,lstm
2020-11-18 18:45:00,0.0,-0.0049001426,lstm
2020-11-18 18:45:00,0.0,-0.0023589134,lstm
2020-11-18 19:00:00,0.0,0.0050655305,lstm
2020-11-18 19:00:00,0.0,-0.002915591,lstm
2020-11-18 19:00:00,0.0,-0.0037580281,lstm
2020-11-18 19:00:00,0.0,-0.0008891523,lstm
2020-11-18 19:15:00,0.0,0.0017534047,lstm
2020-11-18 19:15:00,0.0,-0.0034086257,lstm
2020-11-18 19:15:00,0.0,-0.00295794,lstm
2020-11-18 19:15:00,0.0,-0.00023506582,lstm
2020-11-18 19:30:00,0.0,6.5907836e-05,lstm
2020-11-18 19:30:00,0.0,-0.0036806613,lstm
2020-11-18 19:30:00,0.0,-0.0025938302,lstm
2020-11-18 19:30:00,0.0,-5.6758523e-05,lstm
2020-11-18 19:45:00,0.0,-0.0009704828,lstm
2020-11-18 19:45:00,0.0,-0.0039247572,lstm
2020-11-18 19:45:00,0.0,-0.0024508238,lstm
2020-11-18 19:45:00,0.0,6.747246e-05,lstm
2020-11-18 20:00:00,0.0,-0.0014360994,lstm
2020-11-18 20:00:00,0.0,-0.0040435046,lstm
2020-11-18 20:00:00,0.0,-0.0024167001,lstm
2020-11-18 20:00:00,0.0,0.00012713671,lstm
2020-11-18 20:15:00,0.0,-0.0016791523,lstm
2020-11-18 20:15:00,0.0,-0.0040821135,lstm
2020-11-18 20:15:00,0.0,-0.0023682266,lstm
2020-11-18 20:15:00,0.0,0.00019130111,lstm
2020-11-18 20:30:00,0.0,-0.0018027276,lstm
2020-11-18 20:30:00,0.0,-0.004093066,lstm
2020-11-18 20:30:00,0.0,-0.002332598,lstm
2020-11-18 20:30:00,0.0,0.00023965538,lstm
2020-11-18 20:45:00,0.0,-0.0019218922,lstm
2020-11-18 20:45:00,0.0,-0.004161492,lstm
2020-11-18 20:45:00,0.0,-0.0024078935,lstm
2020-11-18 20:45:00,0.0,0.00024023652,lstm
2020-11-18 21:00:00,0.0,-0.0019720495,lstm
2020-11-18 21:00:00,0.0,-0.004149437,lstm
2020-11-18 21:00:00,0.0,-0.0024172068,lstm
2020-11-18 21:00:00,0.0,0.00028204918,lstm
2020-11-18 21:15:00,0.0,-0.002025172,lstm
2020-11-18 21:15:00,0.0,-0.004125178,lstm
2020-11-18 21:15:00,0.0,-0.0023683012,lstm
2020-11-18 21:15:00,0.0,0.0003438741,lstm
2020-11-18 21:30:00,0.0,-0.002066195,lstm
2020-11-18 21:30:00,0.0,-0.0040946007,lstm
2020-11-18 21:30:00,0.0,-0.0023026317,lstm
2020-11-18 21:30:00,0.0,0.0004107356,lstm
2020-11-18 21:45:00,0.0,-0.0021560788,lstm
2020-11-18 21:45:00,0.0,-0.004140675,lstm
2020-11-18 21:45:00,0.0,-0.0023829043,lstm
2020-11-18 21:45:00,0.0,0.00040212274,lstm
2020-11-18 22:00:00,0.0,-0.00216645,lstm
2020-11-18 22:00:00,0.0,-0.004106626,lstm
2020-11-18 22:00:00,0.0,-0.0023599714,lstm
2020-11-18 22:00:00,0.0,0.00044433773,lstm
2020-11-18 22:15:00,0.0,-0.0021587908,lstm
2020-11-18 22:15:00,0.0,-0.004069492,lstm
2020-11-18 22:15:00,0.0,-0.0023273379,lstm
2020-11-18 22:15:00,0.0,0.00047588348,lstm
2020-11-18 22:30:00,0.0,-0.0021573901,lstm
2020-11-18 22:30:00,0.0,-0.004044324,lstm
2020-11-18 22:30:00,0.0,-0.0022985637,lstm
2020-11-18 22:30:00,0.0,0.0005057901,lstm
2020-11-18 22:45:00,0.0,-0.0022459328,lstm
2020-11-18 22:45:00,0.0,-0.004075125,lstm
2020-11-18 22:45:00,0.0,-0.0023888499,lstm
2020-11-18 22:45:00,0.0,0.00048838556,lstm
2020-11-18 23:00:00,0.0,-0.0022356957,lstm
2020-11-18 23:00:00,0.0,-0.0040189326,lstm
2020-11-18 23:00:00,0.0,-0.0023436844,lstm
2020-11-18 23:00:00,0.0,0.00054097176,lstm
2020-11-18 23:15:00,0.0,-0.002216801,lstm
2020-11-18 23:15:00,0.0,-0.00397937,lstm
2020-11-18 23:15:00,0.0,-0.0023053586,lstm
2020-11-18 23:15:00,0.0,0.0005688518,lstm
2020-11-18 23:30:00,0.0,-0.0022013634,lstm
2020-11-18 23:30:00,0.0,-0.003950298,lstm
2020-11-18 23:30:00,0.0,-0.0022779554,lstm
2020-11-18 23:30:00,0.0,0.0005886555,lstm
2020-11-18 23:45:00,0.0,-0.0022690594,lstm
2020-11-18 23:45:00,0.0,-0.0039622635,lstm
2020-11-18 23:45:00,0.0,-0.0023666471,lstm
2020-11-18 23:45:00,0.0,0.00055627525,lstm
2020-11-19 00:00:00,0.0,-0.0022354573,lstm
2020-11-19 00:00:00,0.0,-0.0038944334,lstm
2020-11-19 00:00:00,0.0,-0.0023107827,lstm
2020-11-19 00:00:00,0.0,0.0006031543,lstm
2020-11-19 00:15:00,0.0,-0.002206713,lstm
2020-11-19 00:15:00,0.0,-0.003854528,lstm
2020-11-19 00:15:00,0.0,-0.0022726804,lstm
2020-11-19 00:15:00,0.0,0.0006247163,lstm
2020-11-19 00:30:00,0.0,-0.0021839738,lstm
2020-11-19 00:30:00,0.0,-0.003824547,lstm
2020-11-19 00:30:00,0.0,-0.0022465885,lstm
2020-11-19 00:30:00,0.0,0.00063712895,lstm
2020-11-19 00:45:00,0.0,-0.0022173822,lstm
2020-11-19 00:45:00,0.0,-0.0038026273,lstm
2020-11-19 00:45:00,0.0,-0.0023090541,lstm
2020-11-19 00:45:00,0.0,0.00060527027,lstm
2020-11-19 01:00:00,0.0,-0.0021593869,lstm
2020-11-19 01:00:00,0.0,-0.0037228912,lstm
2020-11-19 01:00:00,0.0,-0.0022384822,lstm
2020-11-19 01:00:00,0.0,0.0006479621,lstm
2020-11-19 01:15:00,0.0,-0.0021151751,lstm
2020-11-19 01:15:00,0.0,-0.0036845654,lstm
2020-11-19 01:15:00,0.0,-0.0022037327,lstm
2020-11-19 01:15:00,0.0,0.000653252,lstm
2020-11-19 01:30:00,0.0,-0.0020981878,lstm
2020-11-19 01:30:00,0.0,-0.003670171,lstm
2020-11-19 01:30:00,0.0,-0.0021890104,lstm
2020-11-19 01:30:00,0.0,0.00066277385,lstm
2020-11-19 01:45:00,0.0,-0.0021143705,lstm
2020-11-19 01:45:00,0.0,-0.0036358386,lstm
2020-11-19 01:45:00,0.0,-0.0022378564,lstm
2020-11-19 01:45:00,0.0,0.0006252229,lstm
2020-11-19 02:00:00,0.0,-0.0020465553,lstm
2020-11-19 02:00:00,0.0,-0.0035619438,lstm
2020-11-19 02:00:00,0.0,-0.0021754056,lstm
2020-11-19 02:00:00,0.0,0.00065261126,lstm
2020-11-19 02:15:00,0.0,-0.0019989163,lstm
2020-11-19 02:15:00,0.0,-0.0035256594,lstm
2020-11-19 02:15:00,0.0,-0.0021467656,lstm
2020-11-19 02:15:00,0.0,0.00065234303,lstm
2020-11-19 02:30:00,0.0,-0.001972571,lstm
2020-11-19 02:30:00,0.0,-0.0035139918,lstm
2020-11-19 02:30:00,0.0,-0.0021390468,lstm
2020-11-19 02:30:00,0.0,0.0006505698,lstm
2020-11-19 02:45:00,0.0,-0.0019604117,lstm
2020-11-19 02:45:00,0.0,-0.0034680516,lstm
2020-11-19 02:45:00,0.0,-0.0021710545,lstm
2020-11-19 02:45:00,0.0,0.0006070435,lstm
2020-11-19 03:00:00,0.0,-0.0018801689,lstm
2020-11-19 03:00:00,0.0,-0.0033965856,lstm
2020-11-19 03:00:00,0.0,-0.0021149367,lstm
2020-11-19 03:00:00,0.0,0.00061643124,lstm
2020-11-19 03:15:00,0.0,-0.001826331,lstm
2020-11-19 03:15:00,0.0,-0.0033702552,lstm
2020-11-19 03:15:00,0.0,-0.0020963997,lstm
2020-11-19 03:15:00,0.0,0.00060892105,lstm
2020-11-19 03:30:00,0.0,-0.0017867833,lstm
2020-11-19 03:30:00,0.0,-0.003353253,lstm
2020-11-19 03:30:00,0.0,-0.002090633,lstm
2020-11-19 03:30:00,0.0,0.000591293,lstm
2020-11-19 03:45:00,0.0,-0.0017642379,lstm
2020-11-19 03:45:00,0.0,-0.0033022165,lstm
2020-11-19 03:45:00,0.0,-0.0020957887,lstm
2020-11-19 03:45:00,0.0,0.0005647838,lstm
2020-11-19 04:00:00,0.0,-0.0016877204,lstm
2020-11-19 04:00:00,0.0,-0.0032533854,lstm
2020-11-19 04:00:00,0.0,-0.0020535588,lstm
2020-11-19 04:00:00,0.0,0.0005565733,lstm
2020-11-19 04:15:00,0.0,-0.0016332567,lstm
2020-11-19 04:15:00,0.0,-0.0032401532,lstm
2020-11-19 04:15:00,0.0,-0.0020510703,lstm
2020-11-19 04:15:00,0.0,0.00053453445,lstm
2020-11-19 04:30:00,0.0,-0.0015972108,lstm
2020-11-19 04:30:00,0.0,-0.0032382458,lstm
2020-11-19 04:30:00,0.0,-0.0020595044,lstm
2020-11-19 04:30:00,0.0,0.00051532686,lstm
2020-11-19 04:45:00,0.0,-0.0015781671,lstm
2020-11-19 04:45:00,0.0,-0.0032021254,lstm
2020-11-19 04:45:00,0.0,-0.0020646304,lstm
2020-11-19 04:45:00,0.0,0.00048726797,lstm
2020-11-19 05:00:00,0.0,-0.0015176833,lstm
2020-11-19 05:00:00,0.0,-0.003182277,lstm
2020-11-19 05:00:00,0.0,-0.0020454228,lstm
2020-11-19 05:00:00,0.0,0.00047786534,lstm
2020-11-19 05:15:00,0.0,-0.0014699996,lstm
2020-11-19 05:15:00,0.0,-0.0031882226,lstm
2020-11-19 05:15:00,0.0,-0.002059266,lstm
2020-11-19 05:15:00,0.0,0.00045904517,lstm
2020-11-19 05:30:00,0.0,-0.0014390945,lstm
2020-11-19 05:30:00,0.0,-0.003201589,lstm
2020-11-19 05:30:00,0.0,-0.0020793676,lstm
2020-11-19 05:30:00,0.0,0.00045120716,lstm
2020-11-19 05:45:00,0.0,-0.001438275,lstm
2020-11-19 05:45:00,0.0,-0.0031883568,lstm
2020-11-19 05:45:00,0.0,-0.0020799637,lstm
2020-11-19 05:45:00,0.0,0.00045959651,lstm
2020-11-19 06:00:00,0.0,-0.0014081597,lstm
2020-11-19 06:00:00,0.0,-0.0032097995,lstm
2020-11-19 06:00:00,0.0,-0.0020873696,lstm
2020-11-19 06:00:00,0.0,0.00047427416,lstm
2020-11-19 06:15:00,0.0,-0.0013748854,lstm
2020-11-19 06:15:00,0.0,-0.0032464862,lstm
2020-11-19 06:15:00,0.0,-0.0021263063,lstm
2020-11-19 06:15:00,0.0,0.00048191845,lstm
2020-11-19 06:30:00,0.0,-0.0013425499,lstm
2020-11-19 06:30:00,0.0,-0.0032856017,lstm
2020-11-19 06:30:00,0.0,-0.002168566,lstm
2020-11-19 06:30:00,0.0,0.0004943609,lstm
2020-11-19 06:45:00,0.0,-0.0013464987,lstm
2020-11-19 06:45:00,0.0,-0.0032971352,lstm
2020-11-19 06:45:00,0.0,-0.0021632165,lstm
2020-11-19 06:45:00,0.0,0.00057815015,lstm
2020-11-19 07:00:00,0.0,-0.0013261884,lstm
2020-11-19 07:00:00,0.0,-0.0033542216,lstm
2020-11-19 07:00:00,0.0,-0.0021817237,lstm
2020-11-19 07:00:00,0.0,0.0006611347,lstm
2020-11-19 07:15:00,0.0,-0.0012862831,lstm
2020-11-19 07:15:00,0.0,-0.00341627,lstm
2020-11-19 07:15:00,0.0,-0.0022170097,lstm
2020-11-19 07:15:00,0.0,0.0007690191,lstm
2020-11-19 07:30:00,0.0,-0.0012332499,lstm
2020-11-19 07:30:00,0.0,-0.0034804642,lstm
2020-11-19 07:30:00,0.0,-0.002251029,lstm
2020-11-19 07:30:00,0.0,0.00090038776,lstm
2020-11-19 07:45:00,0.0,-0.0012038797,lstm
2020-11-19 07:45:00,0.0,-0.0035040826,lstm
2020-11-19 07:45:00,0.0,-0.002192676,lstm
2020-11-19 07:45:00,0.0,0.0011999011,lstm
2020-11-19 08:00:00,0.0,-0.0011504292,lstm
2020-11-19 08:00:00,0.0,-0.0035816282,lstm
2020-11-19 08:00:00,0.0,-0.0021107346,lstm
2020-11-19 08:00:00,0.0,0.001649484,lstm
2020-11-19 08:15:00,0.0,-0.0010332316,lstm
2020-11-19 08:15:00,0.0,-0.003667459,lstm
2020-11-19 08:15:00,0.0,-0.0019499809,lstm
2020-11-19 08:15:00,0.0,0.0024770647,lstm
2020-11-19 08:30:00,0.0,-0.000821352,lstm
2020-11-19 08:30:00,0.0,-0.0037309825,lstm
2020-11-19 08:30:00,0.0,-0.0014247149,lstm
2020-11-19 08:30:00,0.0028000027,0.004570648,lstm
2020-11-19 08:45:00,0.0,-0.00058850646,lstm
2020-11-19 08:45:00,0.0,-0.0032527596,lstm
2020-11-19 08:45:00,0.0028000027,0.00067950785,lstm
2020-11-19 08:45:00,0.023599997,0.010482192,lstm
2020-11-19 09:00:00,0.0,-0.00055091083,lstm
2020-11-19 09:00:00,0.0028000027,0.00039432943,lstm
2020-11-19 09:00:00,0.023599997,0.010041192,lstm
2020-11-19 09:00:00,0.048999995,0.03160855,lstm
2020-11-19 09:15:00,0.0028000027,0.0010554194,lstm
2020-11-19 09:15:00,0.023599997,0.013915613,lstm
2020-11-19 09:15:00,0.048999995,0.038761437,lstm
2020-11-19 09:15:00,0.1194,0.083815746,lstm
2020-11-19 09:30:00,0.023599997,0.005543992,lstm
2020-11-19 09:30:00,0.048999995,0.02984567,lstm
2020-11-19 09:30:00,0.1194,0.07199523,lstm
2020-11-19 09:30:00,0.2282,0.1341305,lstm
2020-11-19 09:45:00,0.048999995,0.047054335,lstm
2020-11-19 09:45:00,0.1194,0.09394426,lstm
2020-11-19 09:45:00,0.2282,0.16364388,lstm
2020-11-19 09:45:00,0.2956,0.23908907,lstm
2020-11-19 10:00:00,0.1194,0.08248214,lstm
2020-11-19 10:00:00,0.2282,0.15074052,lstm
2020-11-19 10:00:00,0.2956,0.23394483,lstm
2020-11-19 10:00:00,0.38459998,0.3070765,lstm
2020-11-19 10:15:00,0.2282,0.18522073,lstm
2020-11-19 10:15:00,0.2956,0.268149,lstm
2020-11-19 10:15:00,0.38459998,0.35133004,lstm
2020-11-19 10:15:00,0.5242,0.41972354,lstm
2020-11-19 10:30:00,0.2956,0.276303,lstm
2020-11-19 10:30:00,0.3846,0.34925503,lstm
2020-11-19 10:30:00,0.5242,0.4066456,lstm
2020-11-19 10:30:00,0.5832,0.4782458,lstm
2020-11-19 10:45:00,0.3846,0.35121393,lstm
2020-11-19 10:45:00,0.5242,0.4173444,lstm
2020-11-19 10:45:00,0.5832,0.46335572,lstm
2020-11-19 10:45:00,0.6304,0.5300034,lstm
2020-11-19 11:00:00,0.5242,0.40916815,lstm
2020-11-19 11:00:00,0.5832,0.46009317,lstm
2020-11-19 11:00:00,0.6304,0.50149846,lstm
2020-11-19 11:00:00,0.6643999,0.55344903,lstm
2020-11-19 11:15:00,0.5832,0.5375693,lstm
2020-11-19 11:15:00,0.6304,0.56788397,lstm
2020-11-19 11:15:00,0.6644,0.6056567,lstm
2020-11-19 11:15:00,0.6732,0.6424158,lstm
2020-11-19 11:30:00,0.6304,0.5954842,lstm
2020-11-19 11:30:00,0.6644,0.62294555,lstm
2020-11-19 11:30:00,0.6732,0.65181804,lstm
2020-11-19 11:30:00,0.654,0.67894185,lstm
2020-11-19 11:45:00,0.6644,0.6428826,lstm
2020-11-19 11:45:00,0.6732,0.66704524,lstm
2020-11-19 11:45:00,0.654,0.6876659,lstm
2020-11-19 11:45:00,0.6322,0.71191907,lstm
2020-11-19 12:00:00,0.6732,0.6753075,lstm
2020-11-19 12:00:00,0.654,0.69675803,lstm
2020-11-19 12:00:00,0.6322,0.71035016,lstm
2020-11-19 12:00:00,0.6068,0.7314275,lstm
2020-11-19 12:15:00,0.654,0.6826097,lstm
2020-11-19 12:15:00,0.6322,0.69815433,lstm
2020-11-19 12:15:00,0.6068,0.70448595,lstm
2020-11-19 12:15:00,0.602,0.71803015,lstm
2020-11-19 12:30:00,0.6322,0.6445401,lstm
2020-11-19 12:30:00,0.6068,0.6436682,lstm
2020-11-19 12:30:00,0.602,0.64158684,lstm
2020-11-19 12:30:00,0.5808,0.64215547,lstm
2020-11-19 12:45:00,0.6068,0.5988482,lstm
2020-11-19 12:45:00,0.602,0.5800757,lstm
2020-11-19 12:45:00,0.5808,0.57284105,lstm
2020-11-19 12:45:00,0.52439994,0.57008296,lstm
2020-11-19 13:00:00,0.602,0.55153704,lstm
2020-11-19 13:00:00,0.5808,0.5257339,lstm
2020-11-19 13:00:00,0.5244,0.5110759,lstm
2020-11-19 13:00:00,0.499,0.50991976,lstm
2020-11-19 13:15:00,0.5808,0.5514638,lstm
2020-11-19 13:15:00,0.5244,0.5276189,lstm
2020-11-19 13:15:00,0.499,0.5125118,lstm
2020-11-19 13:15:00,0.4498,0.5158418,lstm
2020-11-19 13:30:00,0.5244,0.50803465,lstm
2020-11-19 13:30:00,0.499,0.49009228,lstm
2020-11-19 13:30:00,0.4498,0.473418,lstm
2020-11-19 13:30:00,0.4228,0.47583032,lstm
2020-11-19 13:45:00,0.499,0.43737975,lstm
2020-11-19 13:45:00,0.4498,0.4247347,lstm
2020-11-19 13:45:00,0.4228,0.40532959,lstm
2020-11-19 13:45:00,0.394,0.4058786,lstm
2020-11-19 14:00:00,0.4498,0.42023492,lstm
2020-11-19 14:00:00,0.4228,0.41153747,lstm
2020-11-19 14:00:00,0.394,0.3933071,lstm
2020-11-19 14:00:00,0.3844,0.39742422,lstm
2020-11-19 14:15:00,0.4228,0.3773023,lstm
2020-11-19 14:15:00,0.394,0.37581477,lstm
2020-11-19 14:15:00,0.3844,0.3595438,lstm
2020-11-19 14:15:00,0.44420004,0.3673191,lstm
2020-11-19 14:30:00,0.394,0.37122133,lstm
2020-11-19 14:30:00,0.3844,0.3726552,lstm
2020-11-19 14:30:00,0.44420004,0.3602062,lstm
2020-11-19 14:30:00,0.4432,0.3701892,lstm
2020-11-19 14:45:00,0.3844,0.3670782,lstm
2020-11-19 14:45:00,0.4442,0.36967638,lstm
2020-11-19 14:45:00,0.4432,0.36135036,lstm
2020-11-19 14:45:00,0.435,0.37089393,lstm
2020-11-19 15:00:00,0.4442,0.39193964,lstm
2020-11-19 15:00:00,0.4432,0.3915488,lstm
2020-11-19 15:00:00,0.435,0.384956,lstm
2020-11-19 15:00:00,0.4346,0.38987866,lstm
2020-11-19 15:15:00,0.4432,0.48721686,lstm
2020-11-19 15:15:00,0.435,0.48347312,lstm
2020-11-19 15:15:00,0.4346,0.47695386,lstm
2020-11-19 15:15:00,0.4774,0.47262377,lstm
2020-11-19 15:30:00,0.435,0.46136317,lstm
2020-11-19 15:30:00,0.4346,0.4516077,lstm
2020-11-19 15:30:00,0.4774,0.45097935,lstm
2020-11-19 15:30:00,0.5116,0.44819927,lstm
2020-11-19 15:45:00,0.4346,0.43366688,lstm
2020-11-19 15:45:00,0.4774,0.41317046,lstm
2020-11-19 15:45:00,0.5116,0.4080531,lstm
2020-11-19 15:45:00,0.5578,0.39981368,lstm
2020-11-19 16:00:00,0.4774,0.42117935,lstm
2020-11-19 16:00:00,0.5116,0.40058702,lstm
2020-11-19 16:00:00,0.5578,0.38099986,lstm
2020-11-19 16:00:00,0.5,0.36714,lstm
2020-11-19 16:15:00,0.5116,0.45100808,lstm
2020-11-19 16:15:00,0.5578,0.4243557,lstm
2020-11-19 16:15:00,0.5,0.38776064,lstm
2020-11-19 16:15:00,0.44780004,0.36264127,lstm
2020-11-19 16:30:00,0.5578,0.4262088,lstm
2020-11-19 16:30:00,0.5,0.38952598,lstm
2020-11-19 16:30:00,0.44780004,0.33785808,lstm
2020-11-19 16:30:00,0.3856,0.29468167,lstm
2020-11-19 16:45:00,0.5,0.3981676,lstm
2020-11-19 16:45:00,0.4478,0.34956813,lstm
2020-11-19 16:45:00,0.3856,0.28662154,lstm
2020-11-19 16:45:00,0.252,0.23234122,lstm
2020-11-19 17:00:00,0.4478,0.3379387,lstm
2020-11-19 17:00:00,0.3856,0.27278474,lstm
2020-11-19 17:00:00,0.252,0.20953825,lstm
2020-11-19 17:00:00,0.052599996,0.14425164,lstm
2020-11-19 17:15:00,0.3856,0.28868037,lstm
2020-11-19 17:15:00,0.252,0.20839834,lstm
2020-11-19 17:15:00,0.052599996,0.14024091,lstm
2020-11-19 17:15:00,0.022799999,0.08174311,lstm
2020-11-19 17:30:00,0.252,0.22597544,lstm
2020-11-19 17:30:00,0.052599996,0.14230943,lstm
2020-11-19 17:30:00,0.022799999,0.08310045,lstm
2020-11-19 17:30:00,0.017999977,0.038055375,lstm
2020-11-19 17:45:00,0.052599996,0.13579845,lstm
2020-11-19 17:45:00,0.022799999,0.06666872,lstm
2020-11-19 17:45:00,0.017999992,0.030552357,lstm
2020-11-19 17:45:00,0.0041999966,0.007723838,lstm
2020-11-19 18:00:00,0.022799999,0.052877814,lstm
2020-11-19 18:00:00,0.018000007,0.017536387,lstm
2020-11-19 18:00:00,0.0041999966,0.000107347965,lstm
2020-11-19 18:00:00,0.0,-0.002806291,lstm
2020-11-19 18:15:00,0.018000007,0.02577822,lstm
2020-11-19 18:15:00,0.0041999966,0.0046101063,lstm
2020-11-19 18:15:00,0.0,-0.003203988,lstm
2020-11-19 18:15:00,0.0,-0.0026259422,lstm
2020-11-19 18:30:00,0.0041999966,0.013871804,lstm
2020-11-19 18:30:00,0.0,0.00029471517,lstm
2020-11-19 18:30:00,0.0,-0.0027355403,lstm
2020-11-19 18:30:00,0.0,-0.00071942806,lstm
2020-11-19 18:45:00,0.0,0.0068587363,lstm
2020-11-19 18:45:00,0.0,-0.0021581799,lstm
2020-11-19 18:45:00,0.0,-0.0030718148,lstm
2020-11-19 18:45:00,0.0,-0.0007995218,lstm
2020-11-19 19:00:00,0.0,0.0027942061,lstm
2020-11-19 19:00:00,0.0,-0.0030333549,lstm
2020-11-19 19:00:00,0.0,-0.0028993934,lstm
2020-11-19 19:00:00,0.0,-0.0003491193,lstm
2020-11-19 19:15:00,0.0,0.00058685243,lstm
2020-11-19 19:15:00,0.0,-0.0034537762,lstm
2020-11-19 19:15:00,0.0,-0.0024736822,lstm
2020-11-19 19:15:00,0.0,-1.8313527e-05,lstm
2020-11-19 19:30:00,0.0,-0.0003849864,lstm
2020-11-19 19:30:00,0.0,-0.0035969466,lstm
2020-11-19 19:30:00,0.0,-0.0022290945,lstm
2020-11-19 19:30:00,0.0,0.00010089576,lstm
2020-11-19 19:45:00,0.0,-0.00090673566,lstm
2020-11-19 19:45:00,0.0,-0.003748089,lstm
2020-11-19 19:45:00,0.0,-0.002203703,lstm
2020-11-19 19:45:00,0.0,0.00012373924,lstm
2020-11-19 20:00:00,0.0,-0.0012523383,lstm
2020-11-19 20:00:00,0.0,-0.0038340539,lstm
2020-11-19 20:00:00,0.0,-0.0021932572,lstm
2020-11-19 20:00:00,0.0,0.00017471611,lstm
2020-11-19 20:15:00,0.0,-0.001493603,lstm
2020-11-19 20:15:00,0.0,-0.0038759857,lstm
2020-11-19 20:15:00,0.0,-0.002136007,lstm
2020-11-19 20:15:00,0.0,0.00025045872,lstm
2020-11-19 20:30:00,0.0,-0.001627028,lstm
2020-11-19 20:30:00,0.0,-0.0038889647,lstm
2020-11-19 20:30:00,0.0,-0.0020888746,lstm
2020-11-19 20:30:00,0.0,0.00030258298,lstm
2020-11-19 20:45:00,0.0,-0.0017786175,lstm
2020-11-19 20:45:00,0.0,-0.0039675385,lstm
2020-11-19 20:45:00,0.0,-0.0021549761,lstm
2020-11-19 20:45:00,0.0,0.00031626225,lstm
2020-11-19 21:00:00,0.0,-0.0018567741,lstm
2020-11-19 21:00:00,0.0,-0.003977686,lstm
2020-11-19 21:00:00,0.0,-0.0021547526,lstm
2020-11-19 21:00:00,0.0,0.00036104023,lstm
2020-11-19 21:15:00,0.0,-0.0019034296,lstm
2020-11-19 21:15:00,0.0,-0.003961608,lstm
2020-11-19 21:15:00,0.0,-0.002119571,lstm
2020-11-19 21:15:00,0.0,0.00041221082,lstm
2020-11-19 21:30:00,0.0,-0.0019223541,lstm
2020-11-19 21:30:00,0.0,-0.0039388984,lstm
2020-11-19 21:30:00,0.0,-0.0020851493,lstm
2020-11-19 21:30:00,0.0,0.0004478991,lstm
2020-11-19 21:45:00,0.0,-0.0020341128,lstm
2020-11-19 21:45:00,0.0,-0.0040142387,lstm
2020-11-19 21:45:00,0.0,-0.0021916628,lstm
2020-11-19 21:45:00,0.0,0.0004274696,lstm
2020-11-19 22:00:00,0.0,-0.0020430833,lstm
2020-11-19 22:00:00,0.0,-0.0039770007,lstm
2020-11-19 22:00:00,0.0,-0.0021726638,lstm
2020-11-19 22:00:00,0.0,0.000472337,lstm
2020-11-19 22:15:00,0.0,-0.0020409971,lstm
2020-11-19 22:15:00,0.0,-0.0039352477,lstm
2020-11-19 22:15:00,0.0,-0.0021298826,lstm
2020-11-19 22:15:00,0.0,0.0005172938,lstm
2020-11-19 22:30:00,0.0,-0.0020472407,lstm
2020-11-19 22:30:00,0.0,-0.00391683,lstm
2020-11-19 22:30:00,0.0,-0.0020991564,lstm
2020-11-19 22:30:00,0.0,0.00054740906,lstm
2020-11-19 22:45:00,0.0,-0.0021441877,lstm
2020-11-19 22:45:00,0.0,-0.003961563,lstm
2020-11-19 22:45:00,0.0,-0.0022003502,lstm
2020-11-19 22:45:00,0.0,0.0005221218,lstm
2020-11-19 23:00:00,0.0,-0.002131939,lstm
2020-11-19 23:00:00,0.0,-0.0039024502,lstm
2020-11-19 23:00:00,0.0,-0.0021516532,lstm
2020-11-19 23:00:00,0.0,0.0005771369,lstm
2020-11-19 23:15:00,0.0,-0.0021149963,lstm
2020-11-19 23:15:00,0.0,-0.0038605481,lstm
2020-11-19 23:15:00,0.0,-0.0021089911,lstm
2020-11-19 23:15:00,0.0,0.0006098747,lstm
2020-11-19 23:30:00,0.0,-0.0021016598,lstm
2020-11-19 23:30:00,0.0,-0.003832668,lstm
2020-11-19 23:30:00,0.0,-0.0020813495,lstm
2020-11-19 23:30:00,0.0,0.0006299466,lstm
2020-11-19 23:45:00,0.0,-0.002173543,lstm
2020-11-19 23:45:00,0.0,-0.0038518459,lstm
2020-11-19 23:45:00,0.0,-0.0021722466,lstm
2020-11-19 23:45:00,0.0,0.0005967319,lstm
2020-11-20 00:00:00,0.0,-0.0021400005,lstm
2020-11-20 00:00:00,0.0,-0.0037806928,lstm
2020-11-20 00:00:00,0.0,-0.0021095276,lstm
2020-11-20 00:00:00,0.0,0.00064495206,lstm
2020-11-20 00:15:00,0.0,-0.0021116138,lstm
2020-11-20 00:15:00,0.0,-0.0037403256,lstm
2020-11-20 00:15:00,0.0,-0.0020688176,lstm
2020-11-20 00:15:00,0.0,0.00066533685,lstm
2020-11-20 00:30:00,0.0,-0.0020932257,lstm
2020-11-20 00:30:00,0.0,-0.0037160665,lstm
2020-11-20 00:30:00,0.0,-0.002044201,lstm
2020-11-20 00:30:00,0.0,0.00067704916,lstm
2020-11-20 00:45:00,0.0,-0.0021353662,lstm
2020-11-20 00:45:00,0.0,-0.0037159622,lstm
2020-11-20 00:45:00,0.0,-0.0021223873,lstm
2020-11-20 00:45:00,0.0,0.0006337017,lstm
2020-11-20 01:00:00,0.0,-0.002091065,lstm
2020-11-20 01:00:00,0.0,-0.0036537945,lstm
2020-11-20 01:00:00,0.0,-0.0020675808,lstm
2020-11-20 01:00:00,0.0,0.00066268444,lstm
2020-11-20 01:15:00,0.0,-0.0020626187,lstm
2020-11-20 01:15:00,0.0,-0.0036270618,lstm
2020-11-20 01:15:00,0.0,-0.0020386875,lstm
2020-11-20 01:15:00,0.0,0.00067041814,lstm
2020-11-20 01:30:00,0.0,-0.0020438433,lstm
2020-11-20 01:30:00,0.0,-0.0036088675,lstm
2020-11-20 01:30:00,0.0,-0.0020198673,lstm
2020-11-20 01:30:00,0.0,0.0006747544,lstm
2020-11-20 01:45:00,0.0,-0.0020671189,lstm
2020-11-20 01:45:00,0.0,-0.0036085844,lstm
2020-11-20 01:45:00,0.0,-0.0021055192,lstm
2020-11-20 01:45:00,0.0,0.0005992502,lstm
2020-11-20 02:00:00,0.0,-0.0020096153,lstm
2020-11-20 02:00:00,0.0,-0.0035428703,lstm
2020-11-20 02:00:00,0.0,-0.0020585507,lstm
2020-11-20 02:00:00,0.0,0.0006096512,lstm
2020-11-20 02:15:00,0.0,-0.0019675195,lstm
2020-11-20 02:15:00,0.0,-0.0035119802,lstm
2020-11-20 02:15:00,0.0,-0.0020265281,lstm
2020-11-20 02:15:00,0.0,0.0006134808,lstm
2020-11-20 02:30:00,0.0,-0.0019404143,lstm
2020-11-20 02:30:00,0.0,-0.0034990907,lstm
2020-11-20 02:30:00,0.0,-0.0020154566,lstm
2020-11-20 02:30:00,0.0,0.0006015152,lstm
2020-11-20 02:45:00,0.0,-0.0019429177,lstm
2020-11-20 02:45:00,0.0,-0.0034881085,lstm
2020-11-20 02:45:00,0.0,-0.0020749718,lstm
2020-11-20 02:45:00,0.0,0.0005259663,lstm
2020-11-20 03:00:00,0.0,-0.0018835366,lstm
2020-11-20 03:00:00,0.0,-0.003440693,lstm
2020-11-20 03:00:00,0.0,-0.0020325184,lstm
2020-11-20 03:00:00,0.0,0.0005173683,lstm
2020-11-20 03:15:00,0.0,-0.001840502,lstm
2020-11-20 03:15:00,0.0,-0.0034275204,lstm
2020-11-20 03:15:00,0.0,-0.0020234138,lstm
2020-11-20 03:15:00,0.0,0.00049093366,lstm
2020-11-20 03:30:00,0.0,-0.0018103868,lstm
2020-11-20 03:30:00,0.0,-0.003426388,lstm
2020-11-20 03:30:00,0.0,-0.0020312816,lstm
2020-11-20 03:30:00,0.0,0.0004595667,lstm
2020-11-20 03:45:00,0.0,-0.0018064976,lstm
2020-11-20 03:45:00,0.0,-0.0034194887,lstm
2020-11-20 03:45:00,0.0,-0.0020734519,lstm
2020-11-20 03:45:00,0.0,0.00038398802,lstm
2020-11-20 04:00:00,0.0,-0.0017535388,lstm
2020-11-20 04:00:00,0.0,-0.0034055412,lstm
2020-11-20 04:00:00,0.0,-0.0020665973,lstm
2020-11-20 04:00:00,0.0,0.00033263862,lstm
2020-11-20 04:15:00,0.0,-0.001709193,lstm
2020-11-20 04:15:00,0.0,-0.0034146458,lstm
2020-11-20 04:15:00,0.0,-0.0020887107,lstm
2020-11-20 04:15:00,0.0,0.00028009713,lstm
2020-11-20 04:30:00,0.0,-0.0016771704,lstm
2020-11-20 04:30:00,0.0,-0.0034253895,lstm
2020-11-20 04:30:00,0.0,-0.0021075755,lstm
2020-11-20 04:30:00,0.0,0.0002437532,lstm
2020-11-20 04:45:00,0.0,-0.0016804636,lstm
2020-11-20 04:45:00,0.0,-0.0034365654,lstm
2020-11-20 04:45:00,0.0,-0.002150938,lstm
2020-11-20 04:45:00,0.0,0.0001667738,lstm
2020-11-20 05:00:00,0.0,-0.0016445667,lstm
2020-11-20 05:00:00,0.0,-0.0034575611,lstm
2020-11-20 05:00:00,0.0,-0.0021698922,lstm
2020-11-20 05:00:00,0.0,0.000104278326,lstm
2020-11-20 05:15:00,0.0,-0.0016081184,lstm
2020-11-20 05:15:00,0.0,-0.003492862,lstm
2020-11-20 05:15:00,0.0,-0.0022160262,lstm
2020-11-20 05:15:00,0.0,4.3332577e-05,lstm
2020-11-20 05:30:00,0.0,-0.0015686601,lstm
2020-11-20 05:30:00,0.0,-0.0035235882,lstm
2020-11-20 05:30:00,0.0,-0.0022708476,lstm
2020-11-20 05:30:00,0.0,-1.6540289e-05,lstm
2020-11-20 05:45:00,0.0,-0.0015675426,lstm
2020-11-20 05:45:00,0.0,-0.0035453886,lstm
2020-11-20 05:45:00,0.0,-0.0023135096,lstm
2020-11-20 05:45:00,0.0,-7.1287155e-05,lstm
2020-11-20 06:00:00,0.0,-0.0015306175,lstm
2020-11-20 06:00:00,0.0,-0.0035928339,lstm
2020-11-20 06:00:00,0.0,-0.0023653358,lstm
2020-11-20 06:00:00,0.0,-0.00014068186,lstm
2020-11-20 06:15:00,0.0,-0.0014599115,lstm
2020-11-20 06:15:00,0.0,-0.0036369264,lstm
2020-11-20 06:15:00,0.0,-0.0024347007,lstm
2020-11-20 06:15:00,0.0,-0.00021383166,lstm
2020-11-20 06:30:00,0.0,-0.0013983697,lstm
2020-11-20 06:30:00,0.0,-0.0036685467,lstm
2020-11-20 06:30:00,0.0,-0.002473116,lstm
2020-11-20 06:30:00,0.0,-0.00024090707,lstm
2020-11-20 06:45:00,0.0,-0.0013813525,lstm
2020-11-20 06:45:00,0.0,-0.003673181,lstm
2020-11-20 06:45:00,0.0,-0.0024721026,lstm
2020-11-20 06:45:00,0.0,-0.00022989511,lstm
2020-11-20 07:00:00,0.0,-0.0013880879,lstm
2020-11-20 07:00:00,0.0,-0.0037464648,lstm
2020-11-20 07:00:00,0.0,-0.002515778,lstm
2020-11-20 07:00:00,0.0,-0.00022663176,lstm
2020-11-20 07:15:00,0.0,-0.0013869703,lstm
2020-11-20 07:15:00,0.0,-0.0038208663,lstm
2020-11-20 07:15:00,0.0,-0.002568677,lstm
2020-11-20 07:15:00,0.0,-0.00017276406,lstm
2020-11-20 07:30:00,0.0,-0.001361534,lstm
2020-11-20 07:30:00,0.0,-0.0038876832,lstm
2020-11-20 07:30:00,0.0,-0.002639696,lstm
2020-11-20 07:30:00,0.0,-0.00013239682,lstm
2020-11-20 07:45:00,0.0,-0.001357153,lstm
2020-11-20 07:45:00,0.0,-0.003921032,lstm
2020-11-20 07:45:00,0.0,-0.0026224107,lstm
2020-11-20 07:45:00,0.0,3.2499433e-05,lstm
2020-11-20 08:00:00,0.0,-0.0013819486,lstm
2020-11-20 08:00:00,0.0,-0.004071936,lstm
2020-11-20 08:00:00,0.0,-0.002673313,lstm
2020-11-20 08:00:00,0.0,0.00021900237,lstm
2020-11-20 08:15:00,0.0,-0.0013449788,lstm
2020-11-20 08:15:00,0.0,-0.004257381,lstm
2020-11-20 08:15:00,0.0,-0.002717808,lstm
2020-11-20 08:15:00,0.0,0.0006018877,lstm
2020-11-20 08:30:00,0.0,-0.0012121797,lstm
2020-11-20 08:30:00,0.0,-0.0045247823,lstm
2020-11-20 08:30:00,0.0,-0.0026435554,lstm
2020-11-20 08:30:00,0.0,0.0016489178,lstm
2020-11-20 08:45:00,0.0,-0.0010305196,lstm
2020-11-20 08:45:00,0.0,-0.0046702474,lstm
2020-11-20 08:45:00,0.0,-0.0018055439,lstm
2020-11-20 08:45:00,0.0,0.0049858093,lstm
2020-11-20 09:00:00,0.0,-0.0012032092,lstm
2020-11-20 09:00:00,0.0,-0.0035596788,lstm
2020-11-20 09:00:00,0.0,0.003344044,lstm
2020-11-20 09:00:00,0.0066000074,0.019683138,lstm
2020-11-20 09:15:00,0.0,-0.0015024394,lstm
2020-11-20 09:15:00,0.0,0.006892875,lstm
2020-11-20 09:15:00,0.0066000074,0.027779192,lstm
2020-11-20 09:15:00,0.0334,0.07031649,lstm
2020-11-20 09:30:00,0.0,-0.0024018884,lstm
2020-11-20 09:30:00,0.0065999925,0.01708199,lstm
2020-11-20 09:30:00,0.0334,0.057143196,lstm
2020-11-20 09:30:00,0.061000004,0.119457215,lstm
2020-11-20 09:45:00,0.0065999925,-0.0045329332,lstm
2020-11-20 09:45:00,0.0334,0.016751796,lstm
2020-11-20 09:45:00,0.061000004,0.06663962,lstm
2020-11-20 09:45:00,0.139,0.13029541,lstm
2020-11-20 10:00:00,0.0334,0.00010204315,lstm
2020-11-20 10:00:00,0.061000004,0.022250056,lstm
2020-11-20 10:00:00,0.139,0.07931066,lstm
2020-11-20 10:00:00,0.1438,0.13987665,lstm
2020-11-20 10:15:00,0.061000004,0.060118362,lstm
2020-11-20 10:15:00,0.139,0.103039056,lstm
2020-11-20 10:15:00,0.1438,0.17734377,lstm
2020-11-20 10:15:00,0.124,0.2436359,lstm
2020-11-20 10:30:00,0.139,0.0907813,lstm
2020-11-20 10:30:00,0.1438,0.15086208,lstm
2020-11-20 10:30:00,0.124,0.22778189,lstm
2020-11-20 10:30:00,0.15,0.28602272,lstm
2020-11-20 10:45:00,0.1438,0.20330337,lstm
2020-11-20 10:45:00,0.124,0.27394223,lstm
2020-11-20 10:45:00,0.15,0.3467976,lstm
2020-11-20 10:45:00,0.163,0.40665615,lstm
2020-11-20 11:00:00,0.124,0.17651436,lstm
2020-11-20 11:00:00,0.15,0.24659781,lstm
2020-11-20 11:00:00,0.163,0.29621103,lstm
2020-11-20 11:00:00,0.2874,0.34960508,lstm
2020-11-20 11:15:00,0.15,0.1362363,lstm
2020-11-20 11:15:00,0.163,0.19455133,lstm
2020-11-20 11:15:00,0.2874,0.23363855,lstm
2020-11-20 11:15:00,0.5204,0.2751024,lstm
2020-11-20 11:30:00,0.163,0.17833921,lstm
2020-11-20 11:30:00,0.2874,0.23191835,lstm
2020-11-20 11:30:00,0.5204,0.26807785,lstm
2020-11-20 11:30:00,0.3002,0.30860338,lstm
2020-11-20 11:45:00,0.2874,0.1751634,lstm
2020-11-20 11:45:00,0.5204,0.2264626,lstm
2020-11-20 11:45:00,0.3002,0.25880888,lstm
2020-11-20 11:45:00,0.275,0.29883584,lstm
2020-11-20 12:00:00,0.5204,0.36274958,lstm
2020-11-20 12:00:00,0.3002,0.404424,lstm
2020-11-20 12:00:00,0.275,0.42540407,lstm
2020-11-20 12:00:00,0.3534,0.4525386,lstm
2020-11-20 12:15:00,0.3002,0.47768366,lstm
2020-11-20 12:15:00,0.275,0.49887627,lstm
2020-11-20 12:15:00,0.3534,0.5111698,lstm
2020-11-20 12:15:00,0.247,0.5335988,lstm
2020-11-20 12:30:00,0.275,0.34407282,lstm
2020-11-20 12:30:00,0.3534,0.3984437,lstm
2020-11-20 12:30:00,0.247,0.41472018,lstm
2020-11-20 12:30:00,0.375,0.42724264,lstm
2020-11-20 12:45:00,0.3534,0.3254571,lstm
2020-11-20 12:45:00,0.247,0.36764336,lstm
2020-11-20 12:45:00,0.375,0.37988186,lstm
2020-11-20 12:45:00,0.5216,0.39598763,lstm
2020-11-20 13:00:00,0.247,0.39503556,lstm
2020-11-20 13:00:00,0.375,0.41510838,lstm
2020-11-20 13:00:00,0.5216,0.419617,lstm
2020-11-20 13:00:00,0.5526,0.4382629,lstm
2020-11-20 13:15:00,0.375,0.3272834,lstm
2020-11-20 13:15:00,0.5216,0.36474556,lstm
2020-11-20 13:15:00,0.5526,0.37107426,lstm
2020-11-20 13:15:00,0.5002,0.38826808,lstm
2020-11-20 13:30:00,0.5216,0.43311208,lstm
2020-11-20 13:30:00,0.5526,0.4349323,lstm
2020-11-20 13:30:00,0.5002,0.4258392,lstm
2020-11-20 13:30:00,0.6208,0.43947455,lstm
2020-11-20 13:45:00,0.5526,0.4964155,lstm
2020-11-20 13:45:00,0.5002,0.47127184,lstm
2020-11-20 13:45:00,0.6208,0.44556487,lstm
2020-11-20 13:45:00,0.6622,0.44673318,lstm
2020-11-20 14:00:00,0.5002,0.50743043,lstm
2020-11-20 14:00:00,0.6208,0.47877663,lstm
2020-11-20 14:00:00,0.6622,0.45021534,lstm
2020-11-20 14:00:00,0.6642,0.44152272,lstm
2020-11-20 14:15:00,0.6208,0.47991043,lstm
2020-11-20 14:15:00,0.6622,0.46419322,lstm
2020-11-20 14:15:00,0.6642,0.44100988,lstm
2020-11-20 14:15:00,0.661,0.4306839,lstm
2020-11-20 14:30:00,0.6622,0.55919695,lstm
2020-11-20 14:30:00,0.66420007,0.5156741,lstm
2020-11-20 14:30:00,0.661,0.48346704,lstm
2020-11-20 14:30:00,0.6742,0.4710502,lstm
2020-11-20 14:45:00,0.6642,0.5951339,lstm
2020-11-20 14:45:00,0.661,0.55267406,lstm
2020-11-20 14:45:00,0.6742,0.51445866,lstm
2020-11-20 14:45:00,0.5926,0.49255896,lstm
2020-11-20 15:00:00,0.661,0.56665266,lstm
2020-11-20 15:00:00,0.6742,0.5244863,lstm
2020-11-20 15:00:00,0.5926,0.4809208,lstm
2020-11-20 15:00:00,0.42660004,0.44488907,lstm
2020-11-20 15:15:00,0.6742,0.57406366,lstm
2020-11-20 15:15:00,0.5926,0.52313274,lstm
2020-11-20 15:15:00,0.4266,0.47391796,lstm
2020-11-20 15:15:00,0.3362,0.435067,lstm
2020-11-20 15:30:00,0.5926,0.57784975,lstm
2020-11-20 15:30:00,0.42659998,0.5211952,lstm
2020-11-20 15:30:00,0.3362,0.46784747,lstm
2020-11-20 15:30:00,0.3418,0.4263566,lstm
2020-11-20 15:45:00,0.4266,0.5232966,lstm
2020-11-20 15:45:00,0.3362,0.4695793,lstm
2020-11-20 15:45:00,0.3418,0.41318694,lstm
2020-11-20 15:45:00,0.46360004,0.35692522,lstm
2020-11-20 16:00:00,0.3362,0.43902764,lstm
2020-11-20 16:00:00,0.3418,0.38949963,lstm
2020-11-20 16:00:00,0.46360004,0.33762026,lstm
2020-11-20 16:00:00,0.46000004,0.2783081,lstm
2020-11-20 16:15:00,0.3418,0.36218148,lstm
2020-11-20 16:15:00,0.4636,0.3085533,lstm
2020-11-20 16:15:00,0.46000004,0.25847933,lstm
2020-11-20 16:15:00,0.3504,0.2048702,lstm
2020-11-20 16:30:00,0.4636,0.356478,lstm
2020-11-20 16:30:00,0.46,0.27984625,lstm
2020-11-20 16:30:00,0.35040003,0.21530521,lstm
2020-11-20 16:30:00,0.2822,0.16117376,lstm
2020-11-20 16:45:00,0.46,0.3899506,lstm
2020-11-20 16:45:00,0.3504,0.30131778,lstm
2020-11-20 16:45:00,0.2822,0.22701861,lstm
2020-11-20 16:45:00,0.226,0.1672481,lstm
2020-11-20 17:00:00,0.3504,0.31991774,lstm
2020-11-20 17:00:00,0.2822,0.2359176,lstm
2020-11-20 17:00:00,0.226,0.16625609,lstm
2020-11-20 17:00:00,0.12099999,0.103848726,lstm
2020-11-20 17:15:00,0.2822,0.22834697,lstm
2020-11-20 17:15:00,0.226,0.14694576,lstm
2020-11-20 17:15:00,0.121,0.087693505,lstm
2020-11-20 17:15:00,0.07620001,0.04047087,lstm
2020-11-20 17:30:00,0.226,0.14313541,lstm
2020-11-20 17:30:00,0.121,0.07740077,lstm
2020-11-20 17:30:00,0.0762,0.035741493,lstm
2020-11-20 17:30:00,0.039000005,0.0095475465,lstm
2020-11-20 17:45:00,0.121,0.07905516,lstm
2020-11-20 17:45:00,0.0762,0.03361614,lstm
2020-11-20 17:45:00,0.039000005,0.0085083395,lstm
2020-11-20 17:45:00,0.0069999993,0.0004685074,lstm
2020-11-20 18:00:00,0.0762,0.03588815,lstm
2020-11-20 18:00:00,0.03899999,0.006176755,lstm
2020-11-20 18:00:00,0.0069999993,-0.006543711,lstm
2020-11-20 18:00:00,0.0,-0.0050949752,lstm
2020-11-20 18:15:00,0.039000005,0.018658698,lstm
2020-11-20 18:15:00,0.0069999993,-0.0004323274,lstm
2020-11-20 18:15:00,0.0,-0.0061989874,lstm
2020-11-20 18:15:00,0.0,-0.004107669,lstm
2020-11-20 18:30:00,0.0069999993,0.010212854,lstm
2020-11-20 18:30:00,0.0,-0.0029094815,lstm
2020-11-20 18:30:00,0.0,-0.005229339,lstm
2020-11-20 18:30:00,0.0,-0.0031130016,lstm
2020-11-20 18:45:00,0.0,0.0053029656,lstm
2020-11-20 18:45:00,0.0,-0.003861174,lstm
2020-11-20 18:45:00,0.0,-0.0043978393,lstm
2020-11-20 18:45:00,0.0,-0.0022057146,lstm
2020-11-20 19:00:00,0.0,0.0025363863,lstm
2020-11-20 19:00:00,0.0,-0.0034439117,lstm
2020-11-20 19:00:00,0.0,-0.0030034482,lstm
2020-11-20 19:00:00,0.0,-0.00087971985,lstm
2020-11-20 19:15:00,0.0,0.0008840412,lstm
2020-11-20 19:15:00,0.0,-0.0032808334,lstm
2020-11-20 19:15:00,0.0,-0.0021039397,lstm
2020-11-20 19:15:00,0.0,-0.00024423003,lstm
2020-11-20 19:30:00,0.0,-6.9871545e-05,lstm
2020-11-20 19:30:00,0.0,-0.0033046752,lstm
2020-11-20 19:30:00,0.0,-0.001718536,lstm
2020-11-20 19:30:00,0.0,-5.9619546e-05,lstm
2020-11-20 19:45:00,0.0,-0.0006224364,lstm
2020-11-20 19:45:00,0.0,-0.003484577,lstm
2020-11-20 19:45:00,0.0,-0.001712963,lstm
2020-11-20 19:45:00,0.0,-6.67721e-05,lstm
2020-11-20 20:00:00,0.0,-0.0009799898,lstm
2020-11-20 20:00:00,0.0,-0.0035720766,lstm
2020-11-20 20:00:00,0.0,-0.0016945302,lstm
2020-11-20 20:00:00,0.0,-1.4767051e-05,lstm
2020-11-20 20:15:00,0.0,-0.0011596084,lstm
2020-11-20 20:15:00,0.0,-0.0035718232,lstm
2020-11-20 20:15:00,0.0,-0.0016694367,lstm
2020-11-20 20:15:00,0.0,5.1766634e-05,lstm
2020-11-20 20:30:00,0.0,-0.0012816936,lstm
2020-11-20 20:30:00,0.0,-0.0035663992,lstm
2020-11-20 20:30:00,0.0,-0.0016395152,lstm
2020-11-20 20:30:00,0.0,0.00011187792,lstm
2020-11-20 20:45:00,0.0,-0.0014724582,lstm
2020-11-20 20:45:00,0.0,-0.0037005544,lstm
2020-11-20 20:45:00,0.0,-0.0017766207,lstm
2020-11-20 20:45:00,0.0,9.6693635e-05,lstm
2020-11-20 21:00:00,0.0,-0.0015279502,lstm
2020-11-20 21:00:00,0.0,-0.0036914945,lstm
2020-11-20 21:00:00,0.0,-0.0017925799,lstm
2020-11-20 21:00:00,0.0,0.00015208125,lstm
2020-11-20 21:15:00,0.0,-0.0015818477,lstm
2020-11-20 21:15:00,0.0,-0.0036935955,lstm
2020-11-20 21:15:00,0.0,-0.0017848909,lstm
2020-11-20 21:15:00,0.0,0.00019283593,lstm
2020-11-20 21:30:00,0.0,-0.0016201288,lstm
2020-11-20 21:30:00,0.0,-0.003678456,lstm
2020-11-20 21:30:00,0.0,-0.0017630458,lstm
2020-11-20 21:30:00,0.0,0.00023914874,lstm
2020-11-20 21:45:00,0.0,-0.0017706752,lstm
2020-11-20 21:45:00,0.0,-0.0038032234,lstm
2020-11-20 21:45:00,0.0,-0.0019139946,lstm
2020-11-20 21:45:00,0.0,0.00020293891,lstm
2020-11-20 22:00:00,0.0,-0.0017881691,lstm
2020-11-20 22:00:00,0.0,-0.0037763268,lstm
2020-11-20 22:00:00,0.0,-0.0018819124,lstm
2020-11-20 22:00:00,0.0,0.00026199222,lstm
2020-11-20 22:15:00,0.0,-0.0017891973,lstm
2020-11-20 22:15:00,0.0,-0.0037458092,lstm
2020-11-20 22:15:00,0.0,-0.0018422455,lstm
2020-11-20 22:15:00,0.0,0.00030352175,lstm
2020-11-20 22:30:00,0.0,-0.0017893463,lstm
2020-11-20 22:30:00,0.0,-0.0037243366,lstm
2020-11-20 22:30:00,0.0,-0.0018074065,lstm
2020-11-20 22:30:00,0.0,0.00033344328,lstm
2020-11-20 22:45:00,0.0,-0.0018929541,lstm
2020-11-20 22:45:00,0.0,-0.0038155168,lstm
2020-11-20 22:45:00,0.0,-0.0019599348,lstm
2020-11-20 22:45:00,0.0,0.00027298927,lstm
2020-11-20 23:00:00,0.0,-0.0018801987,lstm
2020-11-20 23:00:00,0.0,-0.0037596375,lstm
2020-11-20 23:00:00,0.0,-0.0019063205,lstm
2020-11-20 23:00:00,0.0,0.00034198165,lstm
2020-11-20 23:15:00,0.0,-0.0018670559,lstm
2020-11-20 23:15:00,0.0,-0.003723234,lstm
2020-11-20 23:15:00,0.0,-0.0018665045,lstm
2020-11-20 23:15:00,0.0,0.0003760606,lstm
2020-11-20 23:30:00,0.0,-0.0018524379,lstm
2020-11-20 23:30:00,0.0,-0.0036933273,lstm
2020-11-20 23:30:00,0.0,-0.0018378645,lstm
2020-11-20 23:30:00,0.0,0.00039863586,lstm
2020-11-20 23:45:00,0.0,-0.00194408,lstm
2020-11-20 23:45:00,0.0,-0.0037650764,lstm
2020-11-20 23:45:00,0.0,-0.001981616,lstm
2020-11-20 23:45:00,0.0,0.00032572448,lstm
2020-11-21 00:00:00,0.0,-0.0019248426,lstm
2020-11-21 00:00:00,0.0,-0.003710866,lstm
2020-11-21 00:00:00,0.0,-0.001928553,lstm
2020-11-21 00:00:00,0.0,0.00037445128,lstm
2020-11-21 00:15:00,0.0,-0.0019100904,lstm
2020-11-21 00:15:00,0.0,-0.0036857426,lstm
2020-11-21 00:15:00,0.0,-0.0019028336,lstm
2020-11-21 00:15:00,0.0,0.0003874302,lstm
2020-11-21 00:30:00,0.0,-0.0018990189,lstm
2020-11-21 00:30:00,0.0,-0.003668666,lstm
2020-11-21 00:30:00,0.0,-0.0018864125,lstm
2020-11-21 00:30:00,0.0,0.0003963858,lstm
2020-11-21 00:45:00,0.0,-0.001963511,lstm
2020-11-21 00:45:00,0.0,-0.003719449,lstm
2020-11-21 00:45:00,0.0,-0.0020168424,lstm
2020-11-21 00:45:00,0.0,0.00031121075,lstm
2020-11-21 01:00:00,0.0,-0.0019371063,lstm
2020-11-21 01:00:00,0.0,-0.0036736578,lstm
2020-11-21 01:00:00,0.0,-0.0019765347,lstm
2020-11-21 01:00:00,0.0,0.00033420324,lstm
2020-11-21 01:15:00,0.0,-0.0019164532,lstm
2020-11-21 01:15:00,0.0,-0.0036543906,lstm
2020-11-21 01:15:00,0.0,-0.0019612461,lstm
2020-11-21 01:15:00,0.0,0.0003311038,lstm
2020-11-21 01:30:00,0.0,-0.0019136369,lstm
2020-11-21 01:30:00,0.0,-0.003652811,lstm
2020-11-21 01:30:00,0.0,-0.0019348115,lstm
2020-11-21 01:30:00,0.0,0.00033460557,lstm
2020-11-21 01:45:00,0.0,-0.0019761324,lstm
2020-11-21 01:45:00,0.0,-0.0037039071,lstm
2020-11-21 01:45:00,0.0,-0.0020533055,lstm
2020-11-21 01:45:00,0.0,0.0002167821,lstm
2020-11-21 02:00:00,0.0,-0.0019490421,lstm
2020-11-21 02:00:00,0.0,-0.0036776364,lstm
2020-11-21 02:00:00,0.0,-0.002031356,lstm
2020-11-21 02:00:00,0.0,0.00019609928,lstm
2020-11-21 02:15:00,0.0,-0.0019263774,lstm
2020-11-21 02:15:00,0.0,-0.0036783218,lstm
2020-11-21 02:15:00,0.0,-0.0020175725,lstm
2020-11-21 02:15:00,0.0,0.00016617775,lstm
2020-11-21 02:30:00,0.0,-0.0019139796,lstm
2020-11-21 02:30:00,0.0,-0.003691852,lstm
2020-11-21 02:30:00,0.0,-0.0020296425,lstm
2020-11-21 02:30:00,0.0,0.00012490153,lstm
2020-11-21 02:45:00,0.0,-0.0019624978,lstm
2020-11-21 02:45:00,0.0,-0.0037456155,lstm
2020-11-21 02:45:00,0.0,-0.0021253675,lstm
2020-11-21 02:45:00,0.0,-3.784895e-06,lstm
2020-11-21 03:00:00,0.0,-0.0019499809,lstm
2020-11-21 03:00:00,0.0,-0.0037570894,lstm
2020-11-21 03:00:00,0.0,-0.0021241903,lstm
2020-11-21 03:00:00,0.0,-7.2300434e-05,lstm
2020-11-21 03:15:00,0.0,-0.0019316673,lstm
2020-11-21 03:15:00,0.0,-0.0037831217,lstm
2020-11-21 03:15:00,0.0,-0.002142787,lstm
2020-11-21 03:15:00,0.0,-0.00014157593,lstm
2020-11-21 03:30:00,0.0,-0.0019148737,lstm
2020-11-21 03:30:00,0.0,-0.0038120896,lstm
2020-11-21 03:30:00,0.0,-0.0021687597,lstm
2020-11-21 03:30:00,0.0,-0.00020335615,lstm
2020-11-21 03:45:00,0.0,-0.0019586831,lstm
2020-11-21 03:45:00,0.0,-0.0038796216,lstm
2020-11-21 03:45:00,0.0,-0.00225465,lstm
2020-11-21 03:45:00,0.0,-0.00034864247,lstm
2020-11-21 04:00:00,0.0,-0.00194408,lstm
2020-11-21 04:00:00,0.0,-0.0039195716,lstm
2020-11-21 04:00:00,0.0,-0.0022995025,lstm
2020-11-21 04:00:00,0.0,-0.00046411157,lstm
2020-11-21 04:15:00,0.0,-0.0019314289,lstm
2020-11-21 04:15:00,0.0,-0.0039705783,lstm
2020-11-21 04:15:00,0.0,-0.002332896,lstm
2020-11-21 04:15:00,0.0,-0.0005482286,lstm
2020-11-21 04:30:00,0.0,-0.001913175,lstm
2020-11-21 04:30:00,0.0,-0.004019782,lstm
2020-11-21 04:30:00,0.0,-0.0023863316,lstm
2020-11-21 04:30:00,0.0,-0.000636667,lstm
2020-11-21 04:45:00,0.0,-0.0019614846,lstm
2020-11-21 04:45:00,0.0,-0.0040974915,lstm
2020-11-21 04:45:00,0.0,-0.002451852,lstm
2020-11-21 04:45:00,0.0,-0.0007709861,lstm
2020-11-21 05:00:00,0.0,-0.0019711703,lstm
2020-11-21 05:00:00,0.0,-0.0041817874,lstm
2020-11-21 05:00:00,0.0,-0.0025103688,lstm
2020-11-21 05:00:00,0.0,-0.0009083003,lstm
2020-11-21 05:15:00,0.0,-0.0019468963,lstm
2020-11-21 05:15:00,0.0,-0.004259154,lstm
2020-11-21 05:15:00,0.0,-0.0025723726,lstm
2020-11-21 05:15:00,0.0,-0.0010163486,lstm
2020-11-21 05:30:00,0.0,-0.001907602,lstm
2020-11-21 05:30:00,0.0,-0.0043323934,lstm
2020-11-21 05:30:00,0.0,-0.0026548207,lstm
2020-11-21 05:30:00,0.0,-0.0011141747,lstm
2020-11-21 05:45:00,0.0,-0.001936838,lstm
2020-11-21 05:45:00,0.0,-0.004408017,lstm
2020-11-21 05:45:00,0.0,-0.0026988983,lstm
2020-11-21 05:45:00,0.0,-0.001189366,lstm
2020-11-21 06:00:00,0.0,-0.0019356906,lstm
2020-11-21 06:00:00,0.0,-0.0045158714,lstm
2020-11-21 06:00:00,0.0,-0.0027596802,lstm
2020-11-21 06:00:00,0.0,-0.0012816042,lstm
2020-11-21 06:15:00,0.0,-0.001877293,lstm
2020-11-21 06:15:00,0.0,-0.004613474,lstm
2020-11-21 06:15:00,0.0,-0.002841428,lstm
2020-11-21 06:15:00,0.0,-0.0013443381,lstm
2020-11-21 06:30:00,0.0,-0.001817748,lstm
2020-11-21 06:30:00,0.0,-0.0046961904,lstm
2020-11-21 06:30:00,0.0,-0.0028939694,lstm
2020-11-21 06:30:00,0.0,-0.0013566911,lstm
2020-11-21 06:45:00,0.0,-0.001807943,lstm
2020-11-21 06:45:00,0.0,-0.004758954,lstm
2020-11-21 06:45:00,0.0,-0.0028664023,lstm
2020-11-21 06:45:00,0.0,-0.0012795031,lstm
2020-11-21 07:00:00,0.0,-0.001758337,lstm
2020-11-21 07:00:00,0.0,-0.004891917,lstm
2020-11-21 07:00:00,0.0,-0.0029280782,lstm
2020-11-21 07:00:00,0.0,-0.0012307018,lstm
2020-11-21 07:15:00,0.0,-0.0016522259,lstm
2020-11-21 07:15:00,0.0,-0.004997194,lstm
2020-11-21 07:15:00,0.0,-0.002920881,lstm
2020-11-21 07:15:00,0.0,-0.0010565221,lstm
2020-11-21 07:30:00,0.0,-0.0015345514,lstm
2020-11-21 07:30:00,0.0,-0.005112469,lstm
2020-11-21 07:30:00,0.0,-0.002895996,lstm
2020-11-21 07:30:00,0.0,-0.0008562058,lstm
2020-11-21 07:45:00,0.0,-0.0014153868,lstm
2020-11-21 07:45:00,0.0,-0.005152166,lstm
2020-11-21 07:45:00,0.0,-0.0027205944,lstm
2020-11-21 07:45:00,0.0,-0.0003862381,lstm
2020-11-21 08:00:00,0.0,-0.0012664795,lstm
2020-11-21 08:00:00,0.0,-0.005273208,lstm
2020-11-21 08:00:00,0.0,-0.0025586486,lstm
2020-11-21 08:00:00,0.0,0.00022020936,lstm
2020-11-21 08:15:00,0.0,-0.0010399371,lstm
2020-11-21 08:15:00,0.0,-0.0053665936,lstm
2020-11-21 08:15:00,0.0,-0.0021817684,lstm
2020-11-21 08:15:00,0.0,0.0012279302,lstm
2020-11-21 08:30:00,0.0,-0.00071163476,lstm
2020-11-21 08:30:00,0.0,-0.005465761,lstm
2020-11-21 08:30:00,0.0,-0.0015849471,lstm
2020-11-21 08:30:00,0.005400002,0.0028927028,lstm
2020-11-21 08:45:00,0.0,-0.00024954975,lstm
2020-11-21 08:45:00,0.0,-0.005218819,lstm
2020-11-21 08:45:00,0.005400002,-0.00012606382,lstm
2020-11-21 08:45:00,0.039199993,0.0063943416,lstm
2020-11-21 09:00:00,0.0,0.0004041791,lstm
2020-11-21 09:00:00,0.005400002,-0.0040262043,lstm
2020-11-21 09:00:00,0.039199993,0.0045108646,lstm
2020-11-21 09:00:00,0.102800004,0.016938642,lstm
2020-11-21 09:15:00,0.005400002,0.0009562373,lstm
2020-11-21 09:15:00,0.039200008,0.0045419186,lstm
2020-11-21 09:15:00,0.1028,0.0266328,lstm
2020-11-21 09:15:00,0.1732,0.062156573,lstm
2020-11-21 09:30:00,0.039200008,0.014718071,lstm
2020-11-21 09:30:00,0.1028,0.0563886,lstm
2020-11-21 09:30:00,0.1732,0.123479865,lstm
2020-11-21 09:30:00,0.3382,0.21159886,lstm
2020-11-21 09:45:00,0.1028,0.09168328,lstm
2020-11-21 09:45:00,0.1732,0.16278051,lstm
2020-11-21 09:45:00,0.3382,0.26934302,lstm
2020-11-21 09:45:00,0.45560002,0.3659672,lstm
2020-11-21 10:00:00,0.1732,0.20688385,lstm
2020-11-21 10:00:00,0.3382,0.30325967,lstm
2020-11-21 10:00:00,0.45560002,0.41893643,lstm
2020-11-21 10:00:00,0.5328,0.49826193,lstm
2020-11-21 10:15:00,0.3382,0.29798743,lstm
2020-11-21 10:15:00,0.4556,0.3911631,lstm
2020-11-21 10:15:00,0.5328,0.47477525,lstm
2020-11-21 10:15:00,0.5986,0.5422627,lstm
2020-11-21 10:30:00,0.4556,0.41019106,lstm
2020-11-21 10:30:00,0.5328,0.48223734,lstm
2020-11-21 10:30:00,0.5986,0.5439047,lstm
2020-11-21 10:30:00,0.6546,0.60974056,lstm
2020-11-21 10:45:00,0.5328,0.48388198,lstm
2020-11-21 10:45:00,0.5986,0.54220927,lstm
2020-11-21 10:45:00,0.6546,0.6023713,lstm
2020-11-21 10:45:00,0.7012,0.65364283,lstm
2020-11-21 11:00:00,0.5986,0.55124664,lstm
2020-11-21 11:00:00,0.6546,0.5947186,lstm
2020-11-21 11:00:00,0.7012,0.65119475,lstm
2020-11-21 11:00:00,0.7418,0.68021417,lstm
2020-11-21 11:15:00,0.6546,0.6068807,lstm
2020-11-21 11:15:00,0.7012,0.6372595,lstm
2020-11-21 11:15:00,0.7418,0.68557936,lstm
2020-11-21 11:15:00,0.7746,0.7036319,lstm
2020-11-21 11:30:00,0.7012,0.6469084,lstm
2020-11-21 11:30:00,0.74179995,0.6700269,lstm
2020-11-21 11:30:00,0.7746,0.71012735,lstm
2020-11-21 11:30:00,0.8038,0.72773504,lstm
2020-11-21 11:45:00,0.7418,0.6773213,lstm
2020-11-21 11:45:00,0.7746,0.69578743,lstm
2020-11-21 11:45:00,0.80380005,0.72711563,lstm
2020-11-21 11:45:00,0.8278,0.746831,lstm
2020-11-21 12:00:00,0.7746,0.70034784,lstm
2020-11-21 12:00:00,0.8038,0.7148671,lstm
2020-11-21 12:00:00,0.8278,0.7373329,lstm
2020-11-21 12:00:00,0.8532,0.7576372,lstm
2020-11-21 12:15:00,0.8038,0.71582,lstm
2020-11-21 12:15:00,0.8277999,0.72649944,lstm
2020-11-21 12:15:00,0.8532,0.7408901,lstm
2020-11-21 12:15:00,0.873,0.75927347,lstm
2020-11-21 12:30:00,0.8278,0.73040545,lstm
2020-11-21 12:30:00,0.85319996,0.73731565,lstm
2020-11-21 12:30:00,0.873,0.7463077,lstm
2020-11-21 12:30:00,0.883,0.76227,lstm
2020-11-21 12:45:00,0.8532,0.74150217,lstm
2020-11-21 12:45:00,0.873,0.7444664,lstm
2020-11-21 12:45:00,0.883,0.7495628,lstm
2020-11-21 12:45:00,0.8936,0.7628604,lstm
2020-11-21 13:00:00,0.8730001,0.76266164,lstm
2020-11-21 13:00:00,0.883,0.76303756,lstm
2020-11-21 13:00:00,0.8936,0.7675699,lstm
2020-11-21 13:00:00,0.9018,0.78040606,lstm
2020-11-21 13:15:00,0.883,0.77972454,lstm
2020-11-21 13:15:00,0.8936,0.77770114,lstm
2020-11-21 13:15:00,0.9018,0.7810644,lstm
2020-11-21 13:15:00,0.9014,0.79282856,lstm
2020-11-21 13:30:00,0.8936,0.7855179,lstm
2020-11-21 13:30:00,0.9017999,0.78044355,lstm
2020-11-21 13:30:00,0.9014,0.78238726,lstm
2020-11-21 13:30:00,0.8938,0.7927447,lstm
2020-11-21 13:45:00,0.9018,0.79879,lstm
2020-11-21 13:45:00,0.90139997,0.79349196,lstm
2020-11-21 13:45:00,0.8938,0.7950519,lstm
2020-11-21 13:45:00,0.8832,0.8060853,lstm
2020-11-21 14:00:00,0.9014,0.8091734,lstm
2020-11-21 14:00:00,0.8938,0.8051995,lstm
2020-11-21 14:00:00,0.8832,0.8057202,lstm
2020-11-21 14:00:00,0.8652,0.8166429,lstm
2020-11-21 14:15:00,0.8938,0.8133906,lstm
2020-11-21 14:15:00,0.88319993,0.80751204,lstm
2020-11-21 14:15:00,0.8652,0.804959,lstm
2020-11-21 14:15:00,0.8504,0.8127186,lstm
2020-11-21 14:30:00,0.88320005,0.81563526,lstm
2020-11-21 14:30:00,0.8651999,0.8075036,lstm
2020-11-21 14:30:00,0.8504,0.8023439,lstm
2020-11-21 14:30:00,0.8316,0.80742043,lstm
2020-11-21 14:45:00,0.8652,0.8133204,lstm
2020-11-21 14:45:00,0.8504,0.80121255,lstm
2020-11-21 14:45:00,0.8316,0.7913904,lstm
2020-11-21 14:45:00,0.8042,0.7920842,lstm
2020-11-21 15:00:00,0.8504,0.79310596,lstm
2020-11-21 15:00:00,0.83159995,0.77539945,lstm
2020-11-21 15:00:00,0.8042,0.7590059,lstm
2020-11-21 15:00:00,0.771,0.7525205,lstm
2020-11-21 15:15:00,0.8316,0.763578,lstm
2020-11-21 15:15:00,0.80419993,0.74014807,lstm
2020-11-21 15:15:00,0.771,0.7164708,lstm
2020-11-21 15:15:00,0.7338,0.7055708,lstm
2020-11-21 15:30:00,0.8042,0.6893812,lstm
2020-11-21 15:30:00,0.771,0.6666331,lstm
2020-11-21 15:30:00,0.7338,0.63086826,lstm
2020-11-21 15:30:00,0.6928,0.6205033,lstm
2020-11-21 15:45:00,0.771,0.66430426,lstm
2020-11-21 15:45:00,0.73379993,0.62554145,lstm
2020-11-21 15:45:00,0.6928,0.57205033,lstm
2020-11-21 15:45:00,0.6482,0.545973,lstm
2020-11-21 16:00:00,0.7338,0.65136796,lstm
2020-11-21 16:00:00,0.6928,0.59257805,lstm
2020-11-21 16:00:00,0.6482,0.52181447,lstm
2020-11-21 16:00:00,0.5954,0.47377908,lstm
2020-11-21 16:15:00,0.6928,0.6253288,lstm
2020-11-21 16:15:00,0.6482,0.5513688,lstm
2020-11-21 16:15:00,0.5954,0.47127843,lstm
2020-11-21 16:15:00,0.5348,0.4072586,lstm
2020-11-21 16:30:00,0.6482,0.58267546,lstm
2020-11-21 16:30:00,0.5954,0.49773395,lstm
2020-11-21 16:30:00,0.5348,0.41312465,lstm
2020-11-21 16:30:00,0.4638,0.33825722,lstm
2020-11-21 16:45:00,0.5954,0.5259409,lstm
2020-11-21 16:45:00,0.5348,0.4288963,lstm
2020-11-21 16:45:00,0.4638,0.3398453,lstm
2020-11-21 16:45:00,0.352,0.25664222,lstm
2020-11-21 17:00:00,0.5348,0.4527376,lstm
2020-11-21 17:00:00,0.4638,0.3453431,lstm
2020-11-21 17:00:00,0.352,0.25026527,lstm
2020-11-21 17:00:00,0.1932,0.16740547,lstm
2020-11-21 17:15:00,0.4638,0.36508566,lstm
2020-11-21 17:15:00,0.352,0.26061386,lstm
2020-11-21 17:15:00,0.1932,0.16697885,lstm
2020-11-21 17:15:00,0.105,0.09678032,lstm
2020-11-21 17:30:00,0.352,0.28864518,lstm
2020-11-21 17:30:00,0.1932,0.19254734,lstm
2020-11-21 17:30:00,0.105,0.102722466,lstm
2020-11-21 17:30:00,0.0476,0.05192393,lstm
2020-11-21 17:45:00,0.1932,0.1822412,lstm
2020-11-21 17:45:00,0.105,0.10441982,lstm
2020-11-21 17:45:00,0.0476,0.03817554,lstm
2020-11-21 17:45:00,0.0069999993,0.016179278,lstm
2020-11-21 18:00:00,0.105,0.08782296,lstm
2020-11-21 18:00:00,0.0476,0.028058723,lstm
2020-11-21 18:00:00,0.0069999993,-0.004569769,lstm
2020-11-21 18:00:00,0.0,-0.0068173558,lstm
2020-11-21 18:15:00,0.0476,0.04397212,lstm
2020-11-21 18:15:00,0.0069999993,0.0033070296,lstm
2020-11-21 18:15:00,0.0,-0.01276058,lstm
2020-11-21 18:15:00,0.0,-0.01033546,lstm
2020-11-21 18:30:00,0.0069999993,0.024580523,lstm
2020-11-21 18:30:00,0.0,-0.0028113276,lstm
2020-11-21 18:30:00,0.0,-0.01100485,lstm
2020-11-21 18:30:00,0.0,-0.007869005,lstm
2020-11-21 18:45:00,0.0,0.0138307065,lstm
2020-11-21 18:45:00,0.0,-0.004187539,lstm
2020-11-21 18:45:00,0.0,-0.007906184,lstm
2020-11-21 18:45:00,0.0,-0.0051335394,lstm
2020-11-21 19:00:00,0.0,0.006646216,lstm
2020-11-21 19:00:00,0.0,-0.0037959516,lstm
2020-11-21 19:00:00,0.0,-0.0048742443,lstm
2020-11-21 19:00:00,0.0,-0.0024638325,lstm
2020-11-21 19:15:00,0.0,0.0026076585,lstm
2020-11-21 19:15:00,0.0,-0.0036094338,lstm
2020-11-21 19:15:00,0.0,-0.0030510873,lstm
2020-11-21 19:15:00,0.0,-0.001077339,lstm
2020-11-21 19:30:00,0.0,0.00065895915,lstm
2020-11-21 19:30:00,0.0,-0.0035288185,lstm
2020-11-21 19:30:00,0.0,-0.002130404,lstm
2020-11-21 19:30:00,0.0,-0.00053453445,lstm
2020-11-21 19:45:00,0.0,-0.00029836595,lstm
2020-11-21 19:45:00,0.0,-0.0035933703,lstm
2020-11-21 19:45:00,0.0,-0.0018262118,lstm
2020-11-21 19:45:00,0.0,-0.00032138824,lstm
2020-11-21 20:00:00,0.0,-0.0008030236,lstm
2020-11-21 20:00:00,0.0,-0.0036147535,lstm
2020-11-21 20:00:00,0.0,-0.0016702414,lstm
2020-11-21 20:00:00,0.0,-0.00016148388,lstm
2020-11-21 20:15:00,0.0,-0.0010635108,lstm
2020-11-21 20:15:00,0.0,-0.0036090463,lstm
2020-11-21 20:15:00,0.0,-0.0015797913,lstm
2020-11-21 20:15:00,0.0,-5.4731965e-05,lstm
2020-11-21 20:30:00,0.0,-0.0012016147,lstm
2020-11-21 20:30:00,0.0,-0.0036025047,lstm
2020-11-21 20:30:00,0.0,-0.0015351623,lstm
2020-11-21 20:30:00,0.0,6.9886446e-06,lstm
2020-11-21 20:45:00,0.0,-0.0013502538,lstm
2020-11-21 20:45:00,0.0,-0.0037122816,lstm
2020-11-21 20:45:00,0.0,-0.0016854703,lstm
2020-11-21 20:45:00,0.0,-1.3485551e-05,lstm
2020-11-21 21:00:00,0.0,-0.0014362633,lstm
2020-11-21 21:00:00,0.0,-0.0037168711,lstm
2020-11-21 21:00:00,0.0,-0.0016931146,lstm
2020-11-21 21:00:00,0.0,5.608797e-05,lstm
2020-11-21 21:15:00,0.0,-0.001486212,lstm
2020-11-21 21:15:00,0.0,-0.0037023872,lstm
2020-11-21 21:15:00,0.0,-0.0016817749,lstm
2020-11-21 21:15:00,0.0,0.000107079744,lstm
2020-11-21 21:30:00,0.0,-0.0015146285,lstm
2020-11-21 21:30:00,0.0,-0.0036889017,lstm
2020-11-21 21:30:00,0.0,-0.0016698986,lstm
2020-11-21 21:30:00,0.0,0.00014355779,lstm
2020-11-21 21:45:00,0.0,-0.001630351,lstm
2020-11-21 21:45:00,0.0,-0.0038042217,lstm
2020-11-21 21:45:00,0.0,-0.0018415153,lstm
2020-11-21 21:45:00,0.0,9.5799565e-05,lstm
2020-11-21 22:00:00,0.0,-0.001658693,lstm
2020-11-21 22:00:00,0.0,-0.0037791133,lstm
2020-11-21 22:00:00,0.0,-0.0018287152,lstm
2020-11-21 22:00:00,0.0,0.00016522408,lstm
2020-11-21 22:15:00,0.0,-0.001682803,lstm
2020-11-21 22:15:00,0.0,-0.0037562102,lstm
2020-11-21 22:15:00,0.0,-0.0018009096,lstm
2020-11-21 22:15:00,0.0,0.00021834671,lstm
2020-11-21 22:30:00,0.0,-0.0016938001,lstm
2020-11-21 22:30:00,0.0,-0.0037300885,lstm
2020-11-21 22:30:00,0.0,-0.0017816275,lstm
2020-11-21 22:30:00,0.0,0.00025607646,lstm
2020-11-21 22:45:00,0.0,-0.0018078089,lstm
2020-11-21 22:45:00,0.0,-0.0038182884,lstm
2020-11-21 22:45:00,0.0,-0.0019355267,lstm
2020-11-21 22:45:00,0.0,0.00021204352,lstm
2020-11-21 23:00:00,0.0,-0.001808703,lstm
2020-11-21 23:00:00,0.0,-0.0037677586,lstm
2020-11-21 23:00:00,0.0,-0.0019012243,lstm
2020-11-21 23:00:00,0.0,0.0002834201,lstm
2020-11-21 23:15:00,0.0,-0.0018049926,lstm
2020-11-21 23:15:00,0.0,-0.0037296116,lstm
2020-11-21 23:15:00,0.0,-0.0018705577,lstm
2020-11-21 23:15:00,0.0,0.0003311634,lstm
2020-11-21 23:30:00,0.0,-0.0017926097,lstm
2020-11-21 23:30:00,0.0,-0.0036939979,lstm
2020-11-21 23:30:00,0.0,-0.0018528253,lstm
2020-11-21 23:30:00,0.0,0.00036533177,lstm
2020-11-21 23:45:00,0.0,-0.0018868446,lstm
2020-11-21 23:45:00,0.0,-0.0037545264,lstm
2020-11-21 23:45:00,0.0,-0.0019926429,lstm
2020-11-21 23:45:00,0.0,0.00031250715,lstm
2020-11-22 00:00:00,0.0,-0.0018724054,lstm
2020-11-22 00:00:00,0.0,-0.003694281,lstm
2020-11-22 00:00:00,0.0,-0.0019367039,lstm
2020-11-22 00:00:00,0.0,0.00037114322,lstm
2020-11-22 00:15:00,0.0,-0.0018573999,lstm
2020-11-22 00:15:00,0.0,-0.0036630929,lstm
2020-11-22 00:15:00,0.0,-0.001917854,lstm
2020-11-22 00:15:00,0.0,0.0003861934,lstm
2020-11-22 00:30:00,0.0,-0.0018533617,lstm
2020-11-22 00:30:00,0.0,-0.0036475211,lstm
2020-11-22 00:30:00,0.0,-0.0019057244,lstm
2020-11-22 00:30:00,0.0,0.00040137768,lstm
2020-11-22 00:45:00,0.0,-0.0019304305,lstm
2020-11-22 00:45:00,0.0,-0.0036979616,lstm
2020-11-22 00:45:00,0.0,-0.0020288378,lstm
2020-11-22 00:45:00,0.0,0.00032804906,lstm
2020-11-22 01:00:00,0.0,-0.0019026995,lstm
2020-11-22 01:00:00,0.0,-0.0036484748,lstm
2020-11-22 01:00:00,0.0,-0.0019897968,lstm
2020-11-22 01:00:00,0.0,0.0003489703,lstm
2020-11-22 01:15:00,0.0,-0.0018927753,lstm
2020-11-22 01:15:00,0.0,-0.003634259,lstm
2020-11-22 01:15:00,0.0,-0.0019721687,lstm
2020-11-22 01:15:00,0.0,0.00035013258,lstm
2020-11-22 01:30:00,0.0,-0.0018861741,lstm
2020-11-22 01:30:00,0.0,-0.0036244094,lstm
2020-11-22 01:30:00,0.0,-0.0019610077,lstm
2020-11-22 01:30:00,0.0,0.00034867227,lstm
2020-11-22 01:45:00,0.0,-0.0019609332,lstm
2020-11-22 01:45:00,0.0,-0.0036822706,lstm
2020-11-22 01:45:00,0.0,-0.0020790994,lstm
2020-11-22 01:45:00,0.0,0.00024440885,lstm
2020-11-22 02:00:00,0.0,-0.0019424707,lstm
2020-11-22 02:00:00,0.0,-0.0036527514,lstm
2020-11-22 02:00:00,0.0,-0.0020516366,lstm
2020-11-22 02:00:00,0.0,0.00023040175,lstm
2020-11-22 02:15:00,0.0,-0.0019261241,lstm
2020-11-22 02:15:00,0.0,-0.0036534965,lstm
2020-11-22 02:15:00,0.0,-0.002049461,lstm
2020-11-22 02:15:00,0.0,0.000201419,lstm
2020-11-22 02:30:00,0.0,-0.0019122362,lstm
2020-11-22 02:30:00,0.0,-0.0036599338,lstm
2020-11-22 02:30:00,0.0,-0.002054274,lstm
2020-11-22 02:30:00,0.0,0.00017610192,lstm
2020-11-22 02:45:00,0.0,-0.0019532144,lstm
2020-11-22 02:45:00,0.0,-0.0037056506,lstm
2020-11-22 02:45:00,0.0,-0.002164051,lstm
2020-11-22 02:45:00,0.0,5.288422e-05,lstm
2020-11-22 03:00:00,0.0,-0.0019176006,lstm
2020-11-22 03:00:00,0.0,-0.0036953837,lstm
2020-11-22 03:00:00,0.0,-0.002168268,lstm
2020-11-22 03:00:00,0.0,-1.6838312e-06,lstm
2020-11-22 03:15:00,0.0,-0.0018865615,lstm
2020-11-22 03:15:00,0.0,-0.0037100464,lstm
2020-11-22 03:15:00,0.0,-0.0021812022,lstm
2020-11-22 03:15:00,0.0,-4.941225e-05,lstm
2020-11-22 03:30:00,0.0,-0.0018714964,lstm
2020-11-22 03:30:00,0.0,-0.0037226677,lstm
2020-11-22 03:30:00,0.0,-0.0021802932,lstm
2020-11-22 03:30:00,0.0,-7.630885e-05,lstm
2020-11-22 03:45:00,0.0,-0.0019153953,lstm
2020-11-22 03:45:00,0.0,-0.0037742257,lstm
2020-11-22 03:45:00,0.0,-0.0022630394,lstm
2020-11-22 03:45:00,0.0,-0.0002014488,lstm
2020-11-22 04:00:00,0.0,-0.0019084066,lstm
2020-11-22 04:00:00,0.0,-0.0038064122,lstm
2020-11-22 04:00:00,0.0,-0.002270043,lstm
2020-11-22 04:00:00,0.0,-0.0002862513,lstm
2020-11-22 04:15:00,0.0,-0.0018858761,lstm
2020-11-22 04:15:00,0.0,-0.0038541108,lstm
2020-11-22 04:15:00,0.0,-0.0023179054,lstm
2020-11-22 04:15:00,0.0,-0.00038285553,lstm
2020-11-22 04:30:00,0.0,-0.0018606335,lstm
2020-11-22 04:30:00,0.0,-0.003894046,lstm
2020-11-22 04:30:00,0.0,-0.002363488,lstm
2020-11-22 04:30:00,0.0,-0.0004515648,lstm
2020-11-22 04:45:00,0.0,-0.0018779635,lstm
2020-11-22 04:45:00,0.0,-0.003951639,lstm
2020-11-22 04:45:00,0.0,-0.0024574846,lstm
2020-11-22 04:45:00,0.0,-0.0005824566,lstm
2020-11-22 05:00:00,0.0,-0.0018810183,lstm
2020-11-22 05:00:00,0.0,-0.0040174127,lstm
2020-11-22 05:00:00,0.0,-0.0024791062,lstm
2020-11-22 05:00:00,0.0,-0.0006676465,lstm
2020-11-22 05:15:00,0.0,-0.0018485636,lstm
2020-11-22 05:15:00,0.0,-0.00408262,lstm
2020-11-22 05:15:00,0.0,-0.0025480688,lstm
2020-11-22 05:15:00,0.0,-0.0007708818,lstm
2020-11-22 05:30:00,0.0,-0.0017494261,lstm
2020-11-22 05:30:00,0.0,-0.004116714,lstm
2020-11-22 05:30:00,0.0,-0.0026521534,lstm
2020-11-22 05:30:00,0.0,-0.0008636862,lstm
2020-11-22 05:45:00,0.0,-0.0017091185,lstm
2020-11-22 05:45:00,0.0,-0.0041479617,lstm
2020-11-22 05:45:00,0.0,-0.0027365237,lstm
2020-11-22 05:45:00,0.0,-0.0009211004,lstm
2020-11-22 06:00:00,0.0,-0.0016682148,lstm
2020-11-22 06:00:00,0.0,-0.0042057037,lstm
2020-11-22 06:00:00,0.0,-0.0027913004,lstm
2020-11-22 06:00:00,0.0,-0.0009634644,lstm
2020-11-22 06:15:00,0.0,-0.0016305745,lstm
2020-11-22 06:15:00,0.0,-0.004267335,lstm
2020-11-22 06:15:00,0.0,-0.002839297,lstm
2020-11-22 06:15:00,0.0,-0.000976339,lstm
2020-11-22 06:30:00,0.0,-0.0015836656,lstm
2020-11-22 06:30:00,0.0,-0.0043289065,lstm
2020-11-22 06:30:00,0.0,-0.0029088855,lstm
2020-11-22 06:30:00,0.0,-0.0009946376,lstm
2020-11-22 06:45:00,0.0,-0.0015785396,lstm
2020-11-22 06:45:00,0.0,-0.004370287,lstm
2020-11-22 06:45:00,0.0,-0.0029376,lstm
2020-11-22 06:45:00,0.0,-0.0009430647,lstm
2020-11-22 07:00:00,0.0,-0.0015776455,lstm
2020-11-22 07:00:00,0.0,-0.004480809,lstm
2020-11-22 07:00:00,0.0,-0.0029893517,lstm
2020-11-22 07:00:00,0.0,-0.0008918345,lstm
2020-11-22 07:15:00,0.0,-0.0015221685,lstm
2020-11-22 07:15:00,0.0,-0.004593,lstm
2020-11-22 07:15:00,0.0,-0.0030624121,lstm
2020-11-22 07:15:00,0.0,-0.0008227378,lstm
2020-11-22 07:30:00,0.0,-0.0014276356,lstm
2020-11-22 07:30:00,0.0,-0.00470227,lstm
2020-11-22 07:30:00,0.0,-0.0031331927,lstm
2020-11-22 07:30:00,0.0,-0.0007394701,lstm
2020-11-22 07:45:00,0.0,-0.0013442338,lstm
2020-11-22 07:45:00,0.0,-0.0047402233,lstm
2020-11-22 07:45:00,0.0,-0.003081113,lstm
2020-11-22 07:45:00,0.0,-0.00045642257,lstm
2020-11-22 08:00:00,0.0,-0.00127168,lstm
2020-11-22 08:00:00,0.0,-0.004876256,lstm
2020-11-22 08:00:00,0.0,-0.00305669,lstm
2020-11-22 08:00:00,0.0,-0.00012023747,lstm
2020-11-22 08:15:00,0.0,-0.0011410713,lstm
2020-11-22 08:15:00,0.0,-0.005037561,lstm
2020-11-22 08:15:00,0.0,-0.002986014,lstm
2020-11-22 08:15:00,0.0,0.00040493906,lstm
2020-11-22 08:30:00,0.0,-0.0009124428,lstm
2020-11-22 08:30:00,0.0,-0.0052320957,lstm
2020-11-22 08:30:00,0.0,-0.0027792156,lstm
2020-11-22 08:30:00,0.0038000047,0.0013812035,lstm
2020-11-22 08:45:00,0.0,-0.00059841573,lstm
2020-11-22 08:45:00,0.0,-0.005251184,lstm
2020-11-22 08:45:00,0.0038000047,-0.0020183176,lstm
2020-11-22 08:45:00,0.035799995,0.0037161857,lstm
2020-11-22 09:00:00,0.0,-0.000178352,lstm
2020-11-22 09:00:00,0.0038000047,-0.0048727393,lstm
2020-11-22 09:00:00,0.035799995,0.0007843077,lstm
2020-11-22 09:00:00,0.1024,0.011439815,lstm
2020-11-22 09:15:00,0.0038000047,2.3573637e-05,lstm
2020-11-22 09:15:00,0.03580001,0.0011236817,lstm
2020-11-22 09:15:00,0.1024,0.017334417,lstm
2020-11-22 09:15:00,0.1668,0.047758296,lstm
2020-11-22 09:30:00,0.035799995,0.003000483,lstm
2020-11-22 09:30:00,0.1024,0.026218757,lstm
2020-11-22 09:30:00,0.1668,0.07129828,lstm
2020-11-22 09:30:00,0.327,0.14072913,lstm
2020-11-22 09:45:00,0.1024,0.08398422,lstm
2020-11-22 09:45:00,0.1668,0.1389342,lstm
2020-11-22 09:45:00,0.327,0.22922647,lstm
2020-11-22 09:45:00,0.4518,0.322098,lstm
2020-11-22 10:00:00,0.1668,0.20283987,lstm
2020-11-22 10:00:00,0.327,0.2922169,lstm
2020-11-22 10:00:00,0.4518,0.40620565,lstm
2020-11-22 10:00:00,0.5262,0.4941224,lstm
2020-11-22 10:15:00,0.327,0.2844585,lstm
2020-11-22 10:15:00,0.4518,0.3811165,lstm
2020-11-22 10:15:00,0.5262,0.47521245,lstm
2020-11-22 10:15:00,0.5874,0.550526,lstm
2020-11-22 10:30:00,0.4518,0.3875482,lstm
2020-11-22 10:30:00,0.5262,0.46532464,lstm
2020-11-22 10:30:00,0.5874,0.53323054,lstm
2020-11-22 10:30:00,0.6352,0.6079154,lstm
2020-11-22 10:45:00,0.5262,0.47796735,lstm
2020-11-22 10:45:00,0.5874,0.5405116,lstm
2020-11-22 10:45:00,0.6352,0.60464764,lstm
2020-11-22 10:45:00,0.6812,0.66066283,lstm
2020-11-22 11:00:00,0.5874,0.54517066,lstm
2020-11-22 11:00:00,0.6352,0.5924022,lstm
2020-11-22 11:00:00,0.6812,0.65060955,lstm
2020-11-22 11:00:00,0.7214,0.6818704,lstm
2020-11-22 11:15:00,0.6352,0.6008339,lstm
2020-11-22 11:15:00,0.6812,0.6327039,lstm
2020-11-22 11:15:00,0.7214,0.6792379,lstm
2020-11-22 11:15:00,0.7592,0.6976098,lstm
2020-11-22 11:30:00,0.6812,0.6377032,lstm
2020-11-22 11:30:00,0.7214,0.66027164,lstm
2020-11-22 11:30:00,0.7592,0.69520146,lstm
2020-11-22 11:30:00,0.791,0.7119636,lstm
2020-11-22 11:45:00,0.7214,0.6703979,lstm
2020-11-22 11:45:00,0.7592,0.6866536,lstm
2020-11-22 11:45:00,0.791,0.7130146,lstm
2020-11-22 11:45:00,0.8108,0.7316918,lstm
2020-11-22 12:00:00,0.7592,0.69366693,lstm
2020-11-22 12:00:00,0.791,0.70678735,lstm
2020-11-22 12:00:00,0.8108,0.72571677,lstm
2020-11-22 12:00:00,0.8386,0.7450094,lstm
2020-11-22 12:15:00,0.791,0.71427536,lstm
2020-11-22 12:15:00,0.81079996,0.7251427,lstm
2020-11-22 12:15:00,0.8386,0.73871,lstm
2020-11-22 12:15:00,0.8648,0.75794554,lstm
2020-11-22 12:30:00,0.8108,0.72927696,lstm
2020-11-22 12:30:00,0.8385999,0.73788345,lstm
2020-11-22 12:30:00,0.8648,0.7470234,lstm
2020-11-22 12:30:00,0.8802,0.7650085,lstm
2020-11-22 12:45:00,0.8386,0.7347723,lstm
2020-11-22 12:45:00,0.8648,0.73858905,lstm
2020-11-22 12:45:00,0.8802,0.7428019,lstm
2020-11-22 12:45:00,0.8852,0.75719935,lstm
2020-11-22 13:00:00,0.8648,0.76215255,lstm
2020-11-22 13:00:00,0.8802,0.7635039,lstm
2020-11-22 13:00:00,0.8852,0.7685044,lstm
2020-11-22 13:00:00,0.8882,0.7841421,lstm
2020-11-22 13:15:00,0.88019997,0.7876937,lstm
2020-11-22 13:15:00,0.8852,0.788712,lstm
2020-11-22 13:15:00,0.8882,0.7936404,lstm
2020-11-22 13:15:00,0.8502,0.8098797,lstm
2020-11-22 13:30:00,0.8852,0.80260426,lstm
2020-11-22 13:30:00,0.8881999,0.80149794,lstm
2020-11-22 13:30:00,0.8502,0.805172,lstm
2020-11-22 13:30:00,0.6506,0.8197954,lstm
2020-11-22 13:45:00,0.8882,0.8075484,lstm
2020-11-22 13:45:00,0.85019994,0.8040048,lstm
2020-11-22 13:45:00,0.6506,0.8053691,lstm
2020-11-22 13:45:00,0.3742,0.8175602,lstm
2020-11-22 14:00:00,0.8502,0.81307316,lstm
2020-11-22 14:00:00,0.6506,0.80759954,lstm
2020-11-22 14:00:00,0.3742,0.8073656,lstm
2020-11-22 14:00:00,0.40779996,0.8176121,lstm
2020-11-22 14:15:00,0.6506,0.7579894,lstm
2020-11-22 14:15:00,0.3742,0.7460568,lstm
2020-11-22 14:15:00,0.4078,0.7376839,lstm
2020-11-22 14:15:00,0.46500003,0.7369231,lstm
2020-11-22 14:30:00,0.3742,0.5444968,lstm
2020-11-22 14:30:00,0.4078,0.5667074,lstm
2020-11-22 14:30:00,0.46500003,0.55125785,lstm
2020-11-22 14:30:00,0.7596,0.5471659,lstm
2020-11-22 14:45:00,0.4078,0.37415558,lstm
2020-11-22 14:45:00,0.465,0.41899097,lstm
2020-11-22 14:45:00,0.7596,0.41827732,lstm
2020-11-22 14:45:00,0.79020005,0.43661702,lstm
2020-11-22 15:00:00,0.465,0.43126822,lstm
2020-11-22 15:00:00,0.7595999,0.45448765,lstm
2020-11-22 15:00:00,0.7902,0.47900897,lstm
2020-11-22 15:00:00,0.7508,0.5049328,lstm
2020-11-22 15:15:00,0.7596,0.52746195,lstm
2020-11-22 15:15:00,0.7902,0.54455614,lstm
2020-11-22 15:15:00,0.7508,0.5558512,lstm
2020-11-22 15:15:00,0.7036,0.5785767,lstm
2020-11-22 15:30:00,0.7902,0.72242033,lstm
2020-11-22 15:30:00,0.7508,0.70346963,lstm
2020-11-22 15:30:00,0.7036,0.68512076,lstm
2020-11-22 15:30:00,0.6626,0.68443483,lstm
2020-11-22 15:45:00,0.7508,0.7058501,lstm
2020-11-22 15:45:00,0.70359993,0.67856383,lstm
2020-11-22 15:45:00,0.6626,0.64677453,lstm
2020-11-22 15:45:00,0.618,0.6274001,lstm
2020-11-22 16:00:00,0.7036,0.6233525,lstm
2020-11-22 16:00:00,0.6626,0.5848924,lstm
2020-11-22 16:00:00,0.618,0.5389783,lstm
2020-11-22 16:00:00,0.5644,0.49571753,lstm
2020-11-22 16:15:00,0.6626,0.5499577,lstm
2020-11-22 16:15:00,0.618,0.5008295,lstm
2020-11-22 16:15:00,0.5644,0.44206297,lstm
2020-11-22 16:15:00,0.5062,0.39031625,lstm
2020-11-22 16:30:00,0.61800003,0.50705284,lstm
2020-11-22 16:30:00,0.5644,0.4403917,lstm
2020-11-22 16:30:00,0.5062,0.37398535,lstm
2020-11-22 16:30:00,0.4306,0.31210577,lstm
2020-11-22 16:45:00,0.5644,0.46962044,lstm
2020-11-22 16:45:00,0.5062,0.38358098,lstm
2020-11-22 16:45:00,0.4306,0.30914456,lstm
2020-11-22 16:45:00,0.316,0.23536131,lstm
2020-11-22 17:00:00,0.50619996,0.41972157,lstm
2020-11-22 17:00:00,0.4306,0.31666702,lstm
2020-11-22 17:00:00,0.316,0.23249261,lstm
2020-11-22 17:00:00,0.169,0.15475512,lstm
2020-11-22 17:15:00,0.4306,0.36031646,lstm
2020-11-22 17:15:00,0.316,0.25122544,lstm
2020-11-22 17:15:00,0.169,0.16170208,lstm
2020-11-22 17:15:00,0.0886,0.091815606,lstm
2020-11-22 17:30:00,0.316,0.2873064,lstm
2020-11-22 17:30:00,0.169,0.18309133,lstm
2020-11-22 17:30:00,0.0886,0.09898829,lstm
2020-11-22 17:30:00,0.038000003,0.046750426,lstm
2020-11-22 17:45:00,0.169,0.18845633,lstm
2020-11-22 17:45:00,0.0886,0.09975564,lstm
2020-11-22 17:45:00,0.037999988,0.03937252,lstm
2020-11-22 17:45:00,0.0038000047,0.0137835145,lstm
2020-11-22 18:00:00,0.0886,0.09599635,lstm
2020-11-22 18:00:00,0.038000003,0.033224225,lstm
2020-11-22 18:00:00,0.0038000047,-0.00057548285,lstm
2020-11-22 18:00:00,0.0,-0.003504917,lstm
2020-11-22 18:15:00,0.038000003,0.048524782,lstm
2020-11-22 18:15:00,0.0038000047,0.0072519034,lstm
2020-11-22 18:15:00,0.0,-0.01039511,lstm
2020-11-22 18:15:00,0.0,-0.007632911,lstm
2020-11-22 18:30:00,0.0038000047,0.026142254,lstm
2020-11-22 18:30:00,0.0,-0.0008839518,lstm
2020-11-22 18:30:00,0.0,-0.009645373,lstm
2020-11-22 18:30:00,0.0,-0.0060041696,lstm
2020-11-22 18:45:00,0.0,0.014850095,lstm
2020-11-22 18:45:00,0.0,-0.0027976632,lstm
2020-11-22 18:45:00,0.0,-0.00677979,lstm
2020-11-22 18:45:00,0.0,-0.0037777126,lstm
2020-11-22 19:00:00,0.0,0.0064694285,lstm
2020-11-22 19:00:00,0.0,-0.0034200698,lstm
2020-11-22 19:00:00,0.0,-0.0043587983,lstm
2020-11-22 19:00:00,0.0,-0.0018109083,lstm
2020-11-22 19:15:00,0.0,0.0022794008,lstm
2020-11-22 19:15:00,0.0,-0.0035911351,lstm
2020-11-22 19:15:00,0.0,-0.002905652,lstm
2020-11-22 19:15:00,0.0,-0.0008186102,lstm
2020-11-22 19:30:00,0.0,0.00040876865,lstm
2020-11-22 19:30:00,0.0,-0.0036117882,lstm
2020-11-22 19:30:00,0.0,-0.002101332,lstm
2020-11-22 19:30:00,0.0,-0.00038471818,lstm
2020-11-22 19:45:00,0.0,-0.0005156547,lstm
2020-11-22 19:45:00,0.0,-0.0036987662,lstm
2020-11-22 19:45:00,0.0,-0.0018337071,lstm
2020-11-22 19:45:00,0.0,-0.00018772483,lstm
2020-11-22 20:00:00,0.0,-0.0009596795,lstm
2020-11-22 20:00:00,0.0,-0.0037308484,lstm
2020-11-22 20:00:00,0.0,-0.0017173141,lstm
2020-11-22 20:00:00,0.0,-5.4627657e-05,lstm
2020-11-22 20:15:00,0.0,-0.0011844486,lstm
2020-11-22 20:15:00,0.0,-0.0037340522,lstm
2020-11-22 20:15:00,0.0,-0.0016647428,lstm
2020-11-22 20:15:00,0.0,2.8774142e-05,lstm
2020-11-22 20:30:00,0.0,-0.0013032705,lstm
2020-11-22 20:30:00,0.0,-0.0037243962,lstm
2020-11-22 20:30:00,0.0,-0.0016294718,lstm
2020-11-22 20:30:00,0.0,9.7066164e-05,lstm
2020-11-22 20:45:00,0.0,-0.0014369637,lstm
2020-11-22 20:45:00,0.0,-0.0038166642,lstm
2020-11-22 20:45:00,0.0,-0.001742214,lstm
2020-11-22 20:45:00,0.0,9.547174e-05,lstm
2020-11-22 21:00:00,0.0,-0.00151968,lstm
2020-11-22 21:00:00,0.0,-0.003826961,lstm
2020-11-22 21:00:00,0.0,-0.0017609745,lstm
2020-11-22 21:00:00,0.0,0.00014966726,lstm
2020-11-22 21:15:00,0.0,-0.0015671998,lstm
2020-11-22 21:15:00,0.0,-0.0038126707,lstm
2020-11-22 21:15:00,0.0,-0.001748085,lstm
2020-11-22 21:15:00,0.0,0.0002052337,lstm
2020-11-22 21:30:00,0.0,-0.0015871972,lstm
2020-11-22 21:30:00,0.0,-0.003791675,lstm
2020-11-22 21:30:00,0.0,-0.0017340332,lstm
2020-11-22 21:30:00,0.0,0.00024582446,lstm
2020-11-22 21:45:00,0.0,-0.0016798079,lstm
2020-11-22 21:45:00,0.0,-0.0038727373,lstm
2020-11-22 21:45:00,0.0,-0.0018669367,lstm
2020-11-22 21:45:00,0.0,0.00022025406,lstm
2020-11-22 22:00:00,0.0,-0.0017180592,lstm
2020-11-22 22:00:00,0.0,-0.0038585812,lstm
2020-11-22 22:00:00,0.0,-0.0018503517,lstm
2020-11-22 22:00:00,0.0,0.00028051436,lstm
2020-11-22 22:15:00,0.0,-0.0017336756,lstm
2020-11-22 22:15:00,0.0,-0.0038315356,lstm
2020-11-22 22:15:00,0.0,-0.0018290579,lstm
2020-11-22 22:15:00,0.0,0.00032393634,lstm
2020-11-22 22:30:00,0.0,-0.0017426908,lstm
2020-11-22 22:30:00,0.0,-0.0038090497,lstm
2020-11-22 22:30:00,0.0,-0.0018084496,lstm
2020-11-22 22:30:00,0.0,0.0003606528,lstm
2020-11-22 22:45:00,0.0,-0.0018309653,lstm
2020-11-22 22:45:00,0.0,-0.0038690418,lstm
2020-11-22 22:45:00,0.0,-0.0019391775,lstm
2020-11-22 22:45:00,0.0,0.000324741,lstm
2020-11-22 23:00:00,0.0,-0.0018362999,lstm
2020-11-22 23:00:00,0.0,-0.003823951,lstm
2020-11-22 23:00:00,0.0,-0.0019069314,lstm
2020-11-22 23:00:00,0.0,0.00038991868,lstm
2020-11-22 23:15:00,0.0,-0.0018371195,lstm
2020-11-22 23:15:00,0.0,-0.0037911832,lstm
2020-11-22 23:15:00,0.0,-0.0018790811,lstm
2020-11-22 23:15:00,0.0,0.0004324466,lstm
2020-11-22 23:30:00,0.0,-0.0018322617,lstm
2020-11-22 23:30:00,0.0,-0.003763467,lstm
2020-11-22 23:30:00,0.0,-0.0018559694,lstm
2020-11-22 23:30:00,0.0,0.00046487153,lstm
2020-11-22 23:45:00,0.0,-0.0019081086,lstm
2020-11-22 23:45:00,0.0,-0.0038071722,lstm
2020-11-22 23:45:00,0.0,-0.0019790232,lstm
2020-11-22 23:45:00,0.0,0.00041668117,lstm
2020-11-23 00:00:00,0.0,-0.0018941462,lstm
2020-11-23 00:00:00,0.0,-0.0037493557,lstm
2020-11-23 00:00:00,0.0,-0.0019376576,lstm
2020-11-23 00:00:00,0.0,0.00047113,lstm
2020-11-23 00:15:00,0.0,-0.0018846691,lstm
2020-11-23 00:15:00,0.0,-0.0037182868,lstm
2020-11-23 00:15:00,0.0,-0.001903221,lstm
2020-11-23 00:15:00,0.0,0.0005041659,lstm
2020-11-23 00:30:00,0.0,-0.0018796623,lstm
2020-11-23 00:30:00,0.0,-0.0037000328,lstm
2020-11-23 00:30:00,0.0,-0.0018851012,lstm
2020-11-23 00:30:00,0.0,0.0005194247,lstm
2020-11-23 00:45:00,0.0,-0.0019212067,lstm
2020-11-23 00:45:00,0.0,-0.0037201345,lstm
2020-11-23 00:45:00,0.0,-0.001989916,lstm
2020-11-23 00:45:00,0.0,0.0004554242,lstm
2020-11-23 01:00:00,0.0,-0.0018802881,lstm
2020-11-23 01:00:00,0.0,-0.0036628991,lstm
2020-11-23 01:00:00,0.0,-0.0019530058,lstm
2020-11-23 01:00:00,0.0,0.00048157573,lstm
2020-11-23 01:15:00,0.0,-0.0018525124,lstm
2020-11-23 01:15:00,0.0,-0.0036400408,lstm
2020-11-23 01:15:00,0.0,-0.0019313097,lstm
2020-11-23 01:15:00,0.0,0.00049094856,lstm
2020-11-23 01:30:00,0.0,-0.0018132031,lstm
2020-11-23 01:30:00,0.0,-0.0036090314,lstm
2020-11-23 01:30:00,0.0,-0.0019264519,lstm
2020-11-23 01:30:00,0.0,0.00048853457,lstm
2020-11-23 01:45:00,0.0,-0.0018357784,lstm
2020-11-23 01:45:00,0.0,-0.003619939,lstm
2020-11-23 01:45:00,0.0,-0.002015546,lstm
2020-11-23 01:45:00,0.0,0.0004183054,lstm
2020-11-23 02:00:00,0.0,-0.0017924607,lstm
2020-11-23 02:00:00,0.0,-0.0035654604,lstm
2020-11-23 02:00:00,0.0,-0.0019675344,lstm
2020-11-23 02:00:00,0.0,0.00043086708,lstm
2020-11-23 02:15:00,0.0,-0.0017693192,lstm
2020-11-23 02:15:00,0.0,-0.0035527796,lstm
2020-11-23 02:15:00,0.0,-0.0019397885,lstm
2020-11-23 02:15:00,0.0,0.00043052435,lstm
2020-11-23 02:30:00,0.0,-0.0017449856,lstm
2020-11-23 02:30:00,0.0,-0.0035416782,lstm
2020-11-23 02:30:00,0.0,-0.0019482523,lstm
2020-11-23 02:30:00,0.0,0.00040635467,lstm
2020-11-23 02:45:00,0.0,-0.0017629862,lstm
2020-11-23 02:45:00,0.0,-0.003552124,lstm
2020-11-23 02:45:00,0.0,-0.0020180345,lstm
2020-11-23 02:45:00,0.0,0.0003296137,lstm
2020-11-23 03:00:00,0.0,-0.001723811,lstm
2020-11-23 03:00:00,0.0,-0.0035248846,lstm
2020-11-23 03:00:00,0.0,-0.0019928962,lstm
2020-11-23 03:00:00,0.0,0.0003052503,lstm
2020-11-23 03:15:00,0.0,-0.0016908646,lstm
2020-11-23 03:15:00,0.0,-0.0035285056,lstm
2020-11-23 03:15:00,0.0,-0.0020006448,lstm
2020-11-23 03:15:00,0.0,0.00026901066,lstm
2020-11-23 03:30:00,0.0,-0.0016647428,lstm
2020-11-23 03:30:00,0.0,-0.003532514,lstm
2020-11-23 03:30:00,0.0,-0.0020131022,lstm
2020-11-23 03:30:00,0.0,0.00024361908,lstm
2020-11-23 03:45:00,0.0,-0.0016785562,lstm
2020-11-23 03:45:00,0.0,-0.0035433173,lstm
2020-11-23 03:45:00,0.0,-0.0020631254,lstm
2020-11-23 03:45:00,0.0,0.00016909838,lstm
2020-11-23 04:00:00,0.0,-0.0016451925,lstm
2020-11-23 04:00:00,0.0,-0.003541872,lstm
2020-11-23 04:00:00,0.0,-0.0020660013,lstm
2020-11-23 04:00:00,0.0,0.000116184354,lstm
2020-11-23 04:15:00,0.0,-0.0016129613,lstm
2020-11-23 04:15:00,0.0,-0.003564462,lstm
2020-11-23 04:15:00,0.0,-0.0020893663,lstm
2020-11-23 04:15:00,0.0,6.651878e-05,lstm
2020-11-23 04:30:00,0.0,-0.0015795827,lstm
2020-11-23 04:30:00,0.0,-0.0035833567,lstm
2020-11-23 04:30:00,0.0,-0.002123937,lstm
2020-11-23 04:30:00,0.0,1.7940998e-05,lstm
2020-11-23 04:45:00,0.0,-0.0015847683,lstm
2020-11-23 04:45:00,0.0,-0.0036066324,lstm
2020-11-23 04:45:00,0.0,-0.002170369,lstm
2020-11-23 04:45:00,0.0,-5.9261918e-05,lstm
2020-11-23 05:00:00,0.0,-0.0015565604,lstm
2020-11-23 05:00:00,0.0,-0.0036388338,lstm
2020-11-23 05:00:00,0.0,-0.0021972954,lstm
2020-11-23 05:00:00,0.0,-0.00012806058,lstm
2020-11-23 05:15:00,0.0,-0.0015138388,lstm
2020-11-23 05:15:00,0.0,-0.0036838055,lstm
2020-11-23 05:15:00,0.0,-0.0022496432,lstm
2020-11-23 05:15:00,0.0,-0.00019365549,lstm
2020-11-23 05:30:00,0.0,-0.0014852285,lstm
2020-11-23 05:30:00,0.0,-0.0037293434,lstm
2020-11-23 05:30:00,0.0,-0.0022902489,lstm
2020-11-23 05:30:00,0.0,-0.00023213029,lstm
2020-11-23 05:45:00,0.0,-0.0015019774,lstm
2020-11-23 05:45:00,0.0,-0.0037708133,lstm
2020-11-23 05:45:00,0.0,-0.002332002,lstm
2020-11-23 05:45:00,0.0,-0.00028173625,lstm
2020-11-23 06:00:00,0.0,-0.00147897,lstm
2020-11-23 06:00:00,0.0,-0.0038448721,lstm
2020-11-23 06:00:00,0.0,-0.00238432,lstm
2020-11-23 06:00:00,0.0,-0.00033521652,lstm
2020-11-23 06:15:00,0.0,-0.0014386773,lstm
2020-11-23 06:15:00,0.0,-0.0039182603,lstm
2020-11-23 06:15:00,0.0,-0.0024426877,lstm
2020-11-23 06:15:00,0.0,-0.00035971403,lstm
2020-11-23 06:30:00,0.0,-0.0013890862,lstm
2020-11-23 06:30:00,0.0,-0.0039853454,lstm
2020-11-23 06:30:00,0.0,-0.0024916828,lstm
2020-11-23 06:30:00,0.0,-0.00036877394,lstm
2020-11-23 06:45:00,0.0,-0.0013882518,lstm
2020-11-23 06:45:00,0.0,-0.0040333867,lstm
2020-11-23 06:45:00,0.0,-0.0024890155,lstm
2020-11-23 06:45:00,0.0,-0.0003052354,lstm
2020-11-23 07:00:00,0.0,-0.0013603717,lstm
2020-11-23 07:00:00,0.0,-0.004141107,lstm
2020-11-23 07:00:00,0.0,-0.002524376,lstm
2020-11-23 07:00:00,0.0,-0.00025507808,lstm
2020-11-23 07:15:00,0.0,-0.0012805611,lstm
2020-11-23 07:15:00,0.0,-0.0042349696,lstm
2020-11-23 07:15:00,0.0,-0.0025389642,lstm
2020-11-23 07:15:00,0.0,-0.00014843047,lstm
2020-11-23 07:30:00,0.0,-0.0011799484,lstm
2020-11-23 07:30:00,0.0,-0.004333809,lstm
2020-11-23 07:30:00,0.0,-0.0025583357,lstm
2020-11-23 07:30:00,0.0,-3.5226345e-05,lstm
2020-11-23 07:45:00,0.0,-0.0010733902,lstm
2020-11-23 07:45:00,0.0,-0.004374072,lstm
2020-11-23 07:45:00,0.0,-0.0024746507,lstm
2020-11-23 07:45:00,0.0,0.00025299191,lstm
2020-11-23 08:00:00,0.0,-0.00094757974,lstm
2020-11-23 08:00:00,0.0,-0.0044829994,lstm
2020-11-23 08:00:00,0.0,-0.0024026036,lstm
2020-11-23 08:00:00,0.0,0.00060895085,lstm
2020-11-23 08:15:00,0.0,-0.0007582158,lstm
2020-11-23 08:15:00,0.0,-0.0046042055,lstm
2020-11-23 08:15:00,0.0,-0.002303794,lstm
2020-11-23 08:15:00,0.0,0.0011130273,lstm
2020-11-23 08:30:00,0.0,-0.000494197,lstm
2020-11-23 08:30:00,0.0,-0.004731953,lstm
2020-11-23 08:30:00,0.0,-0.002096936,lstm
2020-11-23 08:30:00,0.00040002167,0.001964271,lstm
2020-11-23 08:45:00,0.0,-0.00014871359,lstm
2020-11-23 08:45:00,0.0,-0.0046679825,lstm
2020-11-23 08:45:00,0.00040000677,-0.0013935417,lstm
2020-11-23 08:45:00,0.009599999,0.00391908,lstm
2020-11-23 09:00:00,0.0,0.00034205616,lstm
2020-11-23 09:00:00,0.00040000677,-0.004275009,lstm
2020-11-23 09:00:00,0.009599999,0.00078466535,lstm
2020-11-23 09:00:00,0.0742,0.009609088,lstm
2020-11-23 09:15:00,0.00040000677,0.00093232095,lstm
2020-11-23 09:15:00,0.009599984,-0.00027254224,lstm
2020-11-23 09:15:00,0.0742,0.012167573,lstm
2020-11-23 09:15:00,0.138,0.034883842,lstm
2020-11-23 09:30:00,0.0096000135,0.0018513948,lstm
2020-11-23 09:30:00,0.0742,0.020014822,lstm
2020-11-23 09:30:00,0.138,0.056605235,lstm
2020-11-23 09:30:00,0.28,0.11563459,lstm
2020-11-23 09:45:00,0.0742,0.015448108,lstm
2020-11-23 09:45:00,0.138,0.048372313,lstm
2020-11-23 09:45:00,0.28,0.10763568,lstm
2020-11-23 09:45:00,0.41400003,0.18521975,lstm
2020-11-23 10:00:00,0.138,0.13832569,lstm
2020-11-23 10:00:00,0.28,0.21086478,lstm
2020-11-23 10:00:00,0.414,0.31472737,lstm
2020-11-23 10:00:00,0.48760003,0.40844923,lstm
2020-11-23 10:15:00,0.28,0.23129334,lstm
2020-11-23 10:15:00,0.414,0.3285833,lstm
2020-11-23 10:15:00,0.48759997,0.4311308,lstm
2020-11-23 10:15:00,0.5472,0.5151567,lstm
2020-11-23 10:30:00,0.414,0.35150942,lstm
2020-11-23 10:30:00,0.4876,0.4348016,lstm
2020-11-23 10:30:00,0.5472,0.5064578,lstm
2020-11-23 10:30:00,0.5984,0.5860877,lstm
2020-11-23 10:45:00,0.4876,0.45136037,lstm
2020-11-23 10:45:00,0.5472,0.5164616,lstm
2020-11-23 10:45:00,0.5984,0.57889646,lstm
2020-11-23 10:45:00,0.645,0.64002657,lstm
2020-11-23 11:00:00,0.5472,0.521573,lstm
2020-11-23 11:00:00,0.5984,0.57059354,lstm
2020-11-23 11:00:00,0.645,0.62630236,lstm
2020-11-23 11:00:00,0.687,0.6615315,lstm
2020-11-23 11:15:00,0.5984,0.57914305,lstm
2020-11-23 11:15:00,0.645,0.6131567,lstm
2020-11-23 11:15:00,0.687,0.65768766,lstm
2020-11-23 11:15:00,0.7214,0.6787761,lstm
2020-11-23 11:30:00,0.645,0.62130964,lstm
2020-11-23 11:30:00,0.687,0.64666474,lstm
2020-11-23 11:30:00,0.7214,0.68056357,lstm
2020-11-23 11:30:00,0.7518,0.6995196,lstm
2020-11-23 11:45:00,0.687,0.65535796,lstm
2020-11-23 11:45:00,0.7214,0.67596316,lstm
2020-11-23 11:45:00,0.7518,0.7013987,lstm
2020-11-23 11:45:00,0.7756,0.72175556,lstm
2020-11-23 12:00:00,0.7214,0.6805736,lstm
2020-11-23 12:00:00,0.75179994,0.698588,lstm
2020-11-23 12:00:00,0.7756,0.7172876,lstm
2020-11-23 12:00:00,0.79,0.7387373,lstm
2020-11-23 12:15:00,0.7518,0.6962922,lstm
2020-11-23 12:15:00,0.77559996,0.71176505,lstm
2020-11-23 12:15:00,0.79,0.7246847,lstm
2020-11-23 12:15:00,0.803,0.7452296,lstm
2020-11-23 12:30:00,0.77559996,0.7101522,lstm
2020-11-23 12:30:00,0.78999996,0.7220367,lstm
2020-11-23 12:30:00,0.803,0.7308709,lstm
2020-11-23 12:30:00,0.81259996,0.7498773,lstm
2020-11-23 12:45:00,0.79,0.72088665,lstm
2020-11-23 12:45:00,0.803,0.7283795,lstm
2020-11-23 12:45:00,0.8126,0.73359454,lstm
2020-11-23 12:45:00,0.8184,0.7500895,lstm
2020-11-23 13:00:00,0.803,0.72653174,lstm
2020-11-23 13:00:00,0.8126,0.728171,lstm
2020-11-23 13:00:00,0.8184,0.7301428,lstm
2020-11-23 13:00:00,0.8166,0.74288315,lstm
2020-11-23 13:15:00,0.8126,0.74218494,lstm
2020-11-23 13:15:00,0.8184,0.7386104,lstm
2020-11-23 13:15:00,0.8166,0.739771,lstm
2020-11-23 13:15:00,0.8376,0.75066465,lstm
2020-11-23 13:30:00,0.8184,0.7550726,lstm
2020-11-23 13:30:00,0.81659997,0.7489481,lstm
2020-11-23 13:30:00,0.8376,0.74950504,lstm
2020-11-23 13:30:00,0.8522,0.7593218,lstm
2020-11-23 13:45:00,0.8166,0.78645486,lstm
2020-11-23 13:45:00,0.8376,0.78206635,lstm
2020-11-23 13:45:00,0.8522,0.7830117,lstm
2020-11-23 13:45:00,0.8452,0.7935941,lstm
2020-11-23 14:00:00,0.8376,0.78609806,lstm
2020-11-23 14:00:00,0.8521999,0.7840289,lstm
2020-11-23 14:00:00,0.8452,0.7836142,lstm
2020-11-23 14:00:00,0.838,0.7928219,lstm
2020-11-23 14:15:00,0.8522,0.8157091,lstm
2020-11-23 14:15:00,0.84519994,0.8121036,lstm
2020-11-23 14:15:00,0.838,0.8144292,lstm
2020-11-23 14:15:00,0.823,0.8255594,lstm
2020-11-23 14:30:00,0.8452,0.8305484,lstm
2020-11-23 14:30:00,0.83799994,0.8273928,lstm
2020-11-23 14:30:00,0.823,0.83003956,lstm
2020-11-23 14:30:00,0.8006,0.83902574,lstm
2020-11-23 14:45:00,0.838,0.82745475,lstm
2020-11-23 14:45:00,0.82299995,0.8225199,lstm
2020-11-23 14:45:00,0.8006,0.8207206,lstm
2020-11-23 14:45:00,0.7746,0.82296634,lstm
2020-11-23 15:00:00,0.823,0.82294995,lstm
2020-11-23 15:00:00,0.80059993,0.8113495,lstm
2020-11-23 15:00:00,0.7746,0.8047574,lstm
2020-11-23 15:00:00,0.7416,0.8007473,lstm
2020-11-23 15:15:00,0.8006,0.80536544,lstm
2020-11-23 15:15:00,0.7746,0.78655994,lstm
2020-11-23 15:15:00,0.7416,0.77441657,lstm
2020-11-23 15:15:00,0.705,0.7618766,lstm
2020-11-23 15:30:00,0.7746,0.77798295,lstm
2020-11-23 15:30:00,0.7415999,0.74896383,lstm
2020-11-23 15:30:00,0.705,0.73101676,lstm
2020-11-23 15:30:00,0.664,0.70903736,lstm
2020-11-23 15:45:00,0.7416,0.745473,lstm
2020-11-23 15:45:00,0.7049999,0.7035513,lstm
2020-11-23 15:45:00,0.664,0.6789813,lstm
2020-11-23 15:45:00,0.6166,0.6474749,lstm
2020-11-23 16:00:00,0.705,0.69955117,lstm
2020-11-23 16:00:00,0.664,0.6496305,lstm
2020-11-23 16:00:00,0.6166,0.6165232,lstm
2020-11-23 16:00:00,0.5628,0.57786465,lstm
2020-11-23 16:15:00,0.664,0.6577646,lstm
2020-11-23 16:15:00,0.6166,0.6030988,lstm
2020-11-23 16:15:00,0.5628,0.55698943,lstm
2020-11-23 16:15:00,0.5036,0.51092654,lstm
2020-11-23 16:30:00,0.6166,0.6128964,lstm
2020-11-23 16:30:00,0.5628,0.55046004,lstm
2020-11-23 16:30:00,0.5036,0.49368346,lstm
2020-11-23 16:30:00,0.4262,0.43812305,lstm
2020-11-23 16:45:00,0.5628,0.55095327,lstm
2020-11-23 16:45:00,0.5036,0.46722648,lstm
2020-11-23 16:45:00,0.4262,0.40119553,lstm
2020-11-23 16:45:00,0.2758,0.3329797,lstm
2020-11-23 17:00:00,0.5036,0.46359184,lstm
2020-11-23 17:00:00,0.4262,0.35007375,lstm
2020-11-23 17:00:00,0.2758,0.26159084,lstm
2020-11-23 17:00:00,0.1274,0.1794215,lstm
2020-11-23 17:15:00,0.4262,0.38010174,lstm
2020-11-23 17:15:00,0.2758,0.26050943,lstm
2020-11-23 17:15:00,0.1274,0.15940559,lstm
2020-11-23 17:15:00,0.042400017,0.089062646,lstm
2020-11-23 17:30:00,0.2758,0.26873273,lstm
2020-11-23 17:30:00,0.1274,0.18185998,lstm
2020-11-23 17:30:00,0.042400002,0.08794202,lstm
2020-11-23 17:30:00,0.008000001,0.05618404,lstm
2020-11-23 17:45:00,0.1274,0.18010034,lstm
2020-11-23 17:45:00,0.042400002,0.10101594,lstm
2020-11-23 17:45:00,0.008000001,0.036758155,lstm
2020-11-23 17:45:00,0.001000002,0.018153831,lstm
2020-11-23 18:00:00,0.042400002,0.08154597,lstm
2020-11-23 18:00:00,0.007999986,0.030478776,lstm
2020-11-23 18:00:00,0.001000002,0.0027266592,lstm
2020-11-23 18:00:00,0.0,-0.006827891,lstm
2020-11-23 18:15:00,0.008000001,0.02464372,lstm
2020-11-23 18:15:00,0.001000002,0.001109466,lstm
2020-11-23 18:15:00,0.0,-0.0074139535,lstm
2020-11-23 18:15:00,0.0,-0.010222435,lstm
2020-11-23 18:30:00,0.001000002,0.011212051,lstm
2020-11-23 18:30:00,0.0,-0.002690658,lstm
2020-11-23 18:30:00,0.0,-0.005755335,lstm
2020-11-23 18:30:00,0.0,-0.0050902218,lstm
2020-11-23 18:45:00,0.0,0.005557224,lstm
2020-11-23 18:45:00,0.0,-0.0026037544,lstm
2020-11-23 18:45:00,0.0,-0.0036111325,lstm
2020-11-23 18:45:00,0.0,-0.0016199052,lstm
2020-11-23 19:00:00,0.0,0.0021495223,lstm
2020-11-23 19:00:00,0.0,-0.0028880686,lstm
2020-11-23 19:00:00,0.0,-0.002506584,lstm
2020-11-23 19:00:00,0.0,-0.0002566129,lstm
2020-11-23 19:15:00,0.0,0.00045076013,lstm
2020-11-23 19:15:00,0.0,-0.0031196326,lstm
2020-11-23 19:15:00,0.0,-0.0019603968,lstm
2020-11-23 19:15:00,0.0,0.00012102723,lstm
2020-11-23 19:30:00,0.0,-0.00038443506,lstm
2020-11-23 19:30:00,0.0,-0.0033020675,lstm
2020-11-23 19:30:00,0.0,-0.0017080307,lstm
2020-11-23 19:30:00,0.0,0.00020286441,lstm
2020-11-23 19:45:00,0.0,-0.000857234,lstm
2020-11-23 19:45:00,0.0,-0.003518343,lstm
2020-11-23 19:45:00,0.0,-0.0017201304,lstm
2020-11-23 19:45:00,0.0,0.00017932057,lstm
2020-11-23 20:00:00,0.0,-0.001151681,lstm
2020-11-23 20:00:00,0.0,-0.0036412328,lstm
2020-11-23 20:00:00,0.0,-0.0017168522,lstm
2020-11-23 20:00:00,0.0,0.00019955635,lstm
2020-11-23 20:15:00,0.0,-0.0013105869,lstm
2020-11-23 20:15:00,0.0,-0.003707692,lstm
2020-11-23 20:15:00,0.0,-0.0017094761,lstm
2020-11-23 20:15:00,0.0,0.00021077693,lstm
2020-11-23 20:30:00,0.0,-0.0014014244,lstm
2020-11-23 20:30:00,0.0,-0.0037446767,lstm
2020-11-23 20:30:00,0.0,-0.0016977191,lstm
2020-11-23 20:30:00,0.0,0.00022220612,lstm
2020-11-23 20:45:00,0.0,-0.0015119314,lstm
2020-11-23 20:45:00,0.0,-0.00385724,lstm
2020-11-23 20:45:00,0.0,-0.0018196851,lstm
2020-11-23 20:45:00,0.0,0.00018504262,lstm
2020-11-23 21:00:00,0.0,-0.001585111,lstm
2020-11-23 21:00:00,0.0,-0.0038786978,lstm
2020-11-23 21:00:00,0.0,-0.0018334091,lstm
2020-11-23 21:00:00,0.0,0.0002233535,lstm
2020-11-23 21:15:00,0.0,-0.001630351,lstm
2020-11-23 21:15:00,0.0,-0.0038810521,lstm
2020-11-23 21:15:00,0.0,-0.0018206686,lstm
2020-11-23 21:15:00,0.0,0.00025865436,lstm
2020-11-23 21:30:00,0.0,-0.001653865,lstm
2020-11-23 21:30:00,0.0,-0.003876388,lstm
2020-11-23 21:30:00,0.0,-0.0018119067,lstm
2020-11-23 21:30:00,0.0,0.00028122962,lstm
2020-11-23 21:45:00,0.0,-0.0017386824,lstm
2020-11-23 21:45:00,0.0,-0.003953293,lstm
2020-11-23 21:45:00,0.0,-0.0019304603,lstm
2020-11-23 21:45:00,0.0,0.00025068223,lstm
2020-11-23 22:00:00,0.0,-0.0017650574,lstm
2020-11-23 22:00:00,0.0,-0.0039325356,lstm
2020-11-23 22:00:00,0.0,-0.0019233078,lstm
2020-11-23 22:00:00,0.0,0.00030085444,lstm
2020-11-23 22:15:00,0.0,-0.0017772466,lstm
2020-11-23 22:15:00,0.0,-0.0039028227,lstm
2020-11-23 22:15:00,0.0,-0.0019066036,lstm
2020-11-23 22:15:00,0.0,0.00034485757,lstm
2020-11-23 22:30:00,0.0,-0.0017865598,lstm
2020-11-23 22:30:00,0.0,-0.0038784444,lstm
2020-11-23 22:30:00,0.0,-0.0018856823,lstm
2020-11-23 22:30:00,0.0,0.00038465858,lstm
2020-11-23 22:45:00,0.0,-0.0018662512,lstm
2020-11-23 22:45:00,0.0,-0.003921643,lstm
2020-11-23 22:45:00,0.0,-0.0019988567,lstm
2020-11-23 22:45:00,0.0,0.00036127865,lstm
2020-11-23 23:00:00,0.0,-0.0018696487,lstm
2020-11-23 23:00:00,0.0,-0.0038698614,lstm
2020-11-23 23:00:00,0.0,-0.0019603372,lstm
2020-11-23 23:00:00,0.0,0.00042709708,lstm
2020-11-23 23:15:00,0.0,-0.0018638223,lstm
2020-11-23 23:15:00,0.0,-0.003833294,lstm
2020-11-23 23:15:00,0.0,-0.0019309521,lstm
2020-11-23 23:15:00,0.0,0.00046660006,lstm
2020-11-23 23:30:00,0.0,-0.0018596351,lstm
2020-11-23 23:30:00,0.0,-0.0038030148,lstm
2020-11-23 23:30:00,0.0,-0.0019006282,lstm
2020-11-23 23:30:00,0.0,0.00050093234,lstm
2020-11-23 23:45:00,0.0,-0.0019121617,lstm
2020-11-23 23:45:00,0.0,-0.0038238019,lstm
2020-11-23 23:45:00,0.0,-0.0019969642,lstm
2020-11-23 23:45:00,0.0,0.00045853853,lstm
2020-11-24 00:00:00,0.0,-0.001890704,lstm
2020-11-24 00:00:00,0.0,-0.0037687272,lstm
2020-11-24 00:00:00,0.0,-0.001955524,lstm
2020-11-24 00:00:00,0.0,0.0005017966,lstm
2020-11-24 00:15:00,0.0,-0.00187549,lstm
2020-11-24 00:15:00,0.0,-0.0037359893,lstm
2020-11-24 00:15:00,0.0,-0.0019366145,lstm
2020-11-24 00:15:00,0.0,0.0005235076,lstm
2020-11-24 00:30:00,0.0,-0.0018675178,lstm
2020-11-24 00:30:00,0.0,-0.003713563,lstm
2020-11-24 00:30:00,0.0,-0.0019128174,lstm
2020-11-24 00:30:00,0.0,0.0005480349,lstm
2020-11-24 00:45:00,0.0,-0.0019101351,lstm
2020-11-24 00:45:00,0.0,-0.003727451,lstm
2020-11-24 00:45:00,0.0,-0.0019983053,lstm
2020-11-24 00:45:00,0.0,0.0004955977,lstm
2020-11-24 01:00:00,0.0,-0.0018692762,lstm
2020-11-24 01:00:00,0.0,-0.0036566257,lstm
2020-11-24 01:00:00,0.0,-0.0019469261,lstm
2020-11-24 01:00:00,0.0,0.00052553415,lstm
2020-11-24 01:15:00,0.0,-0.001836732,lstm
2020-11-24 01:15:00,0.0,-0.0036250502,lstm
2020-11-24 01:15:00,0.0,-0.001924172,lstm
2020-11-24 01:15:00,0.0,0.00053174794,lstm
2020-11-24 01:30:00,0.0,-0.0018156618,lstm
2020-11-24 01:30:00,0.0,-0.0036108643,lstm
2020-11-24 01:30:00,0.0,-0.0019118637,lstm
2020-11-24 01:30:00,0.0,0.00053198636,lstm
2020-11-24 01:45:00,0.0,-0.0018423945,lstm
2020-11-24 01:45:00,0.0,-0.0036253333,lstm
2020-11-24 01:45:00,0.0,-0.0019972771,lstm
2020-11-24 01:45:00,0.0,0.0004542023,lstm
2020-11-24 02:00:00,0.0,-0.0018128008,lstm
2020-11-24 02:00:00,0.0,-0.003587231,lstm
2020-11-24 02:00:00,0.0,-0.0019607246,lstm
2020-11-24 02:00:00,0.0,0.00045895576,lstm
2020-11-24 02:15:00,0.0,-0.0017907768,lstm
2020-11-24 02:15:00,0.0,-0.0035725683,lstm
2020-11-24 02:15:00,0.0,-0.0019516051,lstm
2020-11-24 02:15:00,0.0,0.00044691563,lstm
2020-11-24 02:30:00,0.0,-0.0017732531,lstm
2020-11-24 02:30:00,0.0,-0.0035669059,lstm
2020-11-24 02:30:00,0.0,-0.0019497573,lstm
2020-11-24 02:30:00,0.0,0.00043557584,lstm
2020-11-24 02:45:00,0.0,-0.0017910302,lstm
2020-11-24 02:45:00,0.0,-0.0035759658,lstm
2020-11-24 02:45:00,0.0,-0.002013296,lstm
2020-11-24 02:45:00,0.0,0.00035445392,lstm
2020-11-24 03:00:00,0.0,-0.0017547011,lstm
2020-11-24 03:00:00,0.0,-0.0035505742,lstm
2020-11-24 03:00:00,0.0,-0.0020008534,lstm
2020-11-24 03:00:00,0.0,0.00032135844,lstm
2020-11-24 03:15:00,0.0,-0.0017166138,lstm
2020-11-24 03:15:00,0.0,-0.003545627,lstm
2020-11-24 03:15:00,0.0,-0.002000153,lstm
2020-11-24 03:15:00,0.0,0.0002913475,lstm
2020-11-24 03:30:00,0.0,-0.0016924441,lstm
2020-11-24 03:30:00,0.0,-0.003555894,lstm
2020-11-24 03:30:00,0.0,-0.0020124465,lstm
2020-11-24 03:30:00,0.0,0.0002580136,lstm
2020-11-24 03:45:00,0.0,-0.001706034,lstm
2020-11-24 03:45:00,0.0,-0.0035710037,lstm
2020-11-24 03:45:00,0.0,-0.002071485,lstm
2020-11-24 03:45:00,0.0,0.0001654774,lstm
2020-11-24 04:00:00,0.0,-0.0016786456,lstm
2020-11-24 04:00:00,0.0,-0.0035788715,lstm
2020-11-24 04:00:00,0.0,-0.002078548,lstm
2020-11-24 04:00:00,0.0,0.00010661781,lstm
2020-11-24 04:15:00,0.0,-0.0016460717,lstm
2020-11-24 04:15:00,0.0,-0.0036017746,lstm
2020-11-24 04:15:00,0.0,-0.0021023601,lstm
2020-11-24 04:15:00,0.0,5.0738454e-05,lstm
2020-11-24 04:30:00,0.0,-0.0016175061,lstm
2020-11-24 04:30:00,0.0,-0.003627032,lstm
2020-11-24 04:30:00,0.0,-0.0021411479,lstm
2020-11-24 04:30:00,0.0,-3.6656857e-06,lstm
2020-11-24 04:45:00,0.0,-0.0016318709,lstm
2020-11-24 04:45:00,0.0,-0.003657937,lstm
2020-11-24 04:45:00,0.0,-0.0021939576,lstm
2020-11-24 04:45:00,0.0,-9.055436e-05,lstm
2020-11-24 05:00:00,0.0,-0.0016089231,lstm
2020-11-24 05:00:00,0.0,-0.0036960393,lstm
2020-11-24 05:00:00,0.0,-0.0022218525,lstm
2020-11-24 05:00:00,0.0,-0.00016696751,lstm
2020-11-24 05:15:00,0.0,-0.0015797466,lstm
2020-11-24 05:15:00,0.0,-0.0037497133,lstm
2020-11-24 05:15:00,0.0,-0.0022701025,lstm
2020-11-24 05:15:00,0.0,-0.00023914874,lstm
2020-11-24 05:30:00,0.0,-0.0015512258,lstm
2020-11-24 05:30:00,0.0,-0.0038056523,lstm
2020-11-24 05:30:00,0.0,-0.0023261756,lstm
2020-11-24 05:30:00,0.0,-0.00030387938,lstm
2020-11-24 05:45:00,0.0,-0.0015654117,lstm
2020-11-24 05:45:00,0.0,-0.003856182,lstm
2020-11-24 05:45:00,0.0,-0.0023765415,lstm
2020-11-24 05:45:00,0.0,-0.00036905706,lstm
2020-11-24 06:00:00,0.0,-0.001554206,lstm
2020-11-24 06:00:00,0.0,-0.003938347,lstm
2020-11-24 06:00:00,0.0,-0.002415821,lstm
2020-11-24 06:00:00,0.0,-0.00042240322,lstm
2020-11-24 06:15:00,0.0,-0.0015179664,lstm
2020-11-24 06:15:00,0.0,-0.004022047,lstm
2020-11-24 06:15:00,0.0,-0.002481684,lstm
2020-11-24 06:15:00,0.0,-0.00046880543,lstm
2020-11-24 06:30:00,0.0,-0.00146994,lstm
2020-11-24 06:30:00,0.0,-0.004098177,lstm
2020-11-24 06:30:00,0.0,-0.00252527,lstm
2020-11-24 06:30:00,0.0,-0.0004851818,lstm
2020-11-24 06:45:00,0.0,-0.0014688671,lstm
2020-11-24 06:45:00,0.0,-0.004157126,lstm
2020-11-24 06:45:00,0.0,-0.0025282055,lstm
2020-11-24 06:45:00,0.0,-0.00043994188,lstm
2020-11-24 07:00:00,0.0,-0.0014345646,lstm
2020-11-24 07:00:00,0.0,-0.004262835,lstm
2020-11-24 07:00:00,0.0,-0.0025366098,lstm
2020-11-24 07:00:00,0.0,-0.0003823638,lstm
2020-11-24 07:15:00,0.0,-0.0013548136,lstm
2020-11-24 07:15:00,0.0,-0.004370153,lstm
2020-11-24 07:15:00,0.0,-0.0025577247,lstm
2020-11-24 07:15:00,0.0,-0.00029724836,lstm
2020-11-24 07:30:00,0.0,-0.0012528449,lstm
2020-11-24 07:30:00,0.0,-0.0044792145,lstm
2020-11-24 07:30:00,0.0,-0.0025815219,lstm
2020-11-24 07:30:00,0.0,-0.0001912564,lstm
2020-11-24 07:45:00,0.0,-0.0011618137,lstm
2020-11-24 07:45:00,0.0,-0.0045217574,lstm
2020-11-24 07:45:00,0.0,-0.00247401,lstm
2020-11-24 07:45:00,0.0,0.00012910366,lstm
2020-11-24 08:00:00,0.0,-0.0010462999,lstm
2020-11-24 08:00:00,0.0,-0.004616976,lstm
2020-11-24 08:00:00,0.0,-0.0023487508,lstm
2020-11-24 08:00:00,0.0,0.00054110587,lstm
2020-11-24 08:15:00,0.0,-0.0008532405,lstm
2020-11-24 08:15:00,0.0,-0.004718885,lstm
2020-11-24 08:15:00,0.0,-0.0021966249,lstm
2020-11-24 08:15:00,0.0,0.0011039376,lstm
2020-11-24 08:30:00,0.0,-0.0005816221,lstm
2020-11-24 08:30:00,0.0,-0.004826978,lstm
2020-11-24 08:30:00,0.0,-0.0019647628,lstm
2020-11-24 08:30:00,0.0028000027,0.001982987,lstm
2020-11-24 08:45:00,0.0,-0.00022886693,lstm
2020-11-24 08:45:00,0.0,-0.0047387183,lstm
2020-11-24 08:45:00,0.0028000027,-0.001247704,lstm
2020-11-24 08:45:00,0.019799992,0.003893122,lstm
2020-11-24 09:00:00,0.0,0.0002785921,lstm
2020-11-24 09:00:00,0.0028000027,-0.004357174,lstm
2020-11-24 09:00:00,0.019799992,0.0008125752,lstm
2020-11-24 09:00:00,0.037,0.009203821,lstm
2020-11-24 09:15:00,0.0028000027,0.0008995086,lstm
2020-11-24 09:15:00,0.019800007,-0.00078988075,lstm
2020-11-24 09:15:00,0.037,0.011336446,lstm
2020-11-24 09:15:00,0.0422,0.032769114,lstm
2020-11-24 09:30:00,0.019800007,0.0024455935,lstm
2020-11-24 09:30:00,0.037,0.021356717,lstm
2020-11-24 09:30:00,0.0422,0.059289247,lstm
2020-11-24 09:30:00,0.0572,0.11954682,lstm
2020-11-24 09:45:00,0.037,0.039068133,lstm
2020-11-24 09:45:00,0.042200014,0.087449275,lstm
2020-11-24 09:45:00,0.0572,0.16320194,lstm
2020-11-24 09:45:00,0.082,0.25131035,lstm
2020-11-24 10:00:00,0.0422,0.070557535,lstm
2020-11-24 10:00:00,0.0572,0.14399813,lstm
2020-11-24 10:00:00,0.082,0.24178149,lstm
2020-11-24 10:00:00,0.1288,0.3290339,lstm
2020-11-24 10:15:00,0.0572,0.07231733,lstm
2020-11-24 10:15:00,0.082,0.15568838,lstm
2020-11-24 10:15:00,0.1288,0.24218978,lstm
2020-11-24 10:15:00,0.2062,0.30862704,lstm
2020-11-24 10:30:00,0.082,0.08964401,lstm
2020-11-24 10:30:00,0.1288,0.16379048,lstm
2020-11-24 10:30:00,0.2062,0.22898613,lstm
2020-11-24 10:30:00,0.2556,0.27897787,lstm
2020-11-24 10:45:00,0.1288,0.12119887,lstm
2020-11-24 10:45:00,0.2062,0.19146317,lstm
2020-11-24 10:45:00,0.2556,0.24370463,lstm
2020-11-24 10:45:00,0.2036,0.28707075,lstm
2020-11-24 11:00:00,0.2062,0.19253674,lstm
2020-11-24 11:00:00,0.2556,0.25862718,lstm
2020-11-24 11:00:00,0.2036,0.30164683,lstm
2020-11-24 11:00:00,0.2232,0.33976173,lstm
2020-11-24 11:15:00,0.2556,0.26952267,lstm
2020-11-24 11:15:00,0.2036,0.32508102,lstm
2020-11-24 11:15:00,0.2232,0.36039788,lstm
2020-11-24 11:15:00,0.256,0.40032762,lstm
2020-11-24 11:30:00,0.2036,0.2929309,lstm
2020-11-24 11:30:00,0.2232,0.3439552,lstm
2020-11-24 11:30:00,0.256,0.37598896,lstm
2020-11-24 11:30:00,0.2884,0.41911143,lstm
2020-11-24 11:45:00,0.2232,0.23789707,lstm
2020-11-24 11:45:00,0.256,0.2909239,lstm
2020-11-24 11:45:00,0.2884,0.3203531,lstm
2020-11-24 11:45:00,0.2868,0.35320234,lstm
2020-11-24 12:00:00,0.256,0.28041506,lstm
2020-11-24 12:00:00,0.2884,0.3239355,lstm
2020-11-24 12:00:00,0.2868,0.35685128,lstm
2020-11-24 12:00:00,0.2958,0.3856032,lstm
2020-11-24 12:15:00,0.2884,0.32197946,lstm
2020-11-24 12:15:00,0.2868,0.35897595,lstm
2020-11-24 12:15:00,0.2958,0.38925496,lstm
2020-11-24 12:15:00,0.3586,0.4135074,lstm
2020-11-24 12:30:00,0.2868,0.34691265,lstm
2020-11-24 12:30:00,0.2958,0.37788987,lstm
2020-11-24 12:30:00,0.3586,0.40313345,lstm
2020-11-24 12:30:00,0.4346,0.42430133,lstm
2020-11-24 12:45:00,0.2958,0.32817084,lstm
2020-11-24 12:45:00,0.3586,0.35254747,lstm
2020-11-24 12:45:00,0.4346,0.3755591,lstm
2020-11-24 12:45:00,0.4486,0.39742154,lstm
2020-11-24 13:00:00,0.3586,0.33659536,lstm
2020-11-24 13:00:00,0.4346,0.35515165,lstm
2020-11-24 13:00:00,0.4486,0.3765322,lstm
2020-11-24 13:00:00,0.555,0.39979327,lstm
2020-11-24 13:15:00,0.4346,0.42582104,lstm
2020-11-24 13:15:00,0.4486,0.44531727,lstm
2020-11-24 13:15:00,0.555,0.4547615,lstm
2020-11-24 13:15:00,0.5504,0.47187358,lstm
2020-11-24 13:30:00,0.4486,0.49116346,lstm
2020-11-24 13:30:00,0.555,0.508776,lstm
2020-11-24 13:30:00,0.5504,0.5034843,lstm
2020-11-24 13:30:00,0.5048,0.51579034,lstm
2020-11-24 13:45:00,0.555,0.48862073,lstm
2020-11-24 13:45:00,0.5504,0.5013186,lstm
2020-11-24 13:45:00,0.5048,0.49314445,lstm
2020-11-24 13:45:00,0.5174,0.50105816,lstm
2020-11-24 14:00:00,0.5504,0.5885744,lstm
2020-11-24 14:00:00,0.5048,0.58345234,lstm
2020-11-24 14:00:00,0.5174,0.56098825,lstm
2020-11-24 14:00:00,0.47500002,0.56535155,lstm
2020-11-24 14:15:00,0.5048,0.56470597,lstm
2020-11-24 14:15:00,0.5174,0.5559948,lstm
2020-11-24 14:15:00,0.47500002,0.53157663,lstm
2020-11-24 14:15:00,0.4336,0.51802874,lstm
2020-11-24 14:30:00,0.5174,0.52406055,lstm
2020-11-24 14:30:00,0.47500002,0.5151344,lstm
2020-11-24 14:30:00,0.4336,0.49104327,lstm
2020-11-24 14:30:00,0.4118,0.47361255,lstm
2020-11-24 14:45:00,0.475,0.5394069,lstm
2020-11-24 14:45:00,0.4336,0.51234096,lstm
2020-11-24 14:45:00,0.4118,0.48479515,lstm
2020-11-24 14:45:00,0.2976,0.4665243,lstm
2020-11-24 15:00:00,0.4336,0.48653403,lstm
2020-11-24 15:00:00,0.4118,0.46297964,lstm
2020-11-24 15:00:00,0.2976,0.43453515,lstm
2020-11-24 15:00:00,0.2528,0.40674773,lstm
2020-11-24 15:15:00,0.4118,0.46003383,lstm
2020-11-24 15:15:00,0.2976,0.42749482,lstm
2020-11-24 15:15:00,0.2528,0.39743268,lstm
2020-11-24 15:15:00,0.2502,0.36620364,lstm
2020-11-24 15:30:00,0.2976,0.43577743,lstm
2020-11-24 15:30:00,0.2528,0.39152446,lstm
2020-11-24 15:30:00,0.2502,0.3571052,lstm
2020-11-24 15:30:00,0.309,0.3217603,lstm
2020-11-24 15:45:00,0.2528,0.32585636,lstm
2020-11-24 15:45:00,0.2502,0.3008481,lstm
2020-11-24 15:45:00,0.309,0.26775295,lstm
2020-11-24 15:45:00,0.272,0.22866476,lstm
2020-11-24 16:00:00,0.2502,0.27948502,lstm
2020-11-24 16:00:00,0.309,0.24224877,lstm
2020-11-24 16:00:00,0.272,0.20608644,lstm
2020-11-24 16:00:00,0.2954,0.16524456,lstm
2020-11-24 16:15:00,0.309,0.27338934,lstm
2020-11-24 16:15:00,0.272,0.21867673,lstm
2020-11-24 16:15:00,0.2954,0.16935554,lstm
2020-11-24 16:15:00,0.3452,0.12684496,lstm
2020-11-24 16:30:00,0.272,0.29815927,lstm
2020-11-24 16:30:00,0.2954,0.22844541,lstm
2020-11-24 16:30:00,0.3452,0.16306691,lstm
2020-11-24 16:30:00,0.2014,0.11650453,lstm
2020-11-24 16:45:00,0.2954,0.22216852,lstm
2020-11-24 16:45:00,0.3452,0.15660702,lstm
2020-11-24 16:45:00,0.2014,0.10047374,lstm
2020-11-24 16:45:00,0.2758,0.057659626,lstm
2020-11-24 17:00:00,0.3452,0.18844143,lstm
2020-11-24 17:00:00,0.2014,0.12795672,lstm
2020-11-24 17:00:00,0.2758,0.07225713,lstm
2020-11-24 17:00:00,0.1326,0.03505434,lstm
2020-11-24 17:15:00,0.2014,0.20035185,lstm
2020-11-24 17:15:00,0.2758,0.14503431,lstm
2020-11-24 17:15:00,0.1326,0.07854539,lstm
2020-11-24 17:15:00,0.06739999,0.041971654,lstm
2020-11-24 17:30:00,0.2758,0.10799826,lstm
2020-11-24 17:30:00,0.1326,0.06195146,lstm
2020-11-24 17:30:00,0.06739999,0.023460299,lstm
2020-11-24 17:30:00,0.0238,0.0077596754,lstm
2020-11-24 17:45:00,0.1326,0.10640219,lstm
2020-11-24 17:45:00,0.06740001,0.07586839,lstm
2020-11-24 17:45:00,0.0238,0.030503884,lstm
2020-11-24 17:45:00,0.0028000027,0.017553255,lstm
2020-11-24 18:00:00,0.06740001,0.05337569,lstm
2020-11-24 18:00:00,0.0238,0.021935672,lstm
2020-11-24 18:00:00,0.0028000027,0.00062967837,lstm
2020-11-24 18:00:00,0.0,-0.001128599,lstm
2020-11-24 18:15:00,0.023799986,0.02523689,lstm
2020-11-24 18:15:00,0.0028000027,0.0019126683,lstm
2020-11-24 18:15:00,0.0,-0.007215038,lstm
2020-11-24 18:15:00,0.0,-0.0060863644,lstm
2020-11-24 18:30:00,0.0028000027,0.0122715235,lstm
2020-11-24 18:30:00,0.0,-0.0036833733,lstm
2020-11-24 18:30:00,0.0,-0.0073096454,lstm
2020-11-24 18:30:00,0.0,-0.005082026,lstm
2020-11-24 18:45:00,0.0,0.006001398,lstm
2020-11-24 18:45:00,0.0,-0.0042699724,lstm
2020-11-24 18:45:00,0.0,-0.0050245523,lstm
2020-11-24 18:45:00,0.0,-0.002750352,lstm
2020-11-24 19:00:00,0.0,0.002508849,lstm
2020-11-24 19:00:00,0.0,-0.0038440675,lstm
2020-11-24 19:00:00,0.0,-0.0033830255,lstm
2020-11-24 19:00:00,0.0,-0.0010993481,lstm
2020-11-24 19:15:00,0.0,0.0007035881,lstm
2020-11-24 19:15:00,0.0,-0.0036472976,lstm
2020-11-24 19:15:00,0.0,-0.002453193,lstm
2020-11-24 19:15:00,0.0,-0.00038015842,lstm
2020-11-24 19:30:00,0.0,-0.00024189055,lstm
2020-11-24 19:30:00,0.0,-0.0035952479,lstm
2020-11-24 19:30:00,0.0,-0.0019837022,lstm
2020-11-24 19:30:00,0.0,-9.4011426e-05,lstm
2020-11-24 19:45:00,0.0,-0.00078344345,lstm
2020-11-24 19:45:00,0.0,-0.0036991686,lstm
2020-11-24 19:45:00,0.0,-0.0018897951,lstm
2020-11-24 19:45:00,0.0,-7.584691e-06,lstm
2020-11-24 20:00:00,0.0,-0.0010974556,lstm
2020-11-24 20:00:00,0.0,-0.0037334412,lstm
2020-11-24 20:00:00,0.0,-0.0018398166,lstm
2020-11-24 20:00:00,0.0,8.5413456e-05,lstm
2020-11-24 20:15:00,0.0,-0.0012841374,lstm
2020-11-24 20:15:00,0.0,-0.0037364215,lstm
2020-11-24 20:15:00,0.0,-0.0017832667,lstm
2020-11-24 20:15:00,0.0,0.0001707524,lstm
2020-11-24 20:30:00,0.0,-0.0014097393,lstm
2020-11-24 20:30:00,0.0,-0.0037380606,lstm
2020-11-24 20:30:00,0.0,-0.0017396063,lstm
2020-11-24 20:30:00,0.0,0.00023071468,lstm
2020-11-24 20:45:00,0.0,-0.0015256256,lstm
2020-11-24 20:45:00,0.0,-0.0038288534,lstm
2020-11-24 20:45:00,0.0,-0.0018588305,lstm
2020-11-24 20:45:00,0.0,0.00021311641,lstm
2020-11-24 21:00:00,0.0,-0.0016044676,lstm
2020-11-24 21:00:00,0.0,-0.003832668,lstm
2020-11-24 21:00:00,0.0,-0.0018689185,lstm
2020-11-24 21:00:00,0.0,0.00026783347,lstm
2020-11-24 21:15:00,0.0,-0.0016665012,lstm
2020-11-24 21:15:00,0.0,-0.0038121492,lstm
2020-11-24 21:15:00,0.0,-0.0018306524,lstm
2020-11-24 21:15:00,0.0,0.0003414452,lstm
2020-11-24 21:30:00,0.0,-0.0016686767,lstm
2020-11-24 21:30:00,0.0,-0.0037870258,lstm
2020-11-24 21:30:00,0.0,-0.0018229336,lstm
2020-11-24 21:30:00,0.0,0.0003682971,lstm
2020-11-24 21:45:00,0.0,-0.0017772764,lstm
2020-11-24 21:45:00,0.0,-0.0038526654,lstm
2020-11-24 21:45:00,0.0,-0.0019310117,lstm
2020-11-24 21:45:00,0.0,0.00036901236,lstm
2020-11-24 22:00:00,0.0,-0.001791805,lstm
2020-11-24 22:00:00,0.0,-0.0038205981,lstm
2020-11-24 22:00:00,0.0,-0.0019124299,lstm
2020-11-24 22:00:00,0.0,0.0004272759,lstm
2020-11-24 22:15:00,0.0,-0.0017939806,lstm
2020-11-24 22:15:00,0.0,-0.003784135,lstm
2020-11-24 22:15:00,0.0,-0.0018817782,lstm
2020-11-24 22:15:00,0.0,0.00047326088,lstm
2020-11-24 22:30:00,0.0,-0.00178954,lstm
2020-11-24 22:30:00,0.0,-0.0037486106,lstm
2020-11-24 22:30:00,0.0,-0.0018468648,lstm
2020-11-24 22:30:00,0.0,0.000513196,lstm
2020-11-24 22:45:00,0.0,-0.0018868744,lstm
2020-11-24 22:45:00,0.0,-0.0038124174,lstm
2020-11-24 22:45:00,0.0,-0.0019714683,lstm
2020-11-24 22:45:00,0.0,0.00047321618,lstm
2020-11-24 23:00:00,0.0,-0.0018797964,lstm
2020-11-24 23:00:00,0.0,-0.0037567466,lstm
2020-11-24 23:00:00,0.0,-0.0019309372,lstm
2020-11-24 23:00:00,0.0,0.0005309284,lstm
2020-11-24 23:15:00,0.0,-0.001874283,lstm
2020-11-24 23:15:00,0.0,-0.0037223846,lstm
2020-11-24 23:15:00,0.0,-0.0018951446,lstm
2020-11-24 23:15:00,0.0,0.00056794286,lstm
2020-11-24 23:30:00,0.0,-0.0018667877,lstm
2020-11-24 23:30:00,0.0,-0.003695041,lstm
2020-11-24 23:30:00,0.0,-0.0018752068,lstm
2020-11-24 23:30:00,0.0,0.0005887896,lstm
2020-11-24 23:45:00,0.0,-0.0019549727,lstm
2020-11-24 23:45:00,0.0,-0.003739804,lstm
2020-11-24 23:45:00,0.0,-0.0019938797,lstm
2020-11-24 23:45:00,0.0,0.00054192543,lstm
2020-11-25 00:00:00,0.0,-0.0019330829,lstm
2020-11-25 00:00:00,0.0,-0.003682524,lstm
2020-11-25 00:00:00,0.0,-0.0019494146,lstm
2020-11-25 00:00:00,0.0,0.0005842447,lstm
2020-11-25 00:15:00,0.0,-0.0019110292,lstm
2020-11-25 00:15:00,0.0,-0.0036442727,lstm
2020-11-25 00:15:00,0.0,-0.0019186884,lstm
2020-11-25 00:15:00,0.0,0.0006055683,lstm
2020-11-25 00:30:00,0.0,-0.0018948913,lstm
2020-11-25 00:30:00,0.0,-0.0036204904,lstm
2020-11-25 00:30:00,0.0,-0.0019020289,lstm
2020-11-25 00:30:00,0.0,0.0006170571,lstm
2020-11-25 00:45:00,0.0,-0.001955226,lstm
2020-11-25 00:45:00,0.0,-0.0036477298,lstm
2020-11-25 00:45:00,0.0,-0.0020059347,lstm
2020-11-25 00:45:00,0.0,0.0005581528,lstm
2020-11-25 01:00:00,0.0,-0.0019148439,lstm
2020-11-25 01:00:00,0.0,-0.003585294,lstm
2020-11-25 01:00:00,0.0,-0.00195688,lstm
2020-11-25 01:00:00,0.0,0.000583753,lstm
2020-11-25 01:15:00,0.0,-0.001886189,lstm
2020-11-25 01:15:00,0.0,-0.0035602003,lstm
2020-11-25 01:15:00,0.0,-0.0019399673,lstm
2020-11-25 01:15:00,0.0,0.0005816817,lstm
2020-11-25 01:30:00,0.0,-0.0018726438,lstm
2020-11-25 01:30:00,0.0,-0.0035467446,lstm
2020-11-25 01:30:00,0.0,-0.0019229203,lstm
2020-11-25 01:30:00,0.0,0.00058859587,lstm
2020-11-25 01:45:00,0.0,-0.0019198656,lstm
2020-11-25 01:45:00,0.0,-0.0035654455,lstm
2020-11-25 01:45:00,0.0,-0.0020178258,lstm
2020-11-25 01:45:00,0.0,0.00050999224,lstm
2020-11-25 02:00:00,0.0,-0.0018765926,lstm
2020-11-25 02:00:00,0.0,-0.0035157353,lstm
2020-11-25 02:00:00,0.0,-0.001974836,lstm
2020-11-25 02:00:00,0.0,0.00051391125,lstm
2020-11-25 02:15:00,0.0,-0.0018439442,lstm
2020-11-25 02:15:00,0.0,-0.003500238,lstm
2020-11-25 02:15:00,0.0,-0.0019652247,lstm
2020-11-25 02:15:00,0.0,0.00049486756,lstm
2020-11-25 02:30:00,0.0,-0.0018189251,lstm
2020-11-25 02:30:00,0.0,-0.0034920275,lstm
2020-11-25 02:30:00,0.0,-0.0019640774,lstm
2020-11-25 02:30:00,0.0,0.00047950447,lstm
2020-11-25 02:45:00,0.0,-0.0018422157,lstm
2020-11-25 02:45:00,0.0,-0.0035055727,lstm
2020-11-25 02:45:00,0.0,-0.0020434111,lstm
2020-11-25 02:45:00,0.0,0.0003926605,lstm
2020-11-25 03:00:00,0.0,-0.0017977804,lstm
2020-11-25 03:00:00,0.0,-0.0034777075,lstm
2020-11-25 03:00:00,0.0,-0.0020198077,lstm
2020-11-25 03:00:00,0.0,0.0003655702,lstm
2020-11-25 03:15:00,0.0,-0.001762107,lstm
2020-11-25 03:15:00,0.0,-0.0034753382,lstm
2020-11-25 03:15:00,0.0,-0.0020246655,lstm
2020-11-25 03:15:00,0.0,0.0003297031,lstm
2020-11-25 03:30:00,0.0,-0.001737535,lstm
2020-11-25 03:30:00,0.0,-0.0034816116,lstm
2020-11-25 03:30:00,0.0,-0.0020361245,lstm
2020-11-25 03:30:00,0.0,0.00030240417,lstm
2020-11-25 03:45:00,0.0,-0.0017485023,lstm
2020-11-25 03:45:00,0.0,-0.0034925789,lstm
2020-11-25 03:45:00,0.0,-0.0020996034,lstm
2020-11-25 03:45:00,0.0,0.00021615624,lstm
2020-11-25 04:00:00,0.0,-0.0017046183,lstm
2020-11-25 04:00:00,0.0,-0.0034859031,lstm
2020-11-25 04:00:00,0.0,-0.0020994693,lstm
2020-11-25 04:00:00,0.0,0.0001642406,lstm
2020-11-25 04:15:00,0.0,-0.0016674846,lstm
2020-11-25 04:15:00,0.0,-0.0035036504,lstm
2020-11-25 04:15:00,0.0,-0.002118975,lstm
2020-11-25 04:15:00,0.0,0.00011655688,lstm
2020-11-25 04:30:00,0.0,-0.0016340315,lstm
2020-11-25 04:30:00,0.0,-0.0035196245,lstm
2020-11-25 04:30:00,0.0,-0.0021530986,lstm
2020-11-25 04:30:00,0.0,6.8604946e-05,lstm
2020-11-25 04:45:00,0.0,-0.0016455352,lstm
2020-11-25 04:45:00,0.0,-0.0035432428,lstm
2020-11-25 04:45:00,0.0,-0.0022046864,lstm
2020-11-25 04:45:00,0.0,-6.4074993e-06,lstm
2020-11-25 05:00:00,0.0,-0.0016171485,lstm
2020-11-25 05:00:00,0.0,-0.0035744905,lstm
2020-11-25 05:00:00,0.0,-0.002233386,lstm
2020-11-25 05:00:00,0.0,-7.6174736e-05,lstm
2020-11-25 05:15:00,0.0,-0.0015836507,lstm
2020-11-25 05:15:00,0.0,-0.0036179721,lstm
2020-11-25 05:15:00,0.0,-0.002288267,lstm
2020-11-25 05:15:00,0.0,-0.00014175475,lstm
2020-11-25 05:30:00,0.0,-0.0015504658,lstm
2020-11-25 05:30:00,0.0,-0.0036581457,lstm
2020-11-25 05:30:00,0.0,-0.002335295,lstm
2020-11-25 05:30:00,0.0,-0.00018948317,lstm
2020-11-25 05:45:00,0.0,-0.0015701801,lstm
2020-11-25 05:45:00,0.0,-0.0037003458,lstm
2020-11-25 05:45:00,0.0,-0.0023773313,lstm
2020-11-25 05:45:00,0.0,-0.00023896992,lstm
2020-11-25 06:00:00,0.0,-0.0015543252,lstm
2020-11-25 06:00:00,0.0,-0.0037771314,lstm
2020-11-25 06:00:00,0.0,-0.002451241,lstm
2020-11-25 06:00:00,0.0,-0.0003170371,lstm
2020-11-25 06:15:00,0.0,-0.0015173107,lstm
2020-11-25 06:15:00,0.0,-0.0038486868,lstm
2020-11-25 06:15:00,0.0,-0.0025143623,lstm
2020-11-25 06:15:00,0.0,-0.00035256147,lstm
2020-11-25 06:30:00,0.0,-0.0014770925,lstm
2020-11-25 06:30:00,0.0,-0.0039137006,lstm
2020-11-25 06:30:00,0.0,-0.0025687218,lstm
2020-11-25 06:30:00,0.0,-0.00037378073,lstm
2020-11-25 06:45:00,0.0,-0.0014781207,lstm
2020-11-25 06:45:00,0.0,-0.0039604157,lstm
2020-11-25 06:45:00,0.0,-0.002589941,lstm
2020-11-25 06:45:00,0.0,-0.00034609437,lstm
2020-11-25 07:00:00,0.0,-0.0014663935,lstm
2020-11-25 07:00:00,0.0,-0.004068136,lstm
2020-11-25 07:00:00,0.0,-0.0026466548,lstm
2020-11-25 07:00:00,0.0,-0.00033010542,lstm
2020-11-25 07:15:00,0.0,-0.001409635,lstm
2020-11-25 07:15:00,0.0,-0.0041671544,lstm
2020-11-25 07:15:00,0.0,-0.0027071983,lstm
2020-11-25 07:15:00,0.0,-0.00028781593,lstm
2020-11-25 07:30:00,0.0,-0.0013271719,lstm
2020-11-25 07:30:00,0.0,-0.0042624474,lstm
2020-11-25 07:30:00,0.0,-0.0027698427,lstm
2020-11-25 07:30:00,0.0,-0.00024159253,lstm
2020-11-25 07:45:00,0.0,-0.0012758821,lstm
2020-11-25 07:45:00,0.0,-0.004306063,lstm
2020-11-25 07:45:00,0.0,-0.002721265,lstm
2020-11-25 07:45:00,0.0,-2.5629997e-05,lstm
2020-11-25 08:00:00,0.0,-0.0012169927,lstm
2020-11-25 08:00:00,0.0,-0.004430473,lstm
2020-11-25 08:00:00,0.0,-0.0027032495,lstm
2020-11-25 08:00:00,0.0,0.00022481382,lstm
2020-11-25 08:15:00,0.0,-0.0010998547,lstm
2020-11-25 08:15:00,0.0,-0.0045606345,lstm
2020-11-25 08:15:00,0.0,-0.002643615,lstm
2020-11-25 08:15:00,0.0,0.0006329864,lstm
2020-11-25 08:30:00,0.0,-0.00090512633,lstm
2020-11-25 08:30:00,0.0,-0.0047273636,lstm
2020-11-25 08:30:00,0.0,-0.002523616,lstm
2020-11-25 08:30:00,0.002399996,0.0013395399,lstm
2020-11-25 08:45:00,0.0,-0.000626266,lstm
2020-11-25 08:45:00,0.0,-0.0047619194,lstm
2020-11-25 08:45:00,0.002399996,-0.0019773096,lstm
2020-11-25 08:45:00,0.0176,0.0030671805,lstm
2020-11-25 09:00:00,0.0,-0.00021614134,lstm
2020-11-25 09:00:00,0.002399996,-0.00462009,lstm
2020-11-25 09:00:00,0.0176,-0.00013412535,lstm
2020-11-25 09:00:00,0.048600003,0.008494079,lstm
2020-11-25 09:15:00,0.002399996,7.790327e-05,lstm
2020-11-25 09:15:00,0.017600015,-0.0009818077,lstm
2020-11-25 09:15:00,0.048600003,0.010870263,lstm
2020-11-25 09:15:00,0.092,0.03409773,lstm
2020-11-25 09:30:00,0.0176,0.001739189,lstm
2020-11-25 09:30:00,0.048600018,0.019242406,lstm
2020-11-25 09:30:00,0.092,0.055130154,lstm
2020-11-25 09:30:00,0.1776,0.11421015,lstm
2020-11-25 09:45:00,0.04859999,0.035437226,lstm
2020-11-25 09:45:00,0.092,0.079504706,lstm
2020-11-25 09:45:00,0.1776,0.15150328,lstm
2020-11-25 09:45:00,0.3106,0.2373018,lstm
2020-11-25 10:00:00,0.092,0.094886504,lstm
2020-11-25 10:00:00,0.1776,0.16891247,lstm
2020-11-25 10:00:00,0.3106,0.27072096,lstm
2020-11-25 10:00:00,0.3966,0.36012518,lstm
2020-11-25 10:15:00,0.1776,0.17027918,lstm
2020-11-25 10:15:00,0.3106,0.26605445,lstm
2020-11-25 10:15:00,0.3966,0.37064454,lstm
2020-11-25 10:15:00,0.45960003,0.4461409,lstm
2020-11-25 10:30:00,0.3106,0.2891421,lstm
2020-11-25 10:30:00,0.3966,0.37854803,lstm
2020-11-25 10:30:00,0.45960003,0.45514548,lstm
2020-11-25 10:30:00,0.5126,0.5251552,lstm
2020-11-25 10:45:00,0.3966,0.3896057,lstm
2020-11-25 10:45:00,0.4596,0.46243438,lstm
2020-11-25 10:45:00,0.5126,0.51974887,lstm
2020-11-25 10:45:00,0.5594,0.589499,lstm
2020-11-25 11:00:00,0.4596,0.45885524,lstm
2020-11-25 11:00:00,0.5126,0.5189705,lstm
2020-11-25 11:00:00,0.5594,0.5727156,lstm
2020-11-25 11:00:00,0.6032,0.62749755,lstm
2020-11-25 11:15:00,0.5126,0.5235144,lstm
2020-11-25 11:15:00,0.5594001,0.56920564,lstm
2020-11-25 11:15:00,0.6032,0.61705136,lstm
2020-11-25 11:15:00,0.6422,0.6509689,lstm
2020-11-25 11:30:00,0.5594,0.5780714,lstm
2020-11-25 11:30:00,0.6032,0.6106343,lstm
2020-11-25 11:30:00,0.6422,0.64903104,lstm
2020-11-25 11:30:00,0.6726,0.6712323,lstm
2020-11-25 11:45:00,0.6032,0.62204146,lstm
2020-11-25 11:45:00,0.6422,0.64630926,lstm
2020-11-25 11:45:00,0.6726,0.67599654,lstm
2020-11-25 11:45:00,0.6992,0.69527817,lstm
2020-11-25 12:00:00,0.6422,0.6575135,lstm
2020-11-25 12:00:00,0.6726,0.6769484,lstm
2020-11-25 12:00:00,0.6992,0.69916457,lstm
2020-11-25 12:00:00,0.7206,0.7186482,lstm
2020-11-25 12:15:00,0.6726,0.68454015,lstm
2020-11-25 12:15:00,0.6991999,0.70099187,lstm
2020-11-25 12:15:00,0.7206,0.716944,lstm
2020-11-25 12:15:00,0.7384,0.73655707,lstm
2020-11-25 12:30:00,0.6992,0.70160687,lstm
2020-11-25 12:30:00,0.7206,0.7150705,lstm
2020-11-25 12:30:00,0.7384,0.7255877,lstm
2020-11-25 12:30:00,0.7526,0.74372214,lstm
2020-11-25 12:45:00,0.7206,0.718411,lstm
2020-11-25 12:45:00,0.7384,0.7284186,lstm
2020-11-25 12:45:00,0.7526,0.73544055,lstm
2020-11-25 12:45:00,0.7658,0.7521704,lstm
2020-11-25 13:00:00,0.7384,0.73399675,lstm
2020-11-25 13:00:00,0.75259995,0.7414446,lstm
2020-11-25 13:00:00,0.7658,0.7464545,lstm
2020-11-25 13:00:00,0.773,0.7616637,lstm
2020-11-25 13:15:00,0.7526,0.7525626,lstm
2020-11-25 13:15:00,0.7658,0.7572731,lstm
2020-11-25 13:15:00,0.773,0.7615487,lstm
2020-11-25 13:15:00,0.7758,0.7754902,lstm
2020-11-25 13:30:00,0.7658,0.77139056,lstm
2020-11-25 13:30:00,0.773,0.77340937,lstm
2020-11-25 13:30:00,0.7758,0.777497,lstm
2020-11-25 13:30:00,0.7782,0.7902718,lstm
2020-11-25 13:45:00,0.773,0.78872126,lstm
2020-11-25 13:45:00,0.7758,0.7893574,lstm
2020-11-25 13:45:00,0.7782,0.7934154,lstm
2020-11-25 13:45:00,0.76720005,0.80579215,lstm
2020-11-25 14:00:00,0.7758,0.7981946,lstm
2020-11-25 14:00:00,0.7781999,0.79732656,lstm
2020-11-25 14:00:00,0.7672,0.80025166,lstm
2020-11-25 14:00:00,0.749,0.810248,lstm
2020-11-25 14:15:00,0.7782,0.8013338,lstm
2020-11-25 14:15:00,0.7672,0.79736173,lstm
2020-11-25 14:15:00,0.749,0.7982882,lstm
2020-11-25 14:15:00,0.7334,0.80469686,lstm
2020-11-25 14:30:00,0.7672,0.80552894,lstm
2020-11-25 14:30:00,0.74899995,0.79846084,lstm
2020-11-25 14:30:00,0.7334,0.79780245,lstm
2020-11-25 14:30:00,0.7138,0.80124587,lstm
2020-11-25 14:45:00,0.749,0.7934854,lstm
2020-11-25 14:45:00,0.7334,0.7834784,lstm
2020-11-25 14:45:00,0.7138,0.7782706,lstm
2020-11-25 14:45:00,0.6916,0.77506953,lstm
2020-11-25 15:00:00,0.7334,0.770175,lstm
2020-11-25 15:00:00,0.71379995,0.7541884,lstm
2020-11-25 15:00:00,0.6916,0.7432631,lstm
2020-11-25 15:00:00,0.658,0.73222715,lstm
2020-11-25 15:15:00,0.7138,0.74920046,lstm
2020-11-25 15:15:00,0.6916,0.72488534,lstm
2020-11-25 15:15:00,0.658,0.7087046,lstm
2020-11-25 15:15:00,0.6146,0.6913177,lstm
2020-11-25 15:30:00,0.6916,0.72260547,lstm
2020-11-25 15:30:00,0.658,0.6891029,lstm
2020-11-25 15:30:00,0.6146,0.66732574,lstm
2020-11-25 15:30:00,0.5744,0.6434358,lstm
2020-11-25 15:45:00,0.658,0.69384146,lstm
2020-11-25 15:45:00,0.6146,0.6500545,lstm
2020-11-25 15:45:00,0.5744,0.6200066,lstm
2020-11-25 15:45:00,0.5216,0.5891166,lstm
2020-11-25 16:00:00,0.6146,0.6515454,lstm
2020-11-25 16:00:00,0.5744,0.60269314,lstm
2020-11-25 16:00:00,0.5216,0.5598848,lstm
2020-11-25 16:00:00,0.46100003,0.5200988,lstm
2020-11-25 16:15:00,0.5744,0.602559,lstm
2020-11-25 16:15:00,0.5216,0.54528207,lstm
2020-11-25 16:15:00,0.46100003,0.49001366,lstm
2020-11-25 16:15:00,0.39239997,0.4389001,lstm
2020-11-25 16:30:00,0.5216,0.5448568,lstm
2020-11-25 16:30:00,0.461,0.46444654,lstm
2020-11-25 16:30:00,0.3924,0.39911413,lstm
2020-11-25 16:30:00,0.316,0.3337711,lstm
2020-11-25 16:45:00,0.461,0.46207064,lstm
2020-11-25 16:45:00,0.39240003,0.35761106,lstm
2020-11-25 16:45:00,0.316,0.27428052,lstm
2020-11-25 16:45:00,0.21,0.1953523,lstm
2020-11-25 17:00:00,0.3924,0.38832542,lstm
2020-11-25 17:00:00,0.316,0.27686074,lstm
2020-11-25 17:00:00,0.21,0.18421085,lstm
2020-11-25 17:00:00,0.1094,0.109022155,lstm
2020-11-25 17:15:00,0.316,0.3072191,lstm
2020-11-25 17:15:00,0.21,0.20133473,lstm
2020-11-25 17:15:00,0.1094,0.11397815,lstm
2020-11-25 17:15:00,0.05220002,0.055225775,lstm
2020-11-25 17:30:00,0.21,0.21211934,lstm
2020-11-25 17:30:00,0.1094,0.12199425,lstm
2020-11-25 17:30:00,0.052200004,0.056182697,lstm
2020-11-25 17:30:00,0.022400007,0.01956001,lstm
2020-11-25 17:45:00,0.1094,0.10939798,lstm
2020-11-25 17:45:00,0.052200004,0.047023937,lstm
2020-11-25 17:45:00,0.022400022,0.011882797,lstm
2020-11-25 17:45:00,0.0028000027,-0.0007085353,lstm
2020-11-25 18:00:00,0.052200004,0.047508,lstm
2020-11-25 18:00:00,0.022399992,0.010033637,lstm
2020-11-25 18:00:00,0.0028000027,-0.0063886046,lstm
2020-11-25 18:00:00,0.0,-0.007376179,lstm
2020-11-25 18:15:00,0.022399992,0.022814155,lstm
2020-11-25 18:15:00,0.0028000027,-0.00031235814,lstm
2020-11-25 18:15:00,0.0,-0.007850915,lstm
2020-11-25 18:15:00,0.0,-0.006127134,lstm
2020-11-25 18:30:00,0.0028000027,0.011685103,lstm
2020-11-25 18:30:00,0.0,-0.00267376,lstm
2020-11-25 18:30:00,0.0,-0.0055609494,lstm
2020-11-25 18:30:00,0.0,-0.0034344345,lstm
2020-11-25 18:45:00,0.0,0.005517125,lstm
2020-11-25 18:45:00,0.0,-0.0034566224,lstm
2020-11-25 18:45:00,0.0,-0.003976181,lstm
2020-11-25 18:45:00,0.0,-0.0017563403,lstm
2020-11-25 19:00:00,0.0,0.0022345036,lstm
2020-11-25 19:00:00,0.0,-0.0032694787,lstm
2020-11-25 19:00:00,0.0,-0.0027445704,lstm
2020-11-25 19:00:00,0.0,-0.00045624375,lstm
2020-11-25 19:15:00,0.0,0.00055870414,lstm
2020-11-25 19:15:00,0.0,-0.0032381564,lstm
2020-11-25 19:15:00,0.0,-0.0020153672,lstm
2020-11-25 19:15:00,0.0,7.222593e-05,lstm
2020-11-25 19:30:00,0.0,-0.00030083954,lstm
2020-11-25 19:30:00,0.0,-0.0032924563,lstm
2020-11-25 19:30:00,0.0,-0.0016713887,lstm
2020-11-25 19:30:00,0.0,0.00022119284,lstm
2020-11-25 19:45:00,0.0,-0.00077688694,lstm
2020-11-25 19:45:00,0.0,-0.0034303814,lstm
2020-11-25 19:45:00,0.0,-0.0016503036,lstm
2020-11-25 19:45:00,0.0,0.00023455918,lstm
2020-11-25 20:00:00,0.0,-0.0010712892,lstm
2020-11-25 20:00:00,0.0,-0.0035100877,lstm
2020-11-25 20:00:00,0.0,-0.0016378015,lstm
2020-11-25 20:00:00,0.0,0.00027436018,lstm
2020-11-25 20:15:00,0.0,-0.0012319982,lstm
2020-11-25 20:15:00,0.0,-0.0035494864,lstm
2020-11-25 20:15:00,0.0,-0.0016284883,lstm
2020-11-25 20:15:00,0.0,0.00029581785,lstm
2020-11-25 20:30:00,0.0,-0.0013217926,lstm
2020-11-25 20:30:00,0.0,-0.003562346,lstm
2020-11-25 20:30:00,0.0,-0.0016145259,lstm
2020-11-25 20:30:00,0.0,0.00031763315,lstm
2020-11-25 20:45:00,0.0,-0.0014636517,lstm
2020-11-25 20:45:00,0.0,-0.003695339,lstm
2020-11-25 20:45:00,0.0,-0.0017550439,lstm
2020-11-25 20:45:00,0.0,0.0002772659,lstm
2020-11-25 21:00:00,0.0,-0.0015370548,lstm
2020-11-25 21:00:00,0.0,-0.0037080348,lstm
2020-11-25 21:00:00,0.0,-0.0017614514,lstm
2020-11-25 21:00:00,0.0,0.00031986833,lstm
2020-11-25 21:15:00,0.0,-0.001578331,lstm
2020-11-25 21:15:00,0.0,-0.0037031174,lstm
2020-11-25 21:15:00,0.0,-0.0017501265,lstm
2020-11-25 21:15:00,0.0,0.0003528148,lstm
2020-11-25 21:30:00,0.0,-0.0016057789,lstm
2020-11-25 21:30:00,0.0,-0.0036913306,lstm
2020-11-25 21:30:00,0.0,-0.001723811,lstm
2020-11-25 21:30:00,0.0,0.00038678944,lstm
2020-11-25 21:45:00,0.0,-0.0017236471,lstm
2020-11-25 21:45:00,0.0,-0.0037961155,lstm
2020-11-25 21:45:00,0.0,-0.0018672943,lstm
2020-11-25 21:45:00,0.0,0.00033915043,lstm
2020-11-25 22:00:00,0.0,-0.0017545819,lstm
2020-11-25 22:00:00,0.0,-0.0037745684,lstm
2020-11-25 22:00:00,0.0,-0.0018461645,lstm
2020-11-25 22:00:00,0.0,0.00039321184,lstm
2020-11-25 22:15:00,0.0,-0.001756981,lstm
2020-11-25 22:15:00,0.0,-0.0037429482,lstm
2020-11-25 22:15:00,0.0,-0.0018280745,lstm
2020-11-25 22:15:00,0.0,0.0004260689,lstm
2020-11-25 22:30:00,0.0,-0.001748532,lstm
2020-11-25 22:30:00,0.0,-0.0037053823,lstm
2020-11-25 22:30:00,0.0,-0.0018105209,lstm
2020-11-25 22:30:00,0.0,0.00046105683,lstm
2020-11-25 22:45:00,0.0,-0.0018602759,lstm
2020-11-25 22:45:00,0.0,-0.0037798434,lstm
2020-11-25 22:45:00,0.0,-0.0019376427,lstm
2020-11-25 22:45:00,0.0,0.00043319166,lstm
2020-11-25 23:00:00,0.0,-0.0018562227,lstm
2020-11-25 23:00:00,0.0,-0.0037231892,lstm
2020-11-25 23:00:00,0.0,-0.0018974394,lstm
2020-11-25 23:00:00,0.0,0.00049333274,lstm
2020-11-25 23:15:00,0.0,-0.0018372834,lstm
2020-11-25 23:15:00,0.0,-0.0036818683,lstm
2020-11-25 23:15:00,0.0,-0.0018696338,lstm
2020-11-25 23:15:00,0.0,0.0005286038,lstm
2020-11-25 23:30:00,0.0,-0.0018286407,lstm
2020-11-25 23:30:00,0.0,-0.0036552846,lstm
2020-11-25 23:30:00,0.0,-0.0018480867,lstm
2020-11-25 23:30:00,0.0,0.0005556643,lstm
2020-11-25 23:45:00,0.0,-0.0019332021,lstm
2020-11-25 23:45:00,0.0,-0.003713563,lstm
2020-11-25 23:45:00,0.0,-0.0019679517,lstm
2020-11-25 23:45:00,0.0,0.0005106479,lstm
2020-11-26 00:00:00,0.0,-0.0019113272,lstm
2020-11-26 00:00:00,0.0,-0.0036530793,lstm
2020-11-26 00:00:00,0.0,-0.0019274056,lstm
2020-11-26 00:00:00,0.0,0.00054998696,lstm
2020-11-26 00:15:00,0.0,-0.0018877834,lstm
2020-11-26 00:15:00,0.0,-0.0036176592,lstm
2020-11-26 00:15:00,0.0,-0.0019025654,lstm
2020-11-26 00:15:00,0.0,0.00057046115,lstm
2020-11-26 00:30:00,0.0,-0.0018667728,lstm
2020-11-26 00:30:00,0.0,-0.00359343,lstm
2020-11-26 00:30:00,0.0,-0.001894474,lstm
2020-11-26 00:30:00,0.0,0.00057809055,lstm
2020-11-26 00:45:00,0.0,-0.001947254,lstm
2020-11-26 00:45:00,0.0,-0.0036368817,lstm
2020-11-26 00:45:00,0.0,-0.002005905,lstm
2020-11-26 00:45:00,0.0,0.00052163005,lstm
2020-11-26 01:00:00,0.0,-0.0019212067,lstm
2020-11-26 01:00:00,0.0,-0.003581956,lstm
2020-11-26 01:00:00,0.0,-0.0019551367,lstm
2020-11-26 01:00:00,0.0,0.0005504638,lstm
2020-11-26 01:15:00,0.0,-0.0018955171,lstm
2020-11-26 01:15:00,0.0,-0.0035565645,lstm
2020-11-26 01:15:00,0.0,-0.001940757,lstm
2020-11-26 01:15:00,0.0,0.00054588914,lstm
2020-11-26 01:30:00,0.0,-0.001874283,lstm
2020-11-26 01:30:00,0.0,-0.0035396516,lstm
2020-11-26 01:30:00,0.0,-0.0019346625,lstm
2020-11-26 01:30:00,0.0,0.00054344535,lstm
2020-11-26 01:45:00,0.0,-0.0019288659,lstm
2020-11-26 01:45:00,0.0,-0.0035706758,lstm
2020-11-26 01:45:00,0.0,-0.0020424277,lstm
2020-11-26 01:45:00,0.0,0.0004582554,lstm
2020-11-26 02:00:00,0.0,-0.0018932968,lstm
2020-11-26 02:00:00,0.0,-0.0035280883,lstm
2020-11-26 02:00:00,0.0,-0.0020014942,lstm
2020-11-26 02:00:00,0.0,0.00046001375,lstm
2020-11-26 02:15:00,0.0,-0.0018623918,lstm
2020-11-26 02:15:00,0.0,-0.0035139173,lstm
2020-11-26 02:15:00,0.0,-0.0019915402,lstm
2020-11-26 02:15:00,0.0,0.00043851137,lstm
2020-11-26 02:30:00,0.0,-0.0018211156,lstm
2020-11-26 02:30:00,0.0,-0.003506273,lstm
2020-11-26 02:30:00,0.0,-0.0020101368,lstm
2020-11-26 02:30:00,0.0,0.00039964914,lstm
2020-11-26 02:45:00,0.0,-0.0018401295,lstm
2020-11-26 02:45:00,0.0,-0.0035271645,lstm
2020-11-26 02:45:00,0.0,-0.0021013469,lstm
2020-11-26 02:45:00,0.0,0.00030496716,lstm
2020-11-26 03:00:00,0.0,-0.0017942339,lstm
2020-11-26 03:00:00,0.0,-0.0034989417,lstm
2020-11-26 03:00:00,0.0,-0.0020752847,lstm
2020-11-26 03:00:00,0.0,0.00027766824,lstm
2020-11-26 03:15:00,0.0,-0.0017716438,lstm
2020-11-26 03:15:00,0.0,-0.0035018176,lstm
2020-11-26 03:15:00,0.0,-0.0020763874,lstm
2020-11-26 03:15:00,0.0,0.00024731457,lstm
2020-11-26 03:30:00,0.0,-0.0017497838,lstm
2020-11-26 03:30:00,0.0,-0.0035001785,lstm
2020-11-26 03:30:00,0.0,-0.002085343,lstm
2020-11-26 03:30:00,0.0,0.00022150576,lstm
2020-11-26 03:45:00,0.0,-0.0017685741,lstm
2020-11-26 03:45:00,0.0,-0.0035221875,lstm
2020-11-26 03:45:00,0.0,-0.002152115,lstm
2020-11-26 03:45:00,0.0,0.00013250113,lstm
2020-11-26 04:00:00,0.0,-0.0017212182,lstm
2020-11-26 04:00:00,0.0,-0.003521055,lstm
2020-11-26 04:00:00,0.0,-0.0021619648,lstm
2020-11-26 04:00:00,0.0,6.54757e-05,lstm
2020-11-26 04:15:00,0.0,-0.0016795397,lstm
2020-11-26 04:15:00,0.0,-0.0035381615,lstm
2020-11-26 04:15:00,0.0,-0.002187848,lstm
2020-11-26 04:15:00,0.0,1.3068318e-05,lstm
2020-11-26 04:30:00,0.0,-0.0016400814,lstm
2020-11-26 04:30:00,0.0,-0.0035508722,lstm
2020-11-26 04:30:00,0.0,-0.0022179186,lstm
2020-11-26 04:30:00,0.0,-3.0621886e-05,lstm
2020-11-26 04:45:00,0.0,-0.0016405731,lstm
2020-11-26 04:45:00,0.0,-0.0035675913,lstm
2020-11-26 04:45:00,0.0,-0.0022747517,lstm
2020-11-26 04:45:00,0.0,-0.00011020899,lstm
2020-11-26 05:00:00,0.0,-0.0016116798,lstm
2020-11-26 05:00:00,0.0,-0.0036004633,lstm
2020-11-26 05:00:00,0.0,-0.0023043454,lstm
2020-11-26 05:00:00,0.0,-0.00018066168,lstm
2020-11-26 05:15:00,0.0,-0.0015783012,lstm
2020-11-26 05:15:00,0.0,-0.003644988,lstm
2020-11-26 05:15:00,0.0,-0.0023596585,lstm
2020-11-26 05:15:00,0.0,-0.00024746358,lstm
2020-11-26 05:30:00,0.0,-0.0015672147,lstm
2020-11-26 05:30:00,0.0,-0.003691107,lstm
2020-11-26 05:30:00,0.0,-0.0024027824,lstm
2020-11-26 05:30:00,0.0,-0.00027945638,lstm
2020-11-26 05:45:00,0.0,-0.0015828162,lstm
2020-11-26 05:45:00,0.0,-0.0037264228,lstm
2020-11-26 05:45:00,0.0,-0.0024591982,lstm
2020-11-26 05:45:00,0.0,-0.00033727288,lstm
2020-11-26 06:00:00,0.0,-0.0015587062,lstm
2020-11-26 06:00:00,0.0,-0.0037968457,lstm
2020-11-26 06:00:00,0.0,-0.0025221854,lstm
2020-11-26 06:00:00,0.0,-0.00040265918,lstm
2020-11-26 06:15:00,0.0,-0.0014918298,lstm
2020-11-26 06:15:00,0.0,-0.003857687,lstm
2020-11-26 06:15:00,0.0,-0.0026038885,lstm
2020-11-26 06:15:00,0.0,-0.0004580915,lstm
2020-11-26 06:30:00,0.0,-0.0014276952,lstm
2020-11-26 06:30:00,0.0,-0.0039028525,lstm
2020-11-26 06:30:00,0.0,-0.0026511103,lstm
2020-11-26 06:30:00,0.0,-0.0004659742,lstm
2020-11-26 06:45:00,0.0,-0.0014254898,lstm
2020-11-26 06:45:00,0.0,-0.003933087,lstm
2020-11-26 06:45:00,0.0,-0.00267452,lstm
2020-11-26 06:45:00,0.0,-0.0004311353,lstm
2020-11-26 07:00:00,0.0,-0.0014320016,lstm
2020-11-26 07:00:00,0.0,-0.0040370673,lstm
2020-11-26 07:00:00,0.0,-0.0027376711,lstm
2020-11-26 07:00:00,0.0,-0.0004171431,lstm
2020-11-26 07:15:00,0.0,-0.0014039129,lstm
2020-11-26 07:15:00,0.0,-0.0041377246,lstm
2020-11-26 07:15:00,0.0,-0.0028072149,lstm
2020-11-26 07:15:00,0.0,-0.00037452579,lstm
2020-11-26 07:30:00,0.0,-0.0013444126,lstm
2020-11-26 07:30:00,0.0,-0.0042289793,lstm
2020-11-26 07:30:00,0.0,-0.0028710961,lstm
2020-11-26 07:30:00,0.0,-0.00032399595,lstm
2020-11-26 07:45:00,0.0,-0.0013024062,lstm
2020-11-26 07:45:00,0.0,-0.00426507,lstm
2020-11-26 07:45:00,0.0,-0.0028420836,lstm
2020-11-26 07:45:00,0.0,-0.00012890995,lstm
2020-11-26 08:00:00,0.0,-0.001283139,lstm
2020-11-26 08:00:00,0.0,-0.0043970197,lstm
2020-11-26 08:00:00,0.0,-0.0028428286,lstm
2020-11-26 08:00:00,0.0,0.00010316074,lstm
2020-11-26 08:15:00,0.0,-0.00118801,lstm
2020-11-26 08:15:00,0.0,-0.004554689,lstm
2020-11-26 08:15:00,0.0,-0.0028552413,lstm
2020-11-26 08:15:00,0.0,0.00041897595,lstm
2020-11-26 08:30:00,0.0,-0.0009890199,lstm
2020-11-26 08:30:00,0.0,-0.0047515333,lstm
2020-11-26 08:30:00,0.0,-0.0028196126,lstm
2020-11-26 08:30:00,0.002000004,0.0010078847,lstm
2020-11-26 08:45:00,0.0,-0.00073349476,lstm
2020-11-26 08:45:00,0.0,-0.004837215,lstm
2020-11-26 08:45:00,0.002000004,-0.0023973584,lstm
2020-11-26 08:45:00,0.016399994,0.0025820583,lstm
2020-11-26 09:00:00,0.0,-0.00043407083,lstm
2020-11-26 09:00:00,0.002000004,-0.004849717,lstm
2020-11-26 09:00:00,0.016399994,-0.00077693164,lstm
2020-11-26 09:00:00,0.052599996,0.007860199,lstm
2020-11-26 09:15:00,0.002000004,-0.00047518313,lstm
2020-11-26 09:15:00,0.016399994,-0.0015895069,lstm
2020-11-26 09:15:00,0.052599996,0.0096093565,lstm
2020-11-26 09:15:00,0.0994,0.033118457,lstm
2020-11-26 09:30:00,0.016399994,0.00060305,lstm
2020-11-26 09:30:00,0.052599996,0.015890032,lstm
2020-11-26 09:30:00,0.0994,0.048957586,lstm
2020-11-26 09:30:00,0.184,0.105746,lstm
2020-11-26 09:45:00,0.052599996,0.03182277,lstm
2020-11-26 09:45:00,0.0994,0.07164225,lstm
2020-11-26 09:45:00,0.184,0.13954324,lstm
2020-11-26 09:45:00,0.3226,0.22276321,lstm
2020-11-26 10:00:00,0.0994,0.10496252,lstm
2020-11-26 10:00:00,0.184,0.1766779,lstm
2020-11-26 10:00:00,0.3226,0.27687413,lstm
2020-11-26 10:00:00,0.4104,0.366427,lstm
2020-11-26 10:15:00,0.184,0.1831373,lstm
2020-11-26 10:15:00,0.3226,0.27792102,lstm
2020-11-26 10:15:00,0.4104,0.3827095,lstm
2020-11-26 10:15:00,0.4788,0.45965374,lstm
2020-11-26 10:30:00,0.3226,0.29692638,lstm
2020-11-26 10:30:00,0.4104,0.387394,lstm
2020-11-26 10:30:00,0.4788,0.46681643,lstm
2020-11-26 10:30:00,0.5368,0.5387604,lstm
2020-11-26 10:45:00,0.4104,0.40294904,lstm
2020-11-26 10:45:00,0.47879997,0.47655997,lstm
2020-11-26 10:45:00,0.5368,0.5354141,lstm
2020-11-26 10:45:00,0.5878,0.60693645,lstm
2020-11-26 11:00:00,0.4788,0.46955484,lstm
2020-11-26 11:00:00,0.5368,0.53065634,lstm
2020-11-26 11:00:00,0.58779997,0.58508795,lstm
2020-11-26 11:00:00,0.633,0.64075977,lstm
2020-11-26 11:15:00,0.5368,0.5407145,lstm
2020-11-26 11:15:00,0.5878,0.58636224,lstm
2020-11-26 11:15:00,0.633,0.6342461,lstm
2020-11-26 11:15:00,0.67,0.66816014,lstm
2020-11-26 11:30:00,0.5878,0.5995757,lstm
2020-11-26 11:30:00,0.633,0.63066804,lstm
2020-11-26 11:30:00,0.67,0.66698426,lstm
2020-11-26 11:30:00,0.7056,0.6882723,lstm
2020-11-26 11:45:00,0.633,0.64493763,lstm
2020-11-26 11:45:00,0.67,0.6668322,lstm
2020-11-26 11:45:00,0.7056,0.6932278,lstm
2020-11-26 11:45:00,0.7366,0.7116495,lstm
2020-11-26 12:00:00,0.67,0.67881703,lstm
2020-11-26 12:00:00,0.7056,0.6956034,lstm
2020-11-26 12:00:00,0.7366,0.7140639,lstm
2020-11-26 12:00:00,0.7582,0.73242354,lstm
2020-11-26 12:15:00,0.7056,0.7016596,lstm
2020-11-26 12:15:00,0.7365999,0.7151449,lstm
2020-11-26 12:15:00,0.7582,0.72719085,lstm
2020-11-26 12:15:00,0.7772,0.74495715,lstm
2020-11-26 12:30:00,0.7366,0.72373486,lstm
2020-11-26 12:30:00,0.75819993,0.73477864,lstm
2020-11-26 12:30:00,0.7771999,0.7437999,lstm
2020-11-26 12:30:00,0.7962,0.7619236,lstm
2020-11-26 12:45:00,0.7582,0.74357635,lstm
2020-11-26 12:45:00,0.7772,0.7531918,lstm
2020-11-26 12:45:00,0.7962,0.7599836,lstm
2020-11-26 12:45:00,0.8088,0.7778944,lstm
2020-11-26 13:00:00,0.7772,0.75854605,lstm
2020-11-26 13:00:00,0.7961999,0.7660041,lstm
2020-11-26 13:00:00,0.8088,0.77076805,lstm
2020-11-26 13:00:00,0.81759995,0.78699327,lstm
2020-11-26 13:15:00,0.7962,0.78002423,lstm
2020-11-26 13:15:00,0.8088,0.7839925,lstm
2020-11-26 13:15:00,0.8176,0.7885483,lstm
2020-11-26 13:15:00,0.8222,0.80350196,lstm
2020-11-26 13:30:00,0.8088,0.80421054,lstm
2020-11-26 13:30:00,0.8176,0.8049573,lstm
2020-11-26 13:30:00,0.8222,0.8101517,lstm
2020-11-26 13:30:00,0.8188,0.8241395,lstm
2020-11-26 13:45:00,0.8176,0.8185764,lstm
2020-11-26 13:45:00,0.82219994,0.81697464,lstm
2020-11-26 13:45:00,0.8188,0.82126033,lstm
2020-11-26 13:45:00,0.81139994,0.83306634,lstm
2020-11-26 14:00:00,0.8222,0.8271733,lstm
2020-11-26 14:00:00,0.8188,0.8231143,lstm
2020-11-26 14:00:00,0.8114,0.82622784,lstm
2020-11-26 14:00:00,0.799,0.8352,lstm
2020-11-26 14:15:00,0.8188,0.831426,lstm
2020-11-26 14:15:00,0.81139994,0.82441366,lstm
2020-11-26 14:15:00,0.799,0.8256076,lstm
2020-11-26 14:15:00,0.7848,0.8310349,lstm
2020-11-26 14:30:00,0.8114,0.82752967,lstm
2020-11-26 14:30:00,0.799,0.8175931,lstm
2020-11-26 14:30:00,0.7848,0.81604314,lstm
2020-11-26 14:30:00,0.7632,0.8172171,lstm
2020-11-26 14:45:00,0.799,0.8207376,lstm
2020-11-26 14:45:00,0.78479993,0.8076203,lstm
2020-11-26 14:45:00,0.7632,0.802875,lstm
2020-11-26 14:45:00,0.7386,0.79983926,lstm
2020-11-26 15:00:00,0.7848,0.80735624,lstm
2020-11-26 15:00:00,0.7631999,0.79085135,lstm
2020-11-26 15:00:00,0.7386,0.7823408,lstm
2020-11-26 15:00:00,0.708,0.7738452,lstm
2020-11-26 15:15:00,0.7632,0.7915007,lstm
2020-11-26 15:15:00,0.7386,0.77033055,lstm
2020-11-26 15:15:00,0.708,0.75782084,lstm
2020-11-26 15:15:00,0.6672,0.74404156,lstm
2020-11-26 15:30:00,0.7386,0.7657707,lstm
2020-11-26 15:30:00,0.70799994,0.738016,lstm
2020-11-26 15:30:00,0.6672,0.7201687,lstm
2020-11-26 15:30:00,0.6264,0.69973373,lstm
2020-11-26 15:45:00,0.708,0.7362998,lstm
2020-11-26 15:45:00,0.6672,0.69692934,lstm
2020-11-26 15:45:00,0.6264,0.67234385,lstm
2020-11-26 15:45:00,0.579,0.6441163,lstm
2020-11-26 16:00:00,0.6672,0.6893084,lstm
2020-11-26 16:00:00,0.6264,0.6418572,lstm
2020-11-26 16:00:00,0.579,0.60867655,lstm
2020-11-26 16:00:00,0.5216,0.57388777,lstm
2020-11-26 16:15:00,0.6264,0.6455095,lstm
2020-11-26 16:15:00,0.579,0.5940002,lstm
2020-11-26 16:15:00,0.5216,0.54607403,lstm
2020-11-26 16:15:00,0.45740002,0.5032262,lstm
2020-11-26 16:30:00,0.579,0.5972391,lstm
2020-11-26 16:30:00,0.5216,0.52427876,lstm
2020-11-26 16:30:00,0.45740002,0.45439845,lstm
2020-11-26 16:30:00,0.3574,0.3922664,lstm
2020-11-26 16:45:00,0.5216,0.51721704,lstm
2020-11-26 16:45:00,0.4574,0.4115619,lstm
2020-11-26 16:45:00,0.3574,0.3299863,lstm
2020-11-26 16:45:00,0.2214,0.25029072,lstm
2020-11-26 17:00:00,0.4574,0.44716015,lstm
2020-11-26 17:00:00,0.3574,0.3322317,lstm
2020-11-26 17:00:00,0.2214,0.23981446,lstm
2020-11-26 17:00:00,0.0838,0.157781,lstm
2020-11-26 17:15:00,0.3574,0.37772602,lstm
2020-11-26 17:15:00,0.2214,0.2632639,lstm
2020-11-26 17:15:00,0.0838,0.16585481,lstm
2020-11-26 17:15:00,0.024800003,0.09331794,lstm
2020-11-26 17:30:00,0.2214,0.2719946,lstm
2020-11-26 17:30:00,0.0838,0.17583549,lstm
2020-11-26 17:30:00,0.024800003,0.09244358,lstm
2020-11-26 17:30:00,0.010800004,0.045999467,lstm
2020-11-26 17:45:00,0.0838,0.14138278,lstm
2020-11-26 17:45:00,0.024800003,0.0744783,lstm
2020-11-26 17:45:00,0.010800004,0.030692726,lstm
2020-11-26 17:45:00,0.00059999526,0.007851258,lstm
2020-11-26 18:00:00,0.024800003,0.052052796,lstm
2020-11-26 18:00:00,0.010800004,0.017644584,lstm
2020-11-26 18:00:00,0.00059999526,0.00048306584,lstm
2020-11-26 18:00:00,0.0,-0.007919982,lstm
2020-11-26 18:15:00,0.010799989,0.02040127,lstm
2020-11-26 18:15:00,0.00059999526,0.0025949776,lstm
2020-11-26 18:15:00,0.0,-0.0038536042,lstm
2020-11-26 18:15:00,0.0,-0.0060528517,lstm
2020-11-26 18:30:00,0.00059999526,0.010806397,lstm
2020-11-26 18:30:00,0.0,-0.0002824813,lstm
2020-11-26 18:30:00,0.0,-0.002605006,lstm
2020-11-26 18:30:00,0.0,-0.0019418746,lstm
2020-11-26 18:45:00,0.0,0.0046860725,lstm
2020-11-26 18:45:00,0.0,-0.0017552972,lstm
2020-11-26 18:45:00,0.0,-0.002358839,lstm
2020-11-26 18:45:00,0.0,-0.00057145953,lstm
2020-11-26 19:00:00,0.0,0.001959145,lstm
2020-11-26 19:00:00,0.0,-0.0022942722,lstm
2020-11-26 19:00:00,0.0,-0.0018432289,lstm
2020-11-26 19:00:00,0.0,0.00017224252,lstm
2020-11-26 19:15:00,0.0,0.0005303323,lstm
2020-11-26 19:15:00,0.0,-0.0026945025,lstm
2020-11-26 19:15:00,0.0,-0.0016106218,lstm
2020-11-26 19:15:00,0.0,0.00032390654,lstm
2020-11-26 19:30:00,0.0,-0.0002181828,lstm
2020-11-26 19:30:00,0.0,-0.0029319078,lstm
2020-11-26 19:30:00,0.0,-0.0014971346,lstm
2020-11-26 19:30:00,0.0,0.00035743415,lstm
2020-11-26 19:45:00,0.0,-0.0006851256,lstm
2020-11-26 19:45:00,0.0,-0.0031957328,lstm
2020-11-26 19:45:00,0.0,-0.0015825629,lstm
2020-11-26 19:45:00,0.0,0.00031390786,lstm
2020-11-26 20:00:00,0.0,-0.0009947568,lstm
2020-11-26 20:00:00,0.0,-0.003336981,lstm
2020-11-26 20:00:00,0.0,-0.0016071945,lstm
2020-11-26 20:00:00,0.0,0.00033460557,lstm
2020-11-26 20:15:00,0.0,-0.0011751503,lstm
2020-11-26 20:15:00,0.0,-0.0034117848,lstm
2020-11-26 20:15:00,0.0,-0.0016083866,lstm
2020-11-26 20:15:00,0.0,0.00034682453,lstm
2020-11-26 20:30:00,0.0,-0.0012794286,lstm
2020-11-26 20:30:00,0.0,-0.0034465045,lstm
2020-11-26 20:30:00,0.0,-0.0015955716,lstm
2020-11-26 20:30:00,0.0,0.0003607571,lstm
2020-11-26 20:45:00,0.0,-0.001432687,lstm
2020-11-26 20:45:00,0.0,-0.0035967976,lstm
2020-11-26 20:45:00,0.0,-0.0017456412,lstm
2020-11-26 20:45:00,0.0,0.00030691922,lstm
2020-11-26 21:00:00,0.0,-0.0015143305,lstm
2020-11-26 21:00:00,0.0,-0.0036222339,lstm
2020-11-26 21:00:00,0.0,-0.0017524362,lstm
2020-11-26 21:00:00,0.0,0.0003476888,lstm
2020-11-26 21:15:00,0.0,-0.0015559793,lstm
2020-11-26 21:15:00,0.0,-0.0036181659,lstm
2020-11-26 21:15:00,0.0,-0.0017348975,lstm
2020-11-26 21:15:00,0.0,0.00038135052,lstm
2020-11-26 21:30:00,0.0,-0.0015915781,lstm
2020-11-26 21:30:00,0.0,-0.0036230236,lstm
2020-11-26 21:30:00,0.0,-0.0017102957,lstm
2020-11-26 21:30:00,0.0,0.00040350854,lstm
2020-11-26 21:45:00,0.0,-0.00170739,lstm
2020-11-26 21:45:00,0.0,-0.0037362278,lstm
2020-11-26 21:45:00,0.0,-0.0018719882,lstm
2020-11-26 21:45:00,0.0,0.0003413707,lstm
2020-11-26 22:00:00,0.0,-0.001726076,lstm
2020-11-26 22:00:00,0.0,-0.003708288,lstm
2020-11-26 22:00:00,0.0,-0.0018495917,lstm
2020-11-26 22:00:00,0.0,0.0004003644,lstm
2020-11-26 22:15:00,0.0,-0.0017296076,lstm
2020-11-26 22:15:00,0.0,-0.0036752075,lstm
2020-11-26 22:15:00,0.0,-0.0018197745,lstm
2020-11-26 22:15:00,0.0,0.0004415065,lstm
2020-11-26 22:30:00,0.0,-0.0017360896,lstm
2020-11-26 22:30:00,0.0,-0.0036487728,lstm
2020-11-26 22:30:00,0.0,-0.0017870069,lstm
2020-11-26 22:30:00,0.0,0.00047835708,lstm
2020-11-26 22:45:00,0.0,-0.0018480569,lstm
2020-11-26 22:45:00,0.0,-0.0037309676,lstm
2020-11-26 22:45:00,0.0,-0.0019396245,lstm
2020-11-26 22:45:00,0.0,0.00042545795,lstm
2020-11-26 23:00:00,0.0,-0.0018483549,lstm
2020-11-26 23:00:00,0.0,-0.0036837012,lstm
2020-11-26 23:00:00,0.0,-0.0018949807,lstm
2020-11-26 23:00:00,0.0,0.0004900396,lstm
2020-11-26 23:15:00,0.0,-0.0018478632,lstm
2020-11-26 23:15:00,0.0,-0.003654018,lstm
2020-11-26 23:15:00,0.0,-0.0018599033,lstm
2020-11-26 23:15:00,0.0,0.0005236417,lstm
2020-11-26 23:30:00,0.0,-0.0018325448,lstm
2020-11-26 23:30:00,0.0,-0.0036183,lstm
2020-11-26 23:30:00,0.0,-0.0018381029,lstm
2020-11-26 23:30:00,0.0,0.00054626167,lstm
2020-11-26 23:45:00,0.0,-0.0019373,lstm
2020-11-26 23:45:00,0.0,-0.0036916882,lstm
2020-11-26 23:45:00,0.0,-0.0019834638,lstm
2020-11-26 23:45:00,0.0,0.00048196316,lstm
2020-11-27 00:00:00,0.0,-0.0019123554,lstm
2020-11-27 00:00:00,0.0,-0.0036316216,lstm
2020-11-27 00:00:00,0.0,-0.001938358,lstm
2020-11-27 00:00:00,0.0,0.0005271882,lstm
2020-11-27 00:15:00,0.0,-0.0018966794,lstm
2020-11-27 00:15:00,0.0,-0.0036006272,lstm
2020-11-27 00:15:00,0.0,-0.0019067675,lstm
2020-11-27 00:15:00,0.0,0.0005503893,lstm
2020-11-27 00:30:00,0.0,-0.001880303,lstm
2020-11-27 00:30:00,0.0,-0.0035770833,lstm
2020-11-27 00:30:00,0.0,-0.0018921494,lstm
2020-11-27 00:30:00,0.0,0.00055912137,lstm
2020-11-27 00:45:00,0.0,-0.0019621104,lstm
2020-11-27 00:45:00,0.0,-0.0036288202,lstm
2020-11-27 00:45:00,0.0,-0.0020131618,lstm
2020-11-27 00:45:00,0.0,0.0004900396,lstm
2020-11-27 01:00:00,0.0,-0.001930505,lstm
2020-11-27 01:00:00,0.0,-0.0035779625,lstm
2020-11-27 01:00:00,0.0,-0.0019730777,lstm
2020-11-27 01:00:00,0.0,0.00050753355,lstm
2020-11-27 01:15:00,0.0,-0.0019126683,lstm
2020-11-27 01:15:00,0.0,-0.0035586953,lstm
2020-11-27 01:15:00,0.0,-0.0019495636,lstm
2020-11-27 01:15:00,0.0,0.00051148236,lstm
2020-11-27 01:30:00,0.0,-0.0018981099,lstm
2020-11-27 01:30:00,0.0,-0.0035478175,lstm
2020-11-27 01:30:00,0.0,-0.00194408,lstm
2020-11-27 01:30:00,0.0,0.0005040318,lstm
2020-11-27 01:45:00,0.0,-0.001967311,lstm
2020-11-27 01:45:00,0.0,-0.0035980642,lstm
2020-11-27 01:45:00,0.0,-0.0020662248,lstm
2020-11-27 01:45:00,0.0,0.00040614605,lstm
2020-11-27 02:00:00,0.0,-0.0019312948,lstm
2020-11-27 02:00:00,0.0,-0.0035588443,lstm
2020-11-27 02:00:00,0.0,-0.0020332932,lstm
2020-11-27 02:00:00,0.0,0.00040060282,lstm
2020-11-27 02:15:00,0.0,-0.0019052923,lstm
2020-11-27 02:15:00,0.0,-0.0035527796,lstm
2020-11-27 02:15:00,0.0,-0.0020358413,lstm
2020-11-27 02:15:00,0.0,0.0003734678,lstm
2020-11-27 02:30:00,0.0,-0.001885727,lstm
2020-11-27 02:30:00,0.0,-0.0035449117,lstm
2020-11-27 02:30:00,0.0,-0.0020323694,lstm
2020-11-27 02:30:00,0.0,0.0003632456,lstm
2020-11-27 02:45:00,0.0,-0.0019231886,lstm
2020-11-27 02:45:00,0.0,-0.003574878,lstm
2020-11-27 02:45:00,0.0,-0.0021255463,lstm
2020-11-27 02:45:00,0.0,0.0002605766,lstm
2020-11-27 03:00:00,0.0,-0.0018781573,lstm
2020-11-27 03:00:00,0.0,-0.0035530776,lstm
2020-11-27 03:00:00,0.0,-0.0021196008,lstm
2020-11-27 03:00:00,0.0,0.0002091974,lstm
2020-11-27 03:15:00,0.0,-0.0018463433,lstm
2020-11-27 03:15:00,0.0,-0.0035640001,lstm
2020-11-27 03:15:00,0.0,-0.0021370202,lstm
2020-11-27 03:15:00,0.0,0.00015613437,lstm
2020-11-27 03:30:00,0.0,-0.0018293858,lstm
2020-11-27 03:30:00,0.0,-0.0035825223,lstm
2020-11-27 03:30:00,0.0,-0.002157703,lstm
2020-11-27 03:30:00,0.0,0.00011511147,lstm
2020-11-27 03:45:00,0.0,-0.0018700957,lstm
2020-11-27 03:45:00,0.0,-0.0036268383,lstm
2020-11-27 03:45:00,0.0,-0.002251774,lstm
2020-11-27 03:45:00,0.0,2.3841858e-07,lstm
2020-11-27 04:00:00,0.0,-0.0018482357,lstm
2020-11-27 04:00:00,0.0,-0.0036434084,lstm
2020-11-27 04:00:00,0.0,-0.0022740513,lstm
2020-11-27 04:00:00,0.0,-7.57277e-05,lstm
2020-11-27 04:15:00,0.0,-0.001823023,lstm
2020-11-27 04:15:00,0.0,-0.0036729127,lstm
2020-11-27 04:15:00,0.0,-0.0023154914,lstm
2020-11-27 04:15:00,0.0,-0.00014260411,lstm
2020-11-27 04:30:00,0.0,-0.0017974526,lstm
2020-11-27 04:30:00,0.0,-0.003692478,lstm
2020-11-27 04:30:00,0.0,-0.002343759,lstm
2020-11-27 04:30:00,0.0,-0.00018523633,lstm
2020-11-27 04:45:00,0.0,-0.0018135905,lstm
2020-11-27 04:45:00,0.0,-0.00373286,lstm
2020-11-27 04:45:00,0.0,-0.0024185032,lstm
2020-11-27 04:45:00,0.0,-0.0002951026,lstm
2020-11-27 05:00:00,0.0,-0.0017870814,lstm
2020-11-27 05:00:00,0.0,-0.0037837327,lstm
2020-11-27 05:00:00,0.0,-0.0024744421,lstm
2020-11-27 05:00:00,0.0,-0.00040316582,lstm
2020-11-27 05:15:00,0.0,-0.0017623305,lstm
2020-11-27 05:15:00,0.0,-0.0038461983,lstm
2020-11-27 05:15:00,0.0,-0.0025422275,lstm
2020-11-27 05:15:00,0.0,-0.00048686564,lstm
2020-11-27 05:30:00,0.0,-0.0017368942,lstm
2020-11-27 05:30:00,0.0,-0.0038962066,lstm
2020-11-27 05:30:00,0.0,-0.0025886446,lstm
2020-11-27 05:30:00,0.0,-0.0005403757,lstm
2020-11-27 05:45:00,0.0,-0.0017820001,lstm
2020-11-27 05:45:00,0.0,-0.0039678067,lstm
2020-11-27 05:45:00,0.0,-0.0026642233,lstm
2020-11-27 05:45:00,0.0,-0.0006208867,lstm
2020-11-27 06:00:00,0.0,-0.0017852336,lstm
2020-11-27 06:00:00,0.0,-0.00406301,lstm
2020-11-27 06:00:00,0.0,-0.002750948,lstm
2020-11-27 06:00:00,0.0,-0.00071795285,lstm
2020-11-27 06:15:00,0.0,-0.001777038,lstm
2020-11-27 06:15:00,0.0,-0.004164502,lstm
2020-11-27 06:15:00,0.0,-0.002840206,lstm
2020-11-27 06:15:00,0.0,-0.0007787347,lstm
2020-11-27 06:30:00,0.0,-0.0017676651,lstm
2020-11-27 06:30:00,0.0,-0.004254788,lstm
2020-11-27 06:30:00,0.0,-0.0028882474,lstm
2020-11-27 06:30:00,0.0,-0.0008018613,lstm
2020-11-27 06:45:00,0.0,-0.001797244,lstm
2020-11-27 06:45:00,0.0,-0.004332915,lstm
2020-11-27 06:45:00,0.0,-0.0029206425,lstm
2020-11-27 06:45:00,0.0,-0.0007933527,lstm
2020-11-27 07:00:00,0.0,-0.0017824024,lstm
2020-11-27 07:00:00,0.0,-0.004458308,lstm
2020-11-27 07:00:00,0.0,-0.0029949248,lstm
2020-11-27 07:00:00,0.0,-0.0007979572,lstm
2020-11-27 07:15:00,0.0,-0.0017365366,lstm
2020-11-27 07:15:00,0.0,-0.004569426,lstm
2020-11-27 07:15:00,0.0,-0.0030315816,lstm
2020-11-27 07:15:00,0.0,-0.00072288513,lstm
2020-11-27 07:30:00,0.0,-0.0016539395,lstm
2020-11-27 07:30:00,0.0,-0.004675269,lstm
2020-11-27 07:30:00,0.0,-0.0030635446,lstm
2020-11-27 07:30:00,0.0,-0.00064978004,lstm
2020-11-27 07:45:00,0.0,-0.001597479,lstm
2020-11-27 07:45:00,0.0,-0.004717216,lstm
2020-11-27 07:45:00,0.0,-0.002975285,lstm
2020-11-27 07:45:00,0.0,-0.00037948787,lstm
2020-11-27 08:00:00,0.0,-0.001537934,lstm
2020-11-27 08:00:00,0.0,-0.0048343986,lstm
2020-11-27 08:00:00,0.0,-0.0028987527,lstm
2020-11-27 08:00:00,0.0,-4.1231513e-05,lstm
2020-11-27 08:15:00,0.0,-0.0014052242,lstm
2020-11-27 08:15:00,0.0,-0.0049565583,lstm
2020-11-27 08:15:00,0.0,-0.0027590543,lstm
2020-11-27 08:15:00,0.0,0.00047689676,lstm
2020-11-27 08:30:00,0.0,-0.0011858046,lstm
2020-11-27 08:30:00,0.0,-0.0051091462,lstm
2020-11-27 08:30:00,0.0,-0.002541542,lstm
2020-11-27 08:30:00,0.0,0.0013166815,lstm
2020-11-27 08:45:00,0.0,-0.0008498877,lstm
2020-11-27 08:45:00,0.0,-0.005156204,lstm
2020-11-27 08:45:00,0.0,-0.002070412,lstm
2020-11-27 08:45:00,0.0041999966,0.0029669702,lstm
2020-11-27 09:00:00,0.0,-0.00043958426,lstm
2020-11-27 09:00:00,0.0,-0.0049001873,lstm
2020-11-27 09:00:00,0.0041999966,-7.584691e-06,lstm
2020-11-27 09:00:00,0.018999994,0.008544683,lstm
2020-11-27 09:15:00,0.0,-5.9470534e-05,lstm
2020-11-27 09:15:00,0.0041999966,-0.0010294914,lstm
2020-11-27 09:15:00,0.018999994,0.01179643,lstm
2020-11-27 09:15:00,0.0396,0.035064593,lstm
2020-11-27 09:30:00,0.0041999966,-0.00036208332,lstm
2020-11-27 09:30:00,0.018999994,0.018603012,lstm
2020-11-27 09:30:00,0.0396,0.05719033,lstm
2020-11-27 09:30:00,0.061800003,0.11955236,lstm
2020-11-27 09:45:00,0.018999994,0.0061793774,lstm
2020-11-27 09:45:00,0.0396,0.036028415,lstm
2020-11-27 09:45:00,0.061800003,0.0964412,lstm
2020-11-27 09:45:00,0.069,0.17362015,lstm
2020-11-27 10:00:00,0.0396,0.04376273,lstm
2020-11-27 10:00:00,0.061800003,0.09165485,lstm
2020-11-27 10:00:00,0.069,0.17706247,lstm
2020-11-27 10:00:00,0.127,0.2572375,lstm
2020-11-27 10:15:00,0.061800003,0.069261275,lstm
2020-11-27 10:15:00,0.069,0.13397458,lstm
2020-11-27 10:15:00,0.127,0.22263658,lstm
2020-11-27 10:15:00,0.3468,0.28767455,lstm
2020-11-27 10:30:00,0.069,0.07977032,lstm
2020-11-27 10:30:00,0.127,0.13906342,lstm
2020-11-27 10:30:00,0.3468,0.20454372,lstm
2020-11-27 10:30:00,0.2972,0.24738076,lstm
2020-11-27 10:45:00,0.127,0.049341768,lstm
2020-11-27 10:45:00,0.3468,0.093756005,lstm
2020-11-27 10:45:00,0.2972,0.14106807,lstm
2020-11-27 10:45:00,0.5426,0.17360225,lstm
2020-11-27 11:00:00,0.3468,0.15867439,lstm
2020-11-27 11:00:00,0.2972,0.19890985,lstm
2020-11-27 11:00:00,0.5426,0.24077863,lstm
2020-11-27 11:00:00,0.58659995,0.26423264,lstm
2020-11-27 11:15:00,0.2972,0.34075004,lstm
2020-11-27 11:15:00,0.5426,0.3646639,lstm
2020-11-27 11:15:00,0.5866,0.39960912,lstm
2020-11-27 11:15:00,0.6328,0.42905024,lstm
2020-11-27 11:30:00,0.5426,0.2356551,lstm
2020-11-27 11:30:00,0.5866,0.28277346,lstm
2020-11-27 11:30:00,0.6328,0.3111474,lstm
2020-11-27 11:30:00,0.5846,0.34643853,lstm
2020-11-27 11:45:00,0.58659995,0.47316605,lstm
2020-11-27 11:45:00,0.6328,0.49065545,lstm
2020-11-27 11:45:00,0.5846,0.52007127,lstm
2020-11-27 11:45:00,0.4294,0.5479257,lstm
2020-11-27 12:00:00,0.6328,0.5207236,lstm
2020-11-27 12:00:00,0.5846,0.54447,lstm
2020-11-27 12:00:00,0.4294,0.57309496,lstm
2020-11-27 12:00:00,0.4092,0.5983949,lstm
2020-11-27 12:15:00,0.5846,0.5936055,lstm
2020-11-27 12:15:00,0.4294,0.61268795,lstm
2020-11-27 12:15:00,0.4092,0.63892305,lstm
2020-11-27 12:15:00,0.5406,0.66024387,lstm
2020-11-27 12:30:00,0.4294,0.56263673,lstm
2020-11-27 12:30:00,0.4092,0.5845612,lstm
2020-11-27 12:30:00,0.54059994,0.59813505,lstm
2020-11-27 12:30:00,0.6923999,0.60451955,lstm
2020-11-27 12:45:00,0.4092,0.40771747,lstm
2020-11-27 12:45:00,0.5406,0.43305135,lstm
2020-11-27 12:45:00,0.6924,0.4338348,lstm
2020-11-27 12:45:00,0.6916,0.4275527,lstm
2020-11-27 13:00:00,0.5406,0.3338199,lstm
2020-11-27 13:00:00,0.6924,0.34171566,lstm
2020-11-27 13:00:00,0.6916,0.3425359,lstm
2020-11-27 13:00:00,0.65999997,0.3468364,lstm
2020-11-27 13:15:00,0.6924,0.5530945,lstm
2020-11-27 13:15:00,0.6916,0.55652595,lstm
2020-11-27 13:15:00,0.66,0.55307174,lstm
2020-11-27 13:15:00,0.6502,0.5616039,lstm
2020-11-27 13:30:00,0.6916,0.6883362,lstm
2020-11-27 13:30:00,0.66,0.69072884,lstm
2020-11-27 13:30:00,0.6502,0.6774371,lstm
2020-11-27 13:30:00,0.7926,0.6866458,lstm
2020-11-27 13:45:00,0.66,0.6982474,lstm
2020-11-27 13:45:00,0.6502,0.69987893,lstm
2020-11-27 13:45:00,0.7926,0.68093085,lstm
2020-11-27 13:45:00,0.7906,0.67640245,lstm
2020-11-27 14:00:00,0.6502,0.65884066,lstm
2020-11-27 14:00:00,0.7925999,0.6472019,lstm
2020-11-27 14:00:00,0.7906,0.62171406,lstm
2020-11-27 14:00:00,0.7724,0.60260594,lstm
2020-11-27 14:15:00,0.7926,0.6390023,lstm
2020-11-27 14:15:00,0.79059994,0.60932064,lstm
2020-11-27 14:15:00,0.7724,0.57664084,lstm
2020-11-27 14:15:00,0.7502,0.5509343,lstm
2020-11-27 14:30:00,0.7906,0.7147514,lstm
2020-11-27 14:30:00,0.7724,0.67929244,lstm
2020-11-27 14:30:00,0.7502,0.6472266,lstm
2020-11-27 14:30:00,0.6834,0.63292927,lstm
2020-11-27 14:45:00,0.7724,0.704028,lstm
2020-11-27 14:45:00,0.7501999,0.6764623,lstm
2020-11-27 14:45:00,0.6834,0.6388892,lstm
2020-11-27 14:45:00,0.6126,0.61345667,lstm
2020-11-27 15:00:00,0.7502,0.6675573,lstm
2020-11-27 15:00:00,0.6834,0.6320879,lstm
2020-11-27 15:00:00,0.6126,0.584295,lstm
2020-11-27 15:00:00,0.6566,0.5461807,lstm
2020-11-27 15:15:00,0.6834,0.61771977,lstm
2020-11-27 15:15:00,0.6126,0.5681909,lstm
2020-11-27 15:15:00,0.6566,0.5084921,lstm
2020-11-27 15:15:00,0.6142,0.45701593,lstm
2020-11-27 15:30:00,0.6126,0.5865524,lstm
2020-11-27 15:30:00,0.6566,0.5293282,lstm
2020-11-27 15:30:00,0.6142,0.4617415,lstm
2020-11-27 15:30:00,0.574,0.40039343,lstm
2020-11-27 15:45:00,0.6566,0.51805294,lstm
2020-11-27 15:45:00,0.6142,0.43903232,lstm
2020-11-27 15:45:00,0.574,0.36896038,lstm
2020-11-27 15:45:00,0.5248,0.30470413,lstm
2020-11-27 16:00:00,0.6142,0.5272842,lstm
2020-11-27 16:00:00,0.574,0.4444059,lstm
2020-11-27 16:00:00,0.5248,0.37609184,lstm
2020-11-27 16:00:00,0.46600002,0.31098974,lstm
2020-11-27 16:15:00,0.574,0.4724932,lstm
2020-11-27 16:15:00,0.5248,0.38644344,lstm
2020-11-27 16:15:00,0.46600002,0.31490088,lstm
2020-11-27 16:15:00,0.394,0.23970364,lstm
2020-11-27 16:30:00,0.5248,0.4414361,lstm
2020-11-27 16:30:00,0.466,0.33558437,lstm
2020-11-27 16:30:00,0.394,0.25045604,lstm
2020-11-27 16:30:00,0.3128,0.16932638,lstm
2020-11-27 16:45:00,0.466,0.4578629,lstm
2020-11-27 16:45:00,0.394,0.35769975,lstm
2020-11-27 16:45:00,0.3128,0.27837306,lstm
2020-11-27 16:45:00,0.2032,0.1959109,lstm
2020-11-27 17:00:00,0.394,0.39699513,lstm
2020-11-27 17:00:00,0.3128,0.28488114,lstm
2020-11-27 17:00:00,0.2032,0.19657637,lstm
2020-11-27 17:00:00,0.10699999,0.1165662,lstm
2020-11-27 17:15:00,0.3128,0.31749967,lstm
2020-11-27 17:15:00,0.2032,0.20607643,lstm
2020-11-27 17:15:00,0.107,0.118291005,lstm
2020-11-27 17:15:00,0.0554,0.054897845,lstm
2020-11-27 17:30:00,0.2032,0.19617502,lstm
2020-11-27 17:30:00,0.107,0.11256142,lstm
2020-11-27 17:30:00,0.055400014,0.043584898,lstm
2020-11-27 17:30:00,0.020999998,0.016088411,lstm
2020-11-27 17:45:00,0.107,0.10792583,lstm
2020-11-27 17:45:00,0.0554,0.04414244,lstm
2020-11-27 17:45:00,0.020999998,0.0056990683,lstm
2020-11-27 17:45:00,0.002399996,-0.0019999444,lstm
2020-11-27 18:00:00,0.0554,0.054182097,lstm
2020-11-27 18:00:00,0.020999998,0.011258259,lstm
2020-11-27 18:00:00,0.002399996,-0.008083552,lstm
2020-11-27 18:00:00,0.0,-0.007396385,lstm
2020-11-27 18:15:00,0.020999998,0.027803496,lstm
2020-11-27 18:15:00,0.002399996,0.00085151196,lstm
2020-11-27 18:15:00,0.0,-0.008340418,lstm
2020-11-27 18:15:00,0.0,-0.0060738623,lstm
2020-11-27 18:30:00,0.002399996,0.012630358,lstm
2020-11-27 18:30:00,0.0,-0.0026459396,lstm
2020-11-27 18:30:00,0.0,-0.0058552623,lstm
2020-11-27 18:30:00,0.0,-0.0038110167,lstm
2020-11-27 18:45:00,0.0,0.0060304254,lstm
2020-11-27 18:45:00,0.0,-0.0033365786,lstm
2020-11-27 18:45:00,0.0,-0.003955379,lstm
2020-11-27 18:45:00,0.0,-0.0019717366,lstm
2020-11-27 19:00:00,0.0,0.0025623143,lstm
2020-11-27 19:00:00,0.0,-0.0031223,lstm
2020-11-27 19:00:00,0.0,-0.0026756078,lstm
2020-11-27 19:00:00,0.0,-0.0005877614,lstm
2020-11-27 19:15:00,0.0,0.00081054866,lstm
2020-11-27 19:15:00,0.0,-0.0030782819,lstm
2020-11-27 19:15:00,0.0,-0.0019334406,lstm
2020-11-27 19:15:00,0.0,-1.0386109e-05,lstm
2020-11-27 19:30:00,0.0,-6.7546964e-05,lstm
2020-11-27 19:30:00,0.0,-0.0031534135,lstm
2020-11-27 19:30:00,0.0,-0.0016141832,lstm
2020-11-27 19:30:00,0.0,0.00012917817,lstm
2020-11-27 19:45:00,0.0,-0.00057800114,lstm
2020-11-27 19:45:00,0.0,-0.0033154339,lstm
2020-11-27 19:45:00,0.0,-0.0016096085,lstm
2020-11-27 19:45:00,0.0,0.00014136732,lstm
2020-11-27 20:00:00,0.0,-0.00095006824,lstm
2020-11-27 20:00:00,0.0,-0.0033923239,lstm
2020-11-27 20:00:00,0.0,-0.0015765727,lstm
2020-11-27 20:00:00,0.0,0.00022520125,lstm
2020-11-27 20:15:00,0.0,-0.0011404753,lstm
2020-11-27 20:15:00,0.0,-0.0034405738,lstm
2020-11-27 20:15:00,0.0,-0.0015674382,lstm
2020-11-27 20:15:00,0.0,0.00025482476,lstm
2020-11-27 20:30:00,0.0,-0.0012603849,lstm
2020-11-27 20:30:00,0.0,-0.0034701228,lstm
2020-11-27 20:30:00,0.0,-0.0015522689,lstm
2020-11-27 20:30:00,0.0,0.00028012693,lstm
2020-11-27 20:45:00,0.0,-0.0014127344,lstm
2020-11-27 20:45:00,0.0,-0.003616929,lstm
2020-11-27 20:45:00,0.0,-0.0017169118,lstm
2020-11-27 20:45:00,0.0,0.00022995472,lstm
2020-11-27 21:00:00,0.0,-0.001502037,lstm
2020-11-27 21:00:00,0.0,-0.003646046,lstm
2020-11-27 21:00:00,0.0,-0.0017278641,lstm
2020-11-27 21:00:00,0.0,0.00027763844,lstm
2020-11-27 21:15:00,0.0,-0.0015433878,lstm
2020-11-27 21:15:00,0.0,-0.0036416799,lstm
2020-11-27 21:15:00,0.0,-0.0017198175,lstm
2020-11-27 21:15:00,0.0,0.00031352043,lstm
2020-11-27 21:30:00,0.0,-0.0015499741,lstm
2020-11-27 21:30:00,0.0,-0.0036195964,lstm
2020-11-27 21:30:00,0.0,-0.0017095953,lstm
2020-11-27 21:30:00,0.0,0.00034469366,lstm
2020-11-27 21:45:00,0.0,-0.0016770959,lstm
2020-11-27 21:45:00,0.0,-0.0037320852,lstm
2020-11-27 21:45:00,0.0,-0.0018664151,lstm
2020-11-27 21:45:00,0.0,0.00031140447,lstm
2020-11-27 22:00:00,0.0,-0.0016986728,lstm
2020-11-27 22:00:00,0.0,-0.0037043095,lstm
2020-11-27 22:00:00,0.0,-0.0018507391,lstm
2020-11-27 22:00:00,0.0,0.00037543476,lstm
2020-11-27 22:15:00,0.0,-0.0017056018,lstm
2020-11-27 22:15:00,0.0,-0.0036681443,lstm
2020-11-27 22:15:00,0.0,-0.0018219799,lstm
2020-11-27 22:15:00,0.0,0.0004286319,lstm
2020-11-27 22:30:00,0.0,-0.0017104447,lstm
2020-11-27 22:30:00,0.0,-0.0036412477,lstm
2020-11-27 22:30:00,0.0,-0.0017971843,lstm
2020-11-27 22:30:00,0.0,0.00046870112,lstm
2020-11-27 22:45:00,0.0,-0.001843676,lstm
2020-11-27 22:45:00,0.0,-0.0037360936,lstm
2020-11-27 22:45:00,0.0,-0.0019459426,lstm
2020-11-27 22:45:00,0.0,0.00042806566,lstm
2020-11-27 23:00:00,0.0,-0.0018409044,lstm
2020-11-27 23:00:00,0.0,-0.0036838502,lstm
2020-11-27 23:00:00,0.0,-0.0019053519,lstm
2020-11-27 23:00:00,0.0,0.0004925579,lstm
2020-11-27 23:15:00,0.0,-0.0018345714,lstm
2020-11-27 23:15:00,0.0,-0.0036499202,lstm
2020-11-27 23:15:00,0.0,-0.0018738657,lstm
2020-11-27 23:15:00,0.0,0.00053040683,lstm
2020-11-27 23:30:00,0.0,-0.0018223822,lstm
2020-11-27 23:30:00,0.0,-0.0036197007,lstm
2020-11-27 23:30:00,0.0,-0.0018533021,lstm
2020-11-27 23:30:00,0.0,0.0005572438,lstm
2020-11-27 23:45:00,0.0,-0.0019293875,lstm
2020-11-27 23:45:00,0.0,-0.0036866963,lstm
2020-11-27 23:45:00,0.0,-0.0019961298,lstm
2020-11-27 23:45:00,0.0,0.0005003214,lstm
2020-11-28 00:00:00,0.0,-0.0019146502,lstm
2020-11-28 00:00:00,0.0,-0.0036316514,lstm
2020-11-28 00:00:00,0.0,-0.0019441098,lstm
2020-11-28 00:00:00,0.0,0.00055348873,lstm
2020-11-28 00:15:00,0.0,-0.0018997937,lstm
2020-11-28 00:15:00,0.0,-0.0035989136,lstm
2020-11-28 00:15:00,0.0,-0.0019142628,lstm
2020-11-28 00:15:00,0.0,0.0005746186,lstm
2020-11-28 00:30:00,0.0,-0.001889512,lstm
2020-11-28 00:30:00,0.0,-0.00357984,lstm
2020-11-28 00:30:00,0.0,-0.0019006282,lstm
2020-11-28 00:30:00,0.0,0.00058601797,lstm
2020-11-28 00:45:00,0.0,-0.0019720495,lstm
2020-11-28 00:45:00,0.0,-0.0036223978,lstm
2020-11-28 00:45:00,0.0,-0.002024278,lstm
2020-11-28 00:45:00,0.0,0.0005209148,lstm
2020-11-28 01:00:00,0.0,-0.0019414574,lstm
2020-11-28 01:00:00,0.0,-0.0035694689,lstm
2020-11-28 01:00:00,0.0,-0.001976356,lstm
2020-11-28 01:00:00,0.0,0.000549227,lstm
2020-11-28 01:15:00,0.0,-0.001919046,lstm
2020-11-28 01:15:00,0.0,-0.0035462081,lstm
2020-11-28 01:15:00,0.0,-0.0019567162,lstm
2020-11-28 01:15:00,0.0,0.0005494952,lstm
2020-11-28 01:30:00,0.0,-0.001907602,lstm
2020-11-28 01:30:00,0.0,-0.0035377145,lstm
2020-11-28 01:30:00,0.0,-0.001948446,lstm
2020-11-28 01:30:00,0.0,0.0005495697,lstm
2020-11-28 01:45:00,0.0,-0.0019751042,lstm
2020-11-28 01:45:00,0.0,-0.0035747439,lstm
2020-11-28 01:45:00,0.0,-0.0020584613,lstm
2020-11-28 01:45:00,0.0,0.0004659444,lstm
2020-11-28 02:00:00,0.0,-0.0019372553,lstm
2020-11-28 02:00:00,0.0,-0.0035285056,lstm
2020-11-28 02:00:00,0.0,-0.0020192415,lstm
2020-11-28 02:00:00,0.0,0.0004658997,lstm
2020-11-28 02:15:00,0.0,-0.0019097924,lstm
2020-11-28 02:15:00,0.0,-0.0035223067,lstm
2020-11-28 02:15:00,0.0,-0.0020185262,lstm
2020-11-28 02:15:00,0.0,0.00043918192,lstm
2020-11-28 02:30:00,0.0,-0.0018903464,lstm
2020-11-28 02:30:00,0.0,-0.0035191327,lstm
2020-11-28 02:30:00,0.0,-0.0020213127,lstm
2020-11-28 02:30:00,0.0,0.00042398274,lstm
2020-11-28 02:45:00,0.0,-0.0019263029,lstm
2020-11-28 02:45:00,0.0,-0.0035452247,lstm
2020-11-28 02:45:00,0.0,-0.0021133125,lstm
2020-11-28 02:45:00,0.0,0.000329867,lstm
2020-11-28 03:00:00,0.0,-0.001877144,lstm
2020-11-28 03:00:00,0.0,-0.0035173446,lstm
2020-11-28 03:00:00,0.0,-0.0020967126,lstm
2020-11-28 03:00:00,0.0,0.00029408932,lstm
2020-11-28 03:15:00,0.0,-0.0018369406,lstm
2020-11-28 03:15:00,0.0,-0.0035132766,lstm
2020-11-28 03:15:00,0.0,-0.0020989329,lstm
2020-11-28 03:15:00,0.0,0.00025859475,lstm
2020-11-28 03:30:00,0.0,-0.0018117875,lstm
2020-11-28 03:30:00,0.0,-0.0035220385,lstm
2020-11-28 03:30:00,0.0,-0.0021157414,lstm
2020-11-28 03:30:00,0.0,0.00022247434,lstm
2020-11-28 03:45:00,0.0,-0.0018348694,lstm
2020-11-28 03:45:00,0.0,-0.0035504103,lstm
2020-11-28 03:45:00,0.0,-0.0021930933,lstm
2020-11-28 03:45:00,0.0,0.00012345612,lstm
2020-11-28 04:00:00,0.0,-0.0018036813,lstm
2020-11-28 04:00:00,0.0,-0.0035555363,lstm
2020-11-28 04:00:00,0.0,-0.002190113,lstm
2020-11-28 04:00:00,0.0,7.143617e-05,lstm
2020-11-28 04:15:00,0.0,-0.0017665029,lstm
2020-11-28 04:15:00,0.0,-0.0035780072,lstm
2020-11-28 04:15:00,0.0,-0.0022236705,lstm
2020-11-28 04:15:00,0.0,6.8843365e-06,lstm
2020-11-28 04:30:00,0.0,-0.0017228574,lstm
2020-11-28 04:30:00,0.0,-0.003591895,lstm
2020-11-28 04:30:00,0.0,-0.002257958,lstm
2020-11-28 04:30:00,0.0,-4.0471554e-05,lstm
2020-11-28 04:45:00,0.0,-0.0017296225,lstm
2020-11-28 04:45:00,0.0,-0.0036187917,lstm
2020-11-28 04:45:00,0.0,-0.0023190677,lstm
2020-11-28 04:45:00,0.0,-0.00012420118,lstm
2020-11-28 05:00:00,0.0,-0.0016793162,lstm
2020-11-28 05:00:00,0.0,-0.0036447495,lstm
2020-11-28 05:00:00,0.0,-0.002357185,lstm
2020-11-28 05:00:00,0.0,-0.00021006167,lstm
2020-11-28 05:15:00,0.0,-0.0016262084,lstm
2020-11-28 05:15:00,0.0,-0.003677994,lstm
2020-11-28 05:15:00,0.0,-0.0024042279,lstm
2020-11-28 05:15:00,0.0,-0.00026990473,lstm
2020-11-28 05:30:00,0.0,-0.0015858412,lstm
2020-11-28 05:30:00,0.0,-0.0037082434,lstm
2020-11-28 05:30:00,0.0,-0.002438441,lstm
2020-11-28 05:30:00,0.0,-0.00030507147,lstm
2020-11-28 05:45:00,0.0,-0.0015942901,lstm
2020-11-28 05:45:00,0.0,-0.0037409067,lstm
2020-11-28 05:45:00,0.0,-0.0024927557,lstm
2020-11-28 05:45:00,0.0,-0.0003643036,lstm
2020-11-28 06:00:00,0.0,-0.0015875101,lstm
2020-11-28 06:00:00,0.0,-0.0038149059,lstm
2020-11-28 06:00:00,0.0,-0.0025489777,lstm
2020-11-28 06:00:00,0.0,-0.00042265654,lstm
2020-11-28 06:15:00,0.0,-0.0015591979,lstm
2020-11-28 06:15:00,0.0,-0.0038866997,lstm
2020-11-28 06:15:00,0.0,-0.0026207715,lstm
2020-11-28 06:15:00,0.0,-0.00046513975,lstm
2020-11-28 06:30:00,0.0,-0.00151366,lstm
2020-11-28 06:30:00,0.0,-0.003945902,lstm
2020-11-28 06:30:00,0.0,-0.0026869178,lstm
2020-11-28 06:30:00,0.0,-0.0004953146,lstm
2020-11-28 06:45:00,0.0,-0.0015204549,lstm
2020-11-28 06:45:00,0.0,-0.0039901435,lstm
2020-11-28 06:45:00,0.0,-0.0027139336,lstm
2020-11-28 06:45:00,0.0,-0.00046777725,lstm
2020-11-28 07:00:00,0.0,-0.0015219748,lstm
2020-11-28 07:00:00,0.0,-0.0040985793,lstm
2020-11-28 07:00:00,0.0,-0.0027767569,lstm
2020-11-28 07:00:00,0.0,-0.00045980513,lstm
2020-11-28 07:15:00,0.0,-0.001481995,lstm
2020-11-28 07:15:00,0.0,-0.004199609,lstm
2020-11-28 07:15:00,0.0,-0.0028407872,lstm
2020-11-28 07:15:00,0.0,-0.00041790307,lstm
2020-11-28 07:30:00,0.0,-0.0014185309,lstm
2020-11-28 07:30:00,0.0,-0.0042889863,lstm
2020-11-28 07:30:00,0.0,-0.0028896332,lstm
2020-11-28 07:30:00,0.0,-0.00035484135,lstm
2020-11-28 07:45:00,0.0,-0.0013812929,lstm
2020-11-28 07:45:00,0.0,-0.004324615,lstm
2020-11-28 07:45:00,0.0,-0.0028437972,lstm
2020-11-28 07:45:00,0.0,-0.00014598668,lstm
2020-11-28 08:00:00,0.0,-0.0013529509,lstm
2020-11-28 08:00:00,0.0,-0.0044496357,lstm
2020-11-28 08:00:00,0.0,-0.002833441,lstm
2020-11-28 08:00:00,0.0,8.563697e-05,lstm
2020-11-28 08:15:00,0.0,-0.0012692064,lstm
2020-11-28 08:15:00,0.0,-0.0045920312,lstm
2020-11-28 08:15:00,0.0,-0.0027934313,lstm
2020-11-28 08:15:00,0.0,0.00044974685,lstm
2020-11-28 08:30:00,0.0,-0.0010765195,lstm
2020-11-28 08:30:00,0.0,-0.004773468,lstm
2020-11-28 08:30:00,0.0,-0.0027164072,lstm
2020-11-28 08:30:00,0.0,0.0010498911,lstm
2020-11-28 08:45:00,0.0,-0.000822708,lstm
2020-11-28 08:45:00,0.0,-0.004815832,lstm
2020-11-28 08:45:00,0.0,-0.0022319406,lstm
2020-11-28 08:45:00,0.008599997,0.002605319,lstm
2020-11-28 09:00:00,0.0,-0.00048099458,lstm
2020-11-28 09:00:00,0.0,-0.004742205,lstm
2020-11-28 09:00:00,0.008599997,-0.0005992651,lstm
2020-11-28 09:00:00,0.037399992,0.0074683726,lstm
2020-11-28 09:15:00,0.0,-0.00026245415,lstm
2020-11-28 09:15:00,0.008599997,-0.0019486398,lstm
2020-11-28 09:15:00,0.037400007,0.008590296,lstm
2020-11-28 09:15:00,0.069,0.029644832,lstm
2020-11-28 09:30:00,0.008599997,-0.00026915967,lstm
2020-11-28 09:30:00,0.037400007,0.014178008,lstm
2020-11-28 09:30:00,0.069,0.04599461,lstm
2020-11-28 09:30:00,0.1336,0.10076618,lstm
2020-11-28 09:45:00,0.037400007,0.009059638,lstm
2020-11-28 09:45:00,0.069,0.03608279,lstm
2020-11-28 09:45:00,0.1336,0.08952915,lstm
2020-11-28 09:45:00,0.2594,0.16277799,lstm
2020-11-28 10:00:00,0.069,0.07626504,lstm
2020-11-28 10:00:00,0.1336,0.13065125,lstm
2020-11-28 10:00:00,0.2594,0.21915615,lstm
2020-11-28 10:00:00,0.3638,0.30466548,lstm
2020-11-28 10:15:00,0.1336,0.12671207,lstm
2020-11-28 10:15:00,0.2594,0.20829906,lstm
2020-11-28 10:15:00,0.3638,0.310178,lstm
2020-11-28 10:15:00,0.3686,0.38619635,lstm
2020-11-28 10:30:00,0.2594,0.23069245,lstm
2020-11-28 10:30:00,0.3638,0.31845918,lstm
2020-11-28 10:30:00,0.3686,0.40571386,lstm
2020-11-28 10:30:00,0.4026,0.47043777,lstm
2020-11-28 10:45:00,0.3638,0.3502972,lstm
2020-11-28 10:45:00,0.3686,0.42454118,lstm
2020-11-28 10:45:00,0.4026,0.48515618,lstm
2020-11-28 10:45:00,0.3884,0.5548177,lstm
2020-11-28 11:00:00,0.3686,0.42377198,lstm
2020-11-28 11:00:00,0.4026,0.48520234,lstm
2020-11-28 11:00:00,0.38840002,0.5368448,lstm
2020-11-28 11:00:00,0.5836,0.59991765,lstm
2020-11-28 11:15:00,0.4026,0.42506868,lstm
2020-11-28 11:15:00,0.3884,0.48418164,lstm
2020-11-28 11:15:00,0.5836,0.52561986,lstm
2020-11-28 11:15:00,0.603,0.56999224,lstm
2020-11-28 11:30:00,0.38839996,0.478646,lstm
2020-11-28 11:30:00,0.5835999,0.5199673,lstm
2020-11-28 11:30:00,0.603,0.5556062,lstm
2020-11-28 11:30:00,0.6336,0.5847675,lstm
2020-11-28 11:45:00,0.5836,0.4514737,lstm
2020-11-28 11:45:00,0.603,0.47951058,lstm
2020-11-28 11:45:00,0.6336,0.50140536,lstm
2020-11-28 11:45:00,0.6502,0.5148578,lstm
2020-11-28 12:00:00,0.603,0.63481605,lstm
2020-11-28 12:00:00,0.6336,0.6517171,lstm
2020-11-28 12:00:00,0.6502,0.6789449,lstm
2020-11-28 12:00:00,0.5988,0.7076838,lstm
2020-11-28 12:15:00,0.6336,0.652154,lstm
2020-11-28 12:15:00,0.6502,0.6799998,lstm
2020-11-28 12:15:00,0.5988,0.69720626,lstm
2020-11-28 12:15:00,0.6356,0.7187532,lstm
2020-11-28 12:30:00,0.6502,0.691458,lstm
2020-11-28 12:30:00,0.5988,0.7142148,lstm
2020-11-28 12:30:00,0.6356,0.7277343,lstm
2020-11-28 12:30:00,0.59,0.74895495,lstm
2020-11-28 12:45:00,0.5988,0.7039979,lstm
2020-11-28 12:45:00,0.6356,0.72275364,lstm
2020-11-28 12:45:00,0.59,0.73093283,lstm
2020-11-28 12:45:00,0.6472,0.7463173,lstm
2020-11-28 13:00:00,0.6356,0.5935898,lstm
2020-11-28 13:00:00,0.59000003,0.5960586,lstm
2020-11-28 13:00:00,0.6472,0.5929517,lstm
2020-11-28 13:00:00,0.641,0.5882969,lstm
2020-11-28 13:15:00,0.59,0.6764549,lstm
2020-11-28 13:15:00,0.6472,0.6734953,lstm
2020-11-28 13:15:00,0.641,0.67868,lstm
2020-11-28 13:15:00,0.611,0.6868688,lstm
2020-11-28 13:30:00,0.6472,0.56383014,lstm
2020-11-28 13:30:00,0.641,0.5664017,lstm
2020-11-28 13:30:00,0.611,0.55988824,lstm
2020-11-28 13:30:00,0.6332,0.55953753,lstm
2020-11-28 13:45:00,0.64100003,0.6762483,lstm
2020-11-28 13:45:00,0.611,0.6723784,lstm
2020-11-28 13:45:00,0.6332,0.6695124,lstm
2020-11-28 13:45:00,0.4968,0.6789777,lstm
2020-11-28 14:00:00,0.611,0.6337676,lstm
2020-11-28 14:00:00,0.6332,0.6344249,lstm
2020-11-28 14:00:00,0.4968,0.62540555,lstm
2020-11-28 14:00:00,0.44060004,0.6258515,lstm
2020-11-28 14:15:00,0.6332,0.588687,lstm
2020-11-28 14:15:00,0.4968,0.5819118,lstm
2020-11-28 14:15:00,0.44060004,0.56614065,lstm
2020-11-28 14:15:00,0.49980003,0.56254023,lstm
2020-11-28 14:30:00,0.4968,0.6055964,lstm
2020-11-28 14:30:00,0.4406,0.58568066,lstm
2020-11-28 14:30:00,0.49980003,0.5658042,lstm
2020-11-28 14:30:00,0.4814,0.5622779,lstm
2020-11-28 14:45:00,0.4406,0.47889027,lstm
2020-11-28 14:45:00,0.4998,0.48847657,lstm
2020-11-28 14:45:00,0.4814,0.47060436,lstm
2020-11-28 14:45:00,0.4048,0.45853692,lstm
2020-11-28 15:00:00,0.4998,0.41757965,lstm
2020-11-28 15:00:00,0.48139998,0.41234207,lstm
2020-11-28 15:00:00,0.4048,0.39222708,lstm
2020-11-28 15:00:00,0.5364,0.37772593,lstm
2020-11-28 15:15:00,0.48139998,0.48034278,lstm
2020-11-28 15:15:00,0.4048,0.44461596,lstm
2020-11-28 15:15:00,0.5364,0.4158002,lstm
2020-11-28 15:15:00,0.41,0.3952495,lstm
2020-11-28 15:30:00,0.4048,0.43988073,lstm
2020-11-28 15:30:00,0.5364001,0.4025048,lstm
2020-11-28 15:30:00,0.41,0.36801964,lstm
2020-11-28 15:30:00,0.3394,0.33534342,lstm
2020-11-28 15:45:00,0.5364,0.36989284,lstm
2020-11-28 15:45:00,0.41,0.3315285,lstm
2020-11-28 15:45:00,0.3394,0.29363894,lstm
2020-11-28 15:45:00,0.3278,0.24959984,lstm
2020-11-28 16:00:00,0.41,0.42633963,lstm
2020-11-28 16:00:00,0.3394,0.3738378,lstm
2020-11-28 16:00:00,0.3278,0.31826866,lstm
2020-11-28 16:00:00,0.2408,0.2657593,lstm
2020-11-28 16:15:00,0.3394,0.31793064,lstm
2020-11-28 16:15:00,0.3278,0.26953822,lstm
2020-11-28 16:15:00,0.2408,0.2235237,lstm
2020-11-28 16:15:00,0.3128,0.16780427,lstm
2020-11-28 16:30:00,0.3278,0.25584233,lstm
2020-11-28 16:30:00,0.2408,0.19539675,lstm
2020-11-28 16:30:00,0.3128,0.14845724,lstm
2020-11-28 16:30:00,0.1886,0.09923941,lstm
2020-11-28 16:45:00,0.2408,0.25006658,lstm
2020-11-28 16:45:00,0.3128,0.17926143,lstm
2020-11-28 16:45:00,0.1886,0.12089345,lstm
2020-11-28 16:45:00,0.1192,0.07433294,lstm
2020-11-28 17:00:00,0.3128,0.19094455,lstm
2020-11-28 17:00:00,0.1886,0.1198463,lstm
2020-11-28 17:00:00,0.1192,0.06872741,lstm
2020-11-28 17:00:00,0.0766,0.033351317,lstm
2020-11-28 17:15:00,0.1886,0.18324147,lstm
2020-11-28 17:15:00,0.1192,0.12836319,lstm
2020-11-28 17:15:00,0.0766,0.06800707,lstm
2020-11-28 17:15:00,0.040199995,0.038493395,lstm
2020-11-28 17:30:00,0.1192,0.10212807,lstm
2020-11-28 17:30:00,0.0766,0.055447802,lstm
2020-11-28 17:30:00,0.040199995,0.019601166,lstm
2020-11-28 17:30:00,0.022200003,0.008238912,lstm
2020-11-28 17:45:00,0.0766,0.04714437,lstm
2020-11-28 17:45:00,0.040199995,0.016705617,lstm
2020-11-28 17:45:00,0.022200003,0.00044624507,lstm
2020-11-28 17:45:00,0.004999995,-0.0017317235,lstm
2020-11-28 18:00:00,0.040199995,0.02435498,lstm
2020-11-28 18:00:00,0.022200003,0.0035699904,lstm
2020-11-28 18:00:00,0.00500001,-0.003839314,lstm
2020-11-28 18:00:00,0.0,-0.0032470524,lstm
2020-11-28 18:15:00,0.022200003,0.012846604,lstm
2020-11-28 18:15:00,0.004999995,-0.0015065819,lstm
2020-11-28 18:15:00,0.0,-0.0046010464,lstm
2020-11-28 18:15:00,0.0,-0.003083557,lstm
2020-11-28 18:30:00,0.004999995,0.006842941,lstm
2020-11-28 18:30:00,0.0,-0.0029224306,lstm
2020-11-28 18:30:00,0.0,-0.003540635,lstm
2020-11-28 18:30:00,0.0,-0.0020741075,lstm
2020-11-28 18:45:00,0.0,0.0030023009,lstm
2020-11-28 18:45:00,0.0,-0.003513068,lstm
2020-11-28 18:45:00,0.0,-0.00333862,lstm
2020-11-28 18:45:00,0.0,-0.0012185872,lstm
2020-11-28 19:00:00,0.0,0.0012380034,lstm
2020-11-28 19:00:00,0.0,-0.0033607334,lstm
2020-11-28 19:00:00,0.0,-0.002497241,lstm
2020-11-28 19:00:00,0.0,-0.0003850013,lstm
2020-11-28 19:15:00,0.0,4.8607588e-05,lstm
2020-11-28 19:15:00,0.0,-0.0033910125,lstm
2020-11-28 19:15:00,0.0,-0.0019233525,lstm
2020-11-28 19:15:00,0.0,-9.968877e-06,lstm
2020-11-28 19:30:00,0.0,-0.0005443245,lstm
2020-11-28 19:30:00,0.0,-0.0034423172,lstm
2020-11-28 19:30:00,0.0,-0.0017231256,lstm
2020-11-28 19:30:00,0.0,0.000106945634,lstm
2020-11-28 19:45:00,0.0,-0.00088614225,lstm
2020-11-28 19:45:00,0.0,-0.0035704821,lstm
2020-11-28 19:45:00,0.0,-0.0017630607,lstm
2020-11-28 19:45:00,0.0,0.00012752414,lstm
2020-11-28 20:00:00,0.0,-0.0011804998,lstm
2020-11-28 20:00:00,0.0,-0.0036315024,lstm
2020-11-28 20:00:00,0.0,-0.0017451346,lstm
2020-11-28 20:00:00,0.0,0.00022742152,lstm
2020-11-28 20:15:00,0.0,-0.0013455003,lstm
2020-11-28 20:15:00,0.0,-0.0036771744,lstm
2020-11-28 20:15:00,0.0,-0.0017306507,lstm
2020-11-28 20:15:00,0.0,0.00027057528,lstm
2020-11-28 20:30:00,0.0,-0.0014268607,lstm
2020-11-28 20:30:00,0.0,-0.0036794692,lstm
2020-11-28 20:30:00,0.0,-0.001711756,lstm
2020-11-28 20:30:00,0.0,0.0003106743,lstm
2020-11-28 20:45:00,0.0,-0.0015455782,lstm
2020-11-28 20:45:00,0.0,-0.003783375,lstm
2020-11-28 20:45:00,0.0,-0.001843825,lstm
2020-11-28 20:45:00,0.0,0.0002872646,lstm
2020-11-28 21:00:00,0.0,-0.0015994161,lstm
2020-11-28 21:00:00,0.0,-0.0037800968,lstm
2020-11-28 21:00:00,0.0,-0.0018577874,lstm
2020-11-28 21:00:00,0.0,0.0003400147,lstm
2020-11-28 21:15:00,0.0,-0.0016539544,lstm
2020-11-28 21:15:00,0.0,-0.0037567168,lstm
2020-11-28 21:15:00,0.0,-0.0018178076,lstm
2020-11-28 21:15:00,0.0,0.0004158616,lstm
2020-11-28 21:30:00,0.0,-0.0016764253,lstm
2020-11-28 21:30:00,0.0,-0.0037410855,lstm
2020-11-28 21:30:00,0.0,-0.0017967522,lstm
2020-11-28 21:30:00,0.0,0.00044837594,lstm
2020-11-28 21:45:00,0.0,-0.0017894208,lstm
2020-11-28 21:45:00,0.0,-0.0038286299,lstm
2020-11-28 21:45:00,0.0,-0.0019311458,lstm
2020-11-28 21:45:00,0.0,0.00042003393,lstm
2020-11-28 22:00:00,0.0,-0.0018072426,lstm
2020-11-28 22:00:00,0.0,-0.0037935972,lstm
2020-11-28 22:00:00,0.0,-0.0019130409,lstm
2020-11-28 22:00:00,0.0,0.00047808886,lstm
2020-11-28 22:15:00,0.0,-0.0018106997,lstm
2020-11-28 22:15:00,0.0,-0.0037578046,lstm
2020-11-28 22:15:00,0.0,-0.0018821359,lstm
2020-11-28 22:15:00,0.0,0.0005251467,lstm
2020-11-28 22:30:00,0.0,-0.0018098652,lstm
2020-11-28 22:30:00,0.0,-0.0037254542,lstm
2020-11-28 22:30:00,0.0,-0.0018512905,lstm
2020-11-28 22:30:00,0.0,0.0005635768,lstm
2020-11-28 22:45:00,0.0,-0.0019122958,lstm
2020-11-28 22:45:00,0.0,-0.0037875175,lstm
2020-11-28 22:45:00,0.0,-0.0019780546,lstm
2020-11-28 22:45:00,0.0,0.0005301088,lstm
2020-11-28 23:00:00,0.0,-0.0019048899,lstm
2020-11-28 23:00:00,0.0,-0.00373438,lstm
2020-11-28 23:00:00,0.0,-0.0019420534,lstm
2020-11-28 23:00:00,0.0,0.00058475137,lstm
2020-11-28 23:15:00,0.0,-0.0019019991,lstm
2020-11-28 23:15:00,0.0,-0.0037014782,lstm
2020-11-28 23:15:00,0.0,-0.001905486,lstm
2020-11-28 23:15:00,0.0,0.0006251782,lstm
2020-11-28 23:30:00,0.0,-0.0018943846,lstm
2020-11-28 23:30:00,0.0,-0.003672704,lstm
2020-11-28 23:30:00,0.0,-0.0018780828,lstm
2020-11-28 23:30:00,0.0,0.0006508231,lstm
2020-11-28 23:45:00,0.0,-0.0019776225,lstm
2020-11-28 23:45:00,0.0,-0.0037134886,lstm
2020-11-28 23:45:00,0.0,-0.0019994825,lstm
2020-11-28 23:45:00,0.0,0.000598982,lstm
2020-11-29 00:00:00,0.0,-0.0019397885,lstm
2020-11-29 00:00:00,0.0,-0.0036424845,lstm
2020-11-29 00:00:00,0.0,-0.001952216,lstm
2020-11-29 00:00:00,0.0,0.0006412864,lstm
2020-11-29 00:15:00,0.0,-0.0019149184,lstm
2020-11-29 00:15:00,0.0,-0.0036121607,lstm
2020-11-29 00:15:00,0.0,-0.0019248575,lstm
2020-11-29 00:15:00,0.0,0.0006582439,lstm
2020-11-29 00:30:00,0.0,-0.0018902719,lstm
2020-11-29 00:30:00,0.0,-0.0035812855,lstm
2020-11-29 00:30:00,0.0,-0.0019012243,lstm
2020-11-29 00:30:00,0.0,0.0006726682,lstm
2020-11-29 00:45:00,0.0,-0.0019377619,lstm
2020-11-29 00:45:00,0.0,-0.0035943836,lstm
2020-11-29 00:45:00,0.0,-0.0020075887,lstm
2020-11-29 00:45:00,0.0,0.00060787797,lstm
2020-11-29 01:00:00,0.0,-0.0019009858,lstm
2020-11-29 01:00:00,0.0,-0.0035423338,lstm
2020-11-29 01:00:00,0.0,-0.0019520223,lstm
2020-11-29 01:00:00,0.0,0.0006387085,lstm
2020-11-29 01:15:00,0.0,-0.0018854439,lstm
2020-11-29 01:15:00,0.0,-0.003527522,lstm
2020-11-29 01:15:00,0.0,-0.0019307137,lstm
2020-11-29 01:15:00,0.0,0.00063732266,lstm
2020-11-29 01:30:00,0.0,-0.0018806607,lstm
2020-11-29 01:30:00,0.0,-0.0035125911,lstm
2020-11-29 01:30:00,0.0,-0.0019150823,lstm
2020-11-29 01:30:00,0.0,0.0006452054,lstm
2020-11-29 01:45:00,0.0,-0.0019397438,lstm
2020-11-29 01:45:00,0.0,-0.0035291016,lstm
2020-11-29 01:45:00,0.0,-0.00200437,lstm
2020-11-29 01:45:00,0.0,0.00057671964,lstm
2020-11-29 02:00:00,0.0,-0.0018838644,lstm
2020-11-29 02:00:00,0.0,-0.003473565,lstm
2020-11-29 02:00:00,0.0,-0.001975,lstm
2020-11-29 02:00:00,0.0,0.00055933,lstm
2020-11-29 02:15:00,0.0,-0.0018333793,lstm
2020-11-29 02:15:00,0.0,-0.0034558028,lstm
2020-11-29 02:15:00,0.0,-0.0019738674,lstm
2020-11-29 02:15:00,0.0,0.00052805245,lstm
2020-11-29 02:30:00,0.0,-0.0018026084,lstm
2020-11-29 02:30:00,0.0,-0.003450513,lstm
2020-11-29 02:30:00,0.0,-0.0019691736,lstm
2020-11-29 02:30:00,0.0,0.000512138,lstm
2020-11-29 02:45:00,0.0,-0.0018221289,lstm
2020-11-29 02:45:00,0.0,-0.003465414,lstm
2020-11-29 02:45:00,0.0,-0.002057597,lstm
2020-11-29 02:45:00,0.0,0.00041410327,lstm
2020-11-29 03:00:00,0.0,-0.0017649084,lstm
2020-11-29 03:00:00,0.0,-0.0034349263,lstm
2020-11-29 03:00:00,0.0,-0.002031207,lstm
2020-11-29 03:00:00,0.0,0.00038523972,lstm
2020-11-29 03:15:00,0.0,-0.0017236471,lstm
2020-11-29 03:15:00,0.0,-0.0034259856,lstm
2020-11-29 03:15:00,0.0,-0.0020267963,lstm
2020-11-29 03:15:00,0.0,0.00035475194,lstm
2020-11-29 03:30:00,0.0,-0.0016985685,lstm
2020-11-29 03:30:00,0.0,-0.0034285337,lstm
2020-11-29 03:30:00,0.0,-0.002039209,lstm
2020-11-29 03:30:00,0.0,0.00032231212,lstm
2020-11-29 03:45:00,0.0,-0.0017287284,lstm
2020-11-29 03:45:00,0.0,-0.003449142,lstm
2020-11-29 03:45:00,0.0,-0.0021089017,lstm
2020-11-29 03:45:00,0.0,0.00023789704,lstm
2020-11-29 04:00:00,0.0,-0.0017042905,lstm
2020-11-29 04:00:00,0.0,-0.0034525543,lstm
2020-11-29 04:00:00,0.0,-0.0021075755,lstm
2020-11-29 04:00:00,0.0,0.00018784404,lstm
2020-11-29 04:15:00,0.0,-0.0016739815,lstm
2020-11-29 04:15:00,0.0,-0.0034713745,lstm
2020-11-29 04:15:00,0.0,-0.0021414012,lstm
2020-11-29 04:15:00,0.0,0.0001218766,lstm
2020-11-29 04:30:00,0.0,-0.0016370118,lstm
2020-11-29 04:30:00,0.0,-0.003493607,lstm
2020-11-29 04:30:00,0.0,-0.002187848,lstm
2020-11-29 04:30:00,0.0,5.3212047e-05,lstm
2020-11-29 04:45:00,0.0,-0.0016487688,lstm
2020-11-29 04:45:00,0.0,-0.003528878,lstm
2020-11-29 04:45:00,0.0,-0.0022633523,lstm
2020-11-29 04:45:00,0.0,-5.2139163e-05,lstm
2020-11-29 05:00:00,0.0,-0.0016478747,lstm
2020-11-29 05:00:00,0.0,-0.0035867393,lstm
2020-11-29 05:00:00,0.0,-0.0023038387,lstm
2020-11-29 05:00:00,0.0,-0.00014223158,lstm
2020-11-29 05:15:00,0.0,-0.0016456693,lstm
2020-11-29 05:15:00,0.0,-0.0036619008,lstm
2020-11-29 05:15:00,0.0,-0.002372697,lstm
2020-11-29 05:15:00,0.0,-0.00024011731,lstm
2020-11-29 05:30:00,0.0,-0.0016385615,lstm
2020-11-29 05:30:00,0.0,-0.0037392825,lstm
2020-11-29 05:30:00,0.0,-0.0024522096,lstm
2020-11-29 05:30:00,0.0,-0.0003321916,lstm
2020-11-29 05:45:00,0.0,-0.0016770959,lstm
2020-11-29 05:45:00,0.0,-0.003813699,lstm
2020-11-29 05:45:00,0.0,-0.002529636,lstm
2020-11-29 05:45:00,0.0,-0.00042626262,lstm
2020-11-29 06:00:00,0.0,-0.0016655922,lstm
2020-11-29 06:00:00,0.0,-0.003919661,lstm
2020-11-29 06:00:00,0.0,-0.0026329458,lstm
2020-11-29 06:00:00,0.0,-0.0005517155,lstm
2020-11-29 06:15:00,0.0,-0.0016271323,lstm
2020-11-29 06:15:00,0.0,-0.004016876,lstm
2020-11-29 06:15:00,0.0,-0.0027372986,lstm
2020-11-29 06:15:00,0.0,-0.0006363243,lstm
2020-11-29 06:30:00,0.0,-0.0015893877,lstm
2020-11-29 06:30:00,0.0,-0.004102275,lstm
2020-11-29 06:30:00,0.0,-0.0028223395,lstm
2020-11-29 06:30:00,0.0,-0.000694111,lstm
2020-11-29 06:45:00,0.0,-0.0015947074,lstm
2020-11-29 06:45:00,0.0,-0.004165143,lstm
2020-11-29 06:45:00,0.0,-0.0028650612,lstm
2020-11-29 06:45:00,0.0,-0.0006955564,lstm
2020-11-29 07:00:00,0.0,-0.0015919209,lstm
2020-11-29 07:00:00,0.0,-0.004289046,lstm
2020-11-29 07:00:00,0.0,-0.002947539,lstm
2020-11-29 07:00:00,0.0,-0.0007105619,lstm
2020-11-29 07:15:00,0.0,-0.0015423745,lstm
2020-11-29 07:15:00,0.0,-0.0044006705,lstm
2020-11-29 07:15:00,0.0,-0.0030272156,lstm
2020-11-29 07:15:00,0.0,-0.00068464875,lstm
2020-11-29 07:30:00,0.0,-0.0014720559,lstm
2020-11-29 07:30:00,0.0,-0.004502818,lstm
2020-11-29 07:30:00,0.0,-0.003093496,lstm
2020-11-29 07:30:00,0.0,-0.00064091384,lstm
2020-11-29 07:45:00,0.0,-0.0014411956,lstm
2020-11-29 07:45:00,0.0,-0.004548952,lstm
2020-11-29 07:45:00,0.0,-0.003044024,lstm
2020-11-29 07:45:00,0.0,-0.00041671097,lstm
2020-11-29 08:00:00,0.0,-0.0014113486,lstm
2020-11-29 08:00:00,0.0,-0.0046893656,lstm
2020-11-29 08:00:00,0.0,-0.0030561835,lstm
2020-11-29 08:00:00,0.0,-0.00018902123,lstm
2020-11-29 08:15:00,0.0,-0.0013156533,lstm
2020-11-29 08:15:00,0.0,-0.0048398525,lstm
2020-11-29 08:15:00,0.0,-0.0030258447,lstm
2020-11-29 08:15:00,0.0,0.00018303096,lstm
2020-11-29 08:30:00,0.0,-0.0011452436,lstm
2020-11-29 08:30:00,0.0,-0.0050219297,lstm
2020-11-29 08:30:00,0.0,-0.002922833,lstm
2020-11-29 08:30:00,0.0,0.0008261949,lstm
2020-11-29 08:45:00,0.0,-0.00090427697,lstm
2020-11-29 08:45:00,0.0,-0.005058244,lstm
2020-11-29 08:45:00,0.0,-0.0024103522,lstm
2020-11-29 08:45:00,0.0041999966,0.002396077,lstm
2020-11-29 09:00:00,0.0,-0.00057049096,lstm
2020-11-29 09:00:00,0.0,-0.0050143152,lstm
2020-11-29 09:00:00,0.0041999966,-0.00085522234,lstm
2020-11-29 09:00:00,0.017200023,0.007009834,lstm
2020-11-29 09:15:00,0.0,-0.00031659007,lstm
2020-11-29 09:15:00,0.0041999966,-0.0025414824,lstm
2020-11-29 09:15:00,0.017200008,0.007765457,lstm
2020-11-29 09:15:00,0.032000005,0.027999029,lstm
2020-11-29 09:30:00,0.0041999966,-0.00044296682,lstm
2020-11-29 09:30:00,0.017199993,0.013937756,lstm
2020-11-29 09:30:00,0.032000005,0.04636565,lstm
2020-11-29 09:30:00,0.046800002,0.101945125,lstm
2020-11-29 09:45:00,0.017199993,0.00419569,lstm
2020-11-29 09:45:00,0.032000005,0.030479342,lstm
2020-11-29 09:45:00,0.046800002,0.084415026,lstm
2020-11-29 09:45:00,0.05600001,0.15836994,lstm
2020-11-29 10:00:00,0.032000005,0.03667821,lstm
2020-11-29 10:00:00,0.046800002,0.08122569,lstm
2020-11-29 10:00:00,0.05600001,0.16287422,lstm
2020-11-29 10:00:00,0.060000002,0.24527816,lstm
2020-11-29 10:15:00,0.046800017,0.050863877,lstm
2020-11-29 10:15:00,0.055999994,0.111998476,lstm
2020-11-29 10:15:00,0.060000002,0.20240097,lstm
2020-11-29 10:15:00,0.063999996,0.27431002,lstm
2020-11-29 10:30:00,0.055999994,0.054936856,lstm
2020-11-29 10:30:00,0.060000002,0.1179277,lstm
2020-11-29 10:30:00,0.063999996,0.19521326,lstm
2020-11-29 10:30:00,0.069,0.2477502,lstm
2020-11-29 10:45:00,0.060000002,0.041677386,lstm
2020-11-29 10:45:00,0.06400001,0.09472707,lstm
2020-11-29 10:45:00,0.069,0.1530484,lstm
2020-11-29 10:45:00,0.1436,0.19329572,lstm
2020-11-29 11:00:00,0.06400001,0.016789407,lstm
2020-11-29 11:00:00,0.069,0.052494824,lstm
2020-11-29 11:00:00,0.1436,0.09334444,lstm
2020-11-29 11:00:00,0.4662,0.12114189,lstm
2020-11-29 11:15:00,0.069,0.0048255622,lstm
2020-11-29 11:15:00,0.1436,0.028913721,lstm
2020-11-29 11:15:00,0.4662,0.05964814,lstm
2020-11-29 11:15:00,0.6492,0.07509312,lstm
2020-11-29 11:30:00,0.1436,0.003921956,lstm
2020-11-29 11:30:00,0.4662,0.023620278,lstm
2020-11-29 11:30:00,0.6492,0.051036984,lstm
2020-11-29 11:30:00,0.6826,0.060315922,lstm
2020-11-29 11:45:00,0.4662,0.13927808,lstm
2020-11-29 11:45:00,0.6492,0.16225524,lstm
2020-11-29 11:45:00,0.6826,0.19372253,lstm
2020-11-29 11:45:00,0.6706,0.2021389,lstm
2020-11-29 12:00:00,0.6492,0.3719524,lstm
2020-11-29 12:00:00,0.6826,0.37651098,lstm
2020-11-29 12:00:00,0.6706,0.40501922,lstm
2020-11-29 12:00:00,0.362,0.41964597,lstm
2020-11-29 12:15:00,0.6826,0.5021532,lstm
2020-11-29 12:15:00,0.6706,0.50271225,lstm
2020-11-29 12:15:00,0.362,0.5294163,lstm
2020-11-29 12:15:00,0.6908,0.55032563,lstm
2020-11-29 12:30:00,0.6706,0.557423,lstm
2020-11-29 12:30:00,0.362,0.56655765,lstm
2020-11-29 12:30:00,0.6908,0.5934705,lstm
2020-11-29 12:30:00,0.762,0.6046927,lstm
2020-11-29 12:45:00,0.362,0.5769752,lstm
2020-11-29 12:45:00,0.6908,0.5917046,lstm
2020-11-29 12:45:00,0.7620001,0.6090029,lstm
2020-11-29 12:45:00,0.3796,0.61322767,lstm
2020-11-29 13:00:00,0.6908,0.38706774,lstm
2020-11-29 13:00:00,0.76199996,0.4440813,lstm
2020-11-29 13:00:00,0.3796,0.45899206,lstm
2020-11-29 13:00:00,0.2928,0.4569738,lstm
2020-11-29 13:15:00,0.762,0.6079274,lstm
2020-11-29 13:15:00,0.3796,0.5991162,lstm
2020-11-29 13:15:00,0.2928,0.59722424,lstm
2020-11-29 13:15:00,0.4092,0.6163334,lstm
2020-11-29 13:30:00,0.3796,0.687221,lstm
2020-11-29 13:30:00,0.2928,0.684314,lstm
2020-11-29 13:30:00,0.4092,0.6726785,lstm
2020-11-29 13:30:00,0.242,0.6830433,lstm
2020-11-29 13:45:00,0.2928,0.46414906,lstm
2020-11-29 13:45:00,0.4092,0.51892173,lstm
2020-11-29 13:45:00,0.242,0.5142768,lstm
2020-11-29 13:45:00,0.2168,0.5076759,lstm
2020-11-29 14:00:00,0.4092,0.40424865,lstm
2020-11-29 14:00:00,0.242,0.45320338,lstm
2020-11-29 14:00:00,0.2168,0.44533765,lstm
2020-11-29 14:00:00,0.3474,0.44436842,lstm
2020-11-29 14:15:00,0.242,0.46039426,lstm
2020-11-29 14:15:00,0.2168,0.4513067,lstm
2020-11-29 14:15:00,0.3474,0.43377006,lstm
2020-11-29 14:15:00,0.5898,0.42596185,lstm
2020-11-29 14:30:00,0.2168,0.35185742,lstm
2020-11-29 14:30:00,0.3474,0.3839071,lstm
2020-11-29 14:30:00,0.5898,0.37308273,lstm
2020-11-29 14:30:00,0.48980004,0.35980448,lstm
2020-11-29 14:45:00,0.3474,0.3175711,lstm
2020-11-29 14:45:00,0.5898,0.33231103,lstm
2020-11-29 14:45:00,0.48980004,0.32197917,lstm
2020-11-29 14:45:00,0.3346,0.30619848,lstm
2020-11-29 15:00:00,0.5898,0.39989442,lstm
2020-11-29 15:00:00,0.4898,0.3617016,lstm
2020-11-29 15:00:00,0.3346,0.33545095,lstm
2020-11-29 15:00:00,0.1952,0.31123236,lstm
2020-11-29 15:15:00,0.4898,0.5039261,lstm
2020-11-29 15:15:00,0.3346,0.42513764,lstm
2020-11-29 15:15:00,0.1952,0.37884897,lstm
2020-11-29 15:15:00,0.2038,0.34555155,lstm
2020-11-29 15:30:00,0.33459997,0.4073336,lstm
2020-11-29 15:30:00,0.1952,0.37112054,lstm
2020-11-29 15:30:00,0.2038,0.33501098,lstm
2020-11-29 15:30:00,0.2336,0.29753363,lstm
2020-11-29 15:45:00,0.1952,0.33642983,lstm
2020-11-29 15:45:00,0.2038,0.32425946,lstm
2020-11-29 15:45:00,0.2336,0.29239246,lstm
2020-11-29 15:45:00,0.2788,0.26146317,lstm
2020-11-29 16:00:00,0.2038,0.25004357,lstm
2020-11-29 16:00:00,0.2336,0.25352052,lstm
2020-11-29 16:00:00,0.2788,0.23153284,lstm
2020-11-29 16:00:00,0.175,0.20560023,lstm
2020-11-29 16:15:00,0.2336,0.25157577,lstm
2020-11-29 16:15:00,0.2788,0.23160893,lstm
2020-11-29 16:15:00,0.175,0.20666029,lstm
2020-11-29 16:15:00,0.2658,0.1785379,lstm
2020-11-29 16:30:00,0.2788,0.2675519,lstm
2020-11-29 16:30:00,0.175,0.2281204,lstm
2020-11-29 16:30:00,0.2658,0.19194658,lstm
2020-11-29 16:30:00,0.2392,0.15826368,lstm
2020-11-29 16:45:00,0.175,0.2878477,lstm
2020-11-29 16:45:00,0.2658,0.2311514,lstm
2020-11-29 16:45:00,0.2392,0.1830025,lstm
2020-11-29 16:45:00,0.1548,0.14015272,lstm
2020-11-29 17:00:00,0.2658,0.202608,lstm
2020-11-29 17:00:00,0.2392,0.1571831,lstm
2020-11-29 17:00:00,0.1548,0.11745026,lstm
2020-11-29 17:00:00,0.0992,0.07727702,lstm
2020-11-29 17:15:00,0.2392,0.22399753,lstm
2020-11-29 17:15:00,0.1548,0.16647758,lstm
2020-11-29 17:15:00,0.0992,0.11322256,lstm
2020-11-29 17:15:00,0.049600005,0.07296299,lstm
2020-11-29 17:30:00,0.1548,0.20035776,lstm
2020-11-29 17:30:00,0.0992,0.14345717,lstm
2020-11-29 17:30:00,0.049600005,0.090939604,lstm
2020-11-29 17:30:00,0.0176,0.052033737,lstm
2020-11-29 17:45:00,0.0992,0.11514275,lstm
2020-11-29 17:45:00,0.049600005,0.06464003,lstm
2020-11-29 17:45:00,0.0176,0.027531818,lstm
2020-11-29 17:45:00,0.0013999939,0.009229362,lstm
2020-11-29 18:00:00,0.049600005,0.056849495,lstm
2020-11-29 18:00:00,0.017600015,0.021323547,lstm
2020-11-29 18:00:00,0.0013999939,0.0020560026,lstm
2020-11-29 18:00:00,0.0,-0.0021574348,lstm
2020-11-29 18:15:00,0.0176,0.030204892,lstm
2020-11-29 18:15:00,0.0013999939,0.005513221,lstm
2020-11-29 18:15:00,0.0,-0.004095003,lstm
2020-11-29 18:15:00,0.0,-0.004085839,lstm
2020-11-29 18:30:00,0.0013999939,0.013086781,lstm
2020-11-29 18:30:00,0.0,-0.0017882884,lstm
2020-11-29 18:30:00,0.0,-0.005126357,lstm
2020-11-29 18:30:00,0.0,-0.0034805238,lstm
2020-11-29 18:45:00,0.0,0.0063385963,lstm
2020-11-29 18:45:00,0.0,-0.0032981932,lstm
2020-11-29 18:45:00,0.0,-0.004001677,lstm
2020-11-29 18:45:00,0.0,-0.0021712482,lstm
2020-11-29 19:00:00,0.0,0.0025537014,lstm
2020-11-29 19:00:00,0.0,-0.0033884495,lstm
2020-11-29 19:00:00,0.0,-0.002867952,lstm
2020-11-29 19:00:00,0.0,-0.0008959174,lstm
2020-11-29 19:15:00,0.0,0.00071133673,lstm
2020-11-29 19:15:00,0.0,-0.0033439249,lstm
2020-11-29 19:15:00,0.0,-0.0021348894,lstm
2020-11-29 19:15:00,0.0,-0.00025819242,lstm
2020-11-29 19:30:00,0.0,-0.00010202825,lstm
2020-11-29 19:30:00,0.0,-0.0033506155,lstm
2020-11-29 19:30:00,0.0,-0.0018055737,lstm
2020-11-29 19:30:00,0.0,-4.155934e-05,lstm
2020-11-29 19:45:00,0.0,-0.0006260276,lstm
2020-11-29 19:45:00,0.0,-0.0034804493,lstm
2020-11-29 19:45:00,0.0,-0.0017670691,lstm
2020-11-29 19:45:00,0.0,3.914535e-05,lstm
2020-11-29 20:00:00,0.0,-0.00092962384,lstm
2020-11-29 20:00:00,0.0,-0.0035118014,lstm
2020-11-29 20:00:00,0.0,-0.001736328,lstm
2020-11-29 20:00:00,0.0,0.0001411587,lstm
2020-11-29 20:15:00,0.0,-0.0010992736,lstm
2020-11-29 20:15:00,0.0,-0.003497228,lstm
2020-11-29 20:15:00,0.0,-0.0016981065,lstm
2020-11-29 20:15:00,0.0,0.00023721159,lstm
2020-11-29 20:30:00,0.0,-0.0012209117,lstm
2020-11-29 20:30:00,0.0,-0.0034907162,lstm
2020-11-29 20:30:00,0.0,-0.0016679615,lstm
2020-11-29 20:30:00,0.0,0.0003066063,lstm
2020-11-29 20:45:00,0.0,-0.0014111996,lstm
2020-11-29 20:45:00,0.0,-0.0036239475,lstm
2020-11-29 20:45:00,0.0,-0.0018103123,lstm
2020-11-29 20:45:00,0.0,0.00029230118,lstm
2020-11-29 21:00:00,0.0,-0.0014864653,lstm
2020-11-29 21:00:00,0.0,-0.0036254674,lstm
2020-11-29 21:00:00,0.0,-0.0018242747,lstm
2020-11-29 21:00:00,0.0,0.0003517568,lstm
2020-11-29 21:15:00,0.0,-0.001541689,lstm
2020-11-29 21:15:00,0.0,-0.0036015809,lstm
2020-11-29 21:15:00,0.0,-0.0017869473,lstm
2020-11-29 21:15:00,0.0,0.0004171729,lstm
2020-11-29 21:30:00,0.0,-0.0015718341,lstm
2020-11-29 21:30:00,0.0,-0.0035845488,lstm
2020-11-29 21:30:00,0.0,-0.0017630607,lstm
2020-11-29 21:30:00,0.0,0.00045320392,lstm
2020-11-29 21:45:00,0.0,-0.0017243624,lstm
2020-11-29 21:45:00,0.0,-0.0037065744,lstm
2020-11-29 21:45:00,0.0,-0.0019280463,lstm
2020-11-29 21:45:00,0.0,0.00040853024,lstm
2020-11-29 22:00:00,0.0,-0.0017400235,lstm
2020-11-29 22:00:00,0.0,-0.0036737323,lstm
2020-11-29 22:00:00,0.0,-0.0019064248,lstm
2020-11-29 22:00:00,0.0,0.00046624243,lstm
2020-11-29 22:15:00,0.0,-0.001742363,lstm
2020-11-29 22:15:00,0.0,-0.0036415607,lstm
2020-11-29 22:15:00,0.0,-0.0018788278,lstm
2020-11-29 22:15:00,0.0,0.00050620735,lstm
2020-11-29 22:30:00,0.0,-0.0017397851,lstm
2020-11-29 22:30:00,0.0,-0.0036157966,lstm
2020-11-29 22:30:00,0.0,-0.0018553436,lstm
2020-11-29 22:30:00,0.0,0.00053702295,lstm
2020-11-29 22:45:00,0.0,-0.0018737316,lstm
2020-11-29 22:45:00,0.0,-0.0037092268,lstm
2020-11-29 22:45:00,0.0,-0.0020115376,lstm
2020-11-29 22:45:00,0.0,0.00048802793,lstm
2020-11-29 23:00:00,0.0,-0.0018555969,lstm
2020-11-29 23:00:00,0.0,-0.003657043,lstm
2020-11-29 23:00:00,0.0,-0.0019702613,lstm
2020-11-29 23:00:00,0.0,0.0005437434,lstm
2020-11-29 23:15:00,0.0,-0.00182423,lstm
2020-11-29 23:15:00,0.0,-0.0036106408,lstm
2020-11-29 23:15:00,0.0,-0.0019351542,lstm
2020-11-29 23:15:00,0.0,0.0005726963,lstm
2020-11-29 23:30:00,0.0,-0.001806438,lstm
2020-11-29 23:30:00,0.0,-0.003586024,lstm
2020-11-29 23:30:00,0.0,-0.001908049,lstm
2020-11-29 23:30:00,0.0,0.0005940199,lstm
2020-11-29 23:45:00,0.0,-0.0019439161,lstm
2020-11-29 23:45:00,0.0,-0.003664121,lstm
2020-11-29 23:45:00,0.0,-0.0020509213,lstm
2020-11-29 23:45:00,0.0,0.0005413294,lstm
2020-11-30 00:00:00,0.0,-0.0019121468,lstm
2020-11-30 00:00:00,0.0,-0.0035966784,lstm
2020-11-30 00:00:00,0.0,-0.0019908845,lstm
2020-11-30 00:00:00,0.0,0.0005902052,lstm
2020-11-30 00:15:00,0.0,-0.0018872619,lstm
2020-11-30 00:15:00,0.0,-0.003563881,lstm
2020-11-30 00:15:00,0.0,-0.0019551069,lstm
2020-11-30 00:15:00,0.0,0.00060527027,lstm
2020-11-30 00:30:00,0.0,-0.0018677413,lstm
2020-11-30 00:30:00,0.0,-0.0035422742,lstm
2020-11-30 00:30:00,0.0,-0.0019347519,lstm
2020-11-30 00:30:00,0.0,0.0006124228,lstm
2020-11-30 00:45:00,0.0,-0.001964584,lstm
2020-11-30 00:45:00,0.0,-0.003593877,lstm
2020-11-30 00:45:00,0.0,-0.0020611435,lstm
2020-11-30 00:45:00,0.0,0.0005468875,lstm
2020-11-30 01:00:00,0.0,-0.0019295812,lstm
2020-11-30 01:00:00,0.0,-0.0035339594,lstm
2020-11-30 01:00:00,0.0,-0.002000749,lstm
2020-11-30 01:00:00,0.0,0.00058221817,lstm
2020-11-30 01:15:00,0.0,-0.0018977076,lstm
2020-11-30 01:15:00,0.0,-0.0035079569,lstm
2020-11-30 01:15:00,0.0,-0.0019787252,lstm
2020-11-30 01:15:00,0.0,0.0005739778,lstm
2020-11-30 01:30:00,0.0,-0.0018747598,lstm
2020-11-30 01:30:00,0.0,-0.0034911782,lstm
2020-11-30 01:30:00,0.0,-0.0019700378,lstm
2020-11-30 01:30:00,0.0,0.0005684346,lstm
2020-11-30 01:45:00,0.0,-0.0019463748,lstm
2020-11-30 01:45:00,0.0,-0.003528148,lstm
2020-11-30 01:45:00,0.0,-0.0020842701,lstm
2020-11-30 01:45:00,0.0,0.0004862398,lstm
2020-11-30 02:00:00,0.0,-0.0019038618,lstm
2020-11-30 02:00:00,0.0,-0.0034829378,lstm
2020-11-30 02:00:00,0.0,-0.0020365417,lstm
2020-11-30 02:00:00,0.0,0.0004899502,lstm
2020-11-30 02:15:00,0.0,-0.0018731207,lstm
2020-11-30 02:15:00,0.0,-0.0034751743,lstm
2020-11-30 02:15:00,0.0,-0.0020314604,lstm
2020-11-30 02:15:00,0.0,0.00045916438,lstm
2020-11-30 02:30:00,0.0,-0.0018525124,lstm
2020-11-30 02:30:00,0.0,-0.003474161,lstm
2020-11-30 02:30:00,0.0,-0.0020401627,lstm
2020-11-30 02:30:00,0.0,0.00043442845,lstm
2020-11-30 02:45:00,0.0,-0.0018943548,lstm
2020-11-30 02:45:00,0.0,-0.0034984946,lstm
2020-11-30 02:45:00,0.0,-0.0021461248,lstm
2020-11-30 02:45:00,0.0,0.00033712387,lstm
2020-11-30 03:00:00,0.0,-0.001843065,lstm
2020-11-30 03:00:00,0.0,-0.0034683198,lstm
2020-11-30 03:00:00,0.0,-0.0021228492,lstm
2020-11-30 03:00:00,0.0,0.00030824542,lstm
2020-11-30 03:15:00,0.0,-0.0018025935,lstm
2020-11-30 03:15:00,0.0,-0.0034644753,lstm
2020-11-30 03:15:00,0.0,-0.0021288693,lstm
2020-11-30 03:15:00,0.0,0.00026646256,lstm
2020-11-30 03:30:00,0.0,-0.0017798841,lstm
2020-11-30 03:30:00,0.0,-0.0034650713,lstm
2020-11-30 03:30:00,0.0,-0.002135396,lstm
2020-11-30 03:30:00,0.0,0.0002465546,lstm
2020-11-30 03:45:00,0.0,-0.0018027276,lstm
2020-11-30 03:45:00,0.0,-0.0034789592,lstm
2020-11-30 03:45:00,0.0,-0.0022100657,lstm
2020-11-30 03:45:00,0.0,0.00016054511,lstm
2020-11-30 04:00:00,0.0,-0.0017521232,lstm
2020-11-30 04:00:00,0.0,-0.0034688413,lstm
2020-11-30 04:00:00,0.0,-0.0022059232,lstm
2020-11-30 04:00:00,0.0,0.00010752678,lstm
2020-11-30 04:15:00,0.0,-0.0017139912,lstm
2020-11-30 04:15:00,0.0,-0.0034840107,lstm
2020-11-30 04:15:00,0.0,-0.0022271872,lstm
2020-11-30 04:15:00,0.0,5.6803226e-05,lstm
2020-11-30 04:30:00,0.0,-0.0016828626,lstm
2020-11-30 04:30:00,0.0,-0.0034977198,lstm
2020-11-30 04:30:00,0.0,-0.0022537857,lstm
2020-11-30 04:30:00,0.0,1.6823411e-05,lstm
2020-11-30 04:45:00,0.0,-0.001701355,lstm
2020-11-30 04:45:00,0.0,-0.0035128593,lstm
2020-11-30 04:45:00,0.0,-0.0023136735,lstm
2020-11-30 04:45:00,0.0,-5.365908e-05,lstm
2020-11-30 05:00:00,0.0,-0.0016728938,lstm
2020-11-30 05:00:00,0.0,-0.0035414547,lstm
2020-11-30 05:00:00,0.0,-0.0023438483,lstm
2020-11-30 05:00:00,0.0,-0.00012630224,lstm
2020-11-30 05:15:00,0.0,-0.0016378462,lstm
2020-11-30 05:15:00,0.0,-0.003585264,lstm
2020-11-30 05:15:00,0.0,-0.0023973286,lstm
2020-11-30 05:15:00,0.0,-0.00019858778,lstm
2020-11-30 05:30:00,0.0,-0.0016071051,lstm
2020-11-30 05:30:00,0.0,-0.0036220998,lstm
2020-11-30 05:30:00,0.0,-0.0024446845,lstm
2020-11-30 05:30:00,0.0,-0.00024740398,lstm
2020-11-30 05:45:00,0.0,-0.0016306639,lstm
2020-11-30 05:45:00,0.0,-0.0036586523,lstm
2020-11-30 05:45:00,0.0,-0.0024964958,lstm
2020-11-30 05:45:00,0.0,-0.0002977401,lstm
2020-11-30 06:00:00,0.0,-0.0016340613,lstm
2020-11-30 06:00:00,0.0,-0.0037398338,lstm
2020-11-30 06:00:00,0.0,-0.002561748,lstm
2020-11-30 06:00:00,0.0,-0.00036726892,lstm
2020-11-30 06:15:00,0.0,-0.0016102195,lstm
2020-11-30 06:15:00,0.0,-0.0038134307,lstm
2020-11-30 06:15:00,0.0,-0.0026390105,lstm
2020-11-30 06:15:00,0.0,-0.0004196912,lstm
2020-11-30 06:30:00,0.0,-0.0015689731,lstm
2020-11-30 06:30:00,0.0,-0.0038714856,lstm
2020-11-30 06:30:00,0.0,-0.00269866,lstm
2020-11-30 06:30:00,0.0,-0.0004477948,lstm
2020-11-30 06:45:00,0.0,-0.0015803874,lstm
2020-11-30 06:45:00,0.0,-0.0039050132,lstm
2020-11-30 06:45:00,0.0,-0.0027180016,lstm
2020-11-30 06:45:00,0.0,-0.00041550398,lstm
2020-11-30 07:00:00,0.0,-0.0015940666,lstm
2020-11-30 07:00:00,0.0,-0.004007399,lstm
2020-11-30 07:00:00,0.0,-0.0027845055,lstm
2020-11-30 07:00:00,0.0,-0.00041812658,lstm
2020-11-30 07:15:00,0.0,-0.0015726537,lstm
2020-11-30 07:15:00,0.0,-0.004107699,lstm
2020-11-30 07:15:00,0.0,-0.0028530657,lstm
2020-11-30 07:15:00,0.0,-0.00039160252,lstm
2020-11-30 07:30:00,0.0,-0.0015227646,lstm
2020-11-30 07:30:00,0.0,-0.004196048,lstm
2020-11-30 07:30:00,0.0,-0.002917543,lstm
2020-11-30 07:30:00,0.0,-0.00036154687,lstm
2020-11-30 07:45:00,0.0,-0.0014943779,lstm
2020-11-30 07:45:00,0.0,-0.0042297393,lstm
2020-11-30 07:45:00,0.0,-0.0028862357,lstm
2020-11-30 07:45:00,0.0,-0.00019820035,lstm
2020-11-30 08:00:00,0.0,-0.0014779717,lstm
2020-11-30 08:00:00,0.0,-0.0043530166,lstm
2020-11-30 08:00:00,0.0,-0.0029005706,lstm
2020-11-30 08:00:00,0.0,-1.9565225e-05,lstm
2020-11-30 08:15:00,0.0,-0.0014068633,lstm
2020-11-30 08:15:00,0.0,-0.004487261,lstm
2020-11-30 08:15:00,0.0,-0.0028975755,lstm
2020-11-30 08:15:00,0.0,0.0002886057,lstm
2020-11-30 08:30:00,0.0,-0.001264289,lstm
2020-11-30 08:30:00,0.0,-0.004656568,lstm
2020-11-30 08:30:00,0.0,-0.0028327107,lstm
2020-11-30 08:30:00,0.001000002,0.00088587403,lstm
2020-11-30 08:45:00,0.0,-0.0010655522,lstm
2020-11-30 08:45:00,0.0,-0.0047231913,lstm
2020-11-30 08:45:00,0.001000002,-0.0024090558,lstm
2020-11-30 08:45:00,0.010999978,0.0023951828,lstm
2020-11-30 09:00:00,0.0,-0.0008250028,lstm
2020-11-30 09:00:00,0.001000002,-0.0047148764,lstm
2020-11-30 09:00:00,0.0109999925,-0.0008619875,lstm
2020-11-30 09:00:00,0.018999994,0.0073605776,lstm
2020-11-30 09:15:00,0.001000002,-0.000987947,lstm
2020-11-30 09:15:00,0.011000007,-0.0019361824,lstm
2020-11-30 09:15:00,0.018999994,0.008228362,lstm
2020-11-30 09:15:00,0.041800007,0.029924005,lstm
2020-11-30 09:30:00,0.011000007,-0.00062808394,lstm
2020-11-30 09:30:00,0.018999994,0.012986392,lstm
2020-11-30 09:30:00,0.041800007,0.042736605,lstm
2020-11-30 09:30:00,0.0684,0.095481075,lstm
2020-11-30 09:45:00,0.018999994,0.009063885,lstm
2020-11-30 09:45:00,0.041799992,0.03419684,lstm
2020-11-30 09:45:00,0.0684,0.08437607,lstm
2020-11-30 09:45:00,0.0772,0.15403351,lstm
2020-11-30 10:00:00,0.041799992,0.028646171,lstm
2020-11-30 10:00:00,0.0684,0.06997118,lstm
2020-11-30 10:00:00,0.0772,0.14366779,lstm
2020-11-30 10:00:00,0.1184,0.22037154,lstm
2020-11-30 10:15:00,0.0684,0.06398523,lstm
2020-11-30 10:15:00,0.0772,0.12393632,lstm
2020-11-30 10:15:00,0.1184,0.20924444,lstm
2020-11-30 10:15:00,0.196,0.2789438,lstm
2020-11-30 10:30:00,0.0772,0.09424977,lstm
2020-11-30 10:30:00,0.1184,0.16062176,lstm
2020-11-30 10:30:00,0.196,0.23397511,lstm
2020-11-30 10:30:00,0.2126,0.2855508,lstm
2020-11-30 10:45:00,0.1184,0.084131174,lstm
2020-11-30 10:45:00,0.196,0.14210808,lstm
2020-11-30 10:45:00,0.2126,0.19499205,lstm
2020-11-30 10:45:00,0.2796,0.2331368,lstm
2020-11-30 11:00:00,0.196,0.15503252,lstm
2020-11-30 11:00:00,0.2126,0.20611316,lstm
2020-11-30 11:00:00,0.2796,0.24668992,lstm
2020-11-30 11:00:00,0.2656,0.27720326,lstm
2020-11-30 11:15:00,0.2126,0.25169396,lstm
2020-11-30 11:15:00,0.2796,0.2960083,lstm
2020-11-30 11:15:00,0.2656,0.32876742,lstm
2020-11-30 11:15:00,0.2818,0.3588339,lstm
2020-11-30 11:30:00,0.2796,0.23254082,lstm
2020-11-30 11:30:00,0.2656,0.27626264,lstm
2020-11-30 11:30:00,0.2818,0.30257714,lstm
2020-11-30 11:30:00,0.3224,0.33338428,lstm
2020-11-30 11:45:00,0.2656,0.32183796,lstm
2020-11-30 11:45:00,0.2818,0.36115354,lstm
2020-11-30 11:45:00,0.3224,0.3857086,lstm
2020-11-30 11:45:00,0.3148,0.41626483,lstm
2020-11-30 12:00:00,0.2818,0.27355847,lstm
2020-11-30 12:00:00,0.3224,0.31482834,lstm
2020-11-30 12:00:00,0.3148,0.3383726,lstm
2020-11-30 12:00:00,0.3058,0.36571163,lstm
2020-11-30 12:15:00,0.3224,0.2915954,lstm
2020-11-30 12:15:00,0.3148,0.32466316,lstm
2020-11-30 12:15:00,0.3058,0.34879217,lstm
2020-11-30 12:15:00,0.2896,0.3748458,lstm
2020-11-30 12:30:00,0.3148,0.33809513,lstm
2020-11-30 12:30:00,0.3058,0.36871588,lstm
2020-11-30 12:30:00,0.2896,0.3904562,lstm
2020-11-30 12:30:00,0.35179996,0.41392756,lstm
2020-11-30 12:45:00,0.3058,0.29981256,lstm
2020-11-30 12:45:00,0.2896,0.32619947,lstm
2020-11-30 12:45:00,0.3518,0.34703493,lstm
2020-11-30 12:45:00,0.3176,0.3731349,lstm
2020-11-30 13:00:00,0.2896,0.28960866,lstm
2020-11-30 13:00:00,0.35179996,0.30950272,lstm
2020-11-30 13:00:00,0.3176,0.3290714,lstm
2020-11-30 13:00:00,0.2236,0.35694122,lstm
2020-11-30 13:15:00,0.3518,0.27818805,lstm
2020-11-30 13:15:00,0.3176,0.29695594,lstm
2020-11-30 13:15:00,0.2236,0.31244874,lstm
2020-11-30 13:15:00,0.261,0.33806795,lstm
2020-11-30 13:30:00,0.3176,0.39457697,lstm
2020-11-30 13:30:00,0.2236,0.41564506,lstm
2020-11-30 13:30:00,0.261,0.42087114,lstm
2020-11-30 13:30:00,0.2926,0.44177827,lstm
2020-11-30 13:45:00,0.2236,0.31239718,lstm
2020-11-30 13:45:00,0.261,0.3377161,lstm
2020-11-30 13:45:00,0.2926,0.3438515,lstm
2020-11-30 13:45:00,0.3874,0.3687704,lstm
2020-11-30 14:00:00,0.261,0.2629882,lstm
2020-11-30 14:00:00,0.2926,0.28814128,lstm
2020-11-30 14:00:00,0.3874,0.29361176,lstm
2020-11-30 14:00:00,0.3882,0.31192082,lstm
2020-11-30 14:15:00,0.2926,0.33765188,lstm
2020-11-30 14:15:00,0.3874,0.35579935,lstm
2020-11-30 14:15:00,0.3882,0.3576209,lstm
2020-11-30 14:15:00,0.3802,0.37446782,lstm
2020-11-30 14:30:00,0.3874,0.3390455,lstm
2020-11-30 14:30:00,0.3882,0.35545057,lstm
2020-11-30 14:30:00,0.3802,0.35376364,lstm
2020-11-30 14:30:00,0.3644,0.37069362,lstm
2020-11-30 14:45:00,0.3882,0.40874338,lstm
2020-11-30 14:45:00,0.3802,0.4018798,lstm
2020-11-30 14:45:00,0.3644,0.3836906,lstm
2020-11-30 14:45:00,0.3418,0.38364887,lstm
2020-11-30 15:00:00,0.3802,0.36468804,lstm
2020-11-30 15:00:00,0.3644,0.3569289,lstm
2020-11-30 15:00:00,0.3418,0.3408172,lstm
2020-11-30 15:00:00,0.335,0.34122056,lstm
2020-11-30 15:15:00,0.3644,0.34721106,lstm
2020-11-30 15:15:00,0.3418,0.3391152,lstm
2020-11-30 15:15:00,0.335,0.32422638,lstm
2020-11-30 15:15:00,0.3196,0.32551485,lstm
2020-11-30 15:30:00,0.3418,0.33512282,lstm
2020-11-30 15:30:00,0.335,0.32591942,lstm
2020-11-30 15:30:00,0.3196,0.3092912,lstm
2020-11-30 15:30:00,0.2596,0.30524448,lstm
2020-11-30 15:45:00,0.335,0.31921163,lstm
2020-11-30 15:45:00,0.3196,0.30741435,lstm
2020-11-30 15:45:00,0.2596,0.2890539,lstm
2020-11-30 15:45:00,0.233,0.2794678,lstm
2020-11-30 16:00:00,0.3196,0.3327854,lstm
2020-11-30 16:00:00,0.2596,0.30600232,lstm
2020-11-30 16:00:00,0.233,0.27857178,lstm
2020-11-30 16:00:00,0.2084,0.25605,lstm
2020-11-30 16:15:00,0.2596,0.3231451,lstm
2020-11-30 16:15:00,0.233,0.2844774,lstm
2020-11-30 16:15:00,0.2084,0.24872267,lstm
2020-11-30 16:15:00,0.1666,0.21422619,lstm
2020-11-30 16:30:00,0.233,0.26467934,lstm
2020-11-30 16:30:00,0.2084,0.22343351,lstm
2020-11-30 16:30:00,0.1666,0.18598504,lstm
2020-11-30 16:30:00,0.1308,0.14506492,lstm
2020-11-30 16:45:00,0.2084,0.24085745,lstm
2020-11-30 16:45:00,0.1666,0.18658449,lstm
2020-11-30 16:45:00,0.1308,0.14155467,lstm
2020-11-30 16:45:00,0.0756,0.09683756,lstm
2020-11-30 17:00:00,0.1666,0.20727716,lstm
2020-11-30 17:00:00,0.1308,0.14838465,lstm
2020-11-30 17:00:00,0.0756,0.09928387,lstm
2020-11-30 17:00:00,0.0492,0.058067948,lstm
2020-11-30 17:15:00,0.1308,0.14627874,lstm
2020-11-30 17:15:00,0.0756,0.09259671,lstm
2020-11-30 17:15:00,0.049200013,0.052684963,lstm
2020-11-30 17:15:00,0.0308,0.024447307,lstm
2020-11-30 17:30:00,0.0756,0.08854757,lstm
2020-11-30 17:30:00,0.0492,0.049182415,lstm
2020-11-30 17:30:00,0.0308,0.02348964,lstm
2020-11-30 17:30:00,0.010999978,0.01013574,lstm
2020-11-30 17:45:00,0.049200013,0.04258564,lstm
2020-11-30 17:45:00,0.0308,0.01649341,lstm
2020-11-30 17:45:00,0.0109999925,0.0036981404,lstm
2020-11-30 17:45:00,0.00020000339,0.0013703853,lstm
2020-11-30 18:00:00,0.0308,0.017240435,lstm
2020-11-30 18:00:00,0.011000007,0.0020834506,lstm
2020-11-30 18:00:00,0.00020000339,-0.0022981763,lstm
2020-11-30 18:00:00,0.0,-0.001076594,lstm
2020-11-30 18:15:00,0.011000007,0.008279517,lstm
2020-11-30 18:15:00,0.00020000339,-0.0015248209,lstm
2020-11-30 18:15:00,0.0,-0.0027106106,lstm
2020-11-30 18:15:00,0.0,-0.0011397898,lstm
2020-11-30 18:30:00,0.00020000339,0.0038951784,lstm
2020-11-30 18:30:00,0.0,-0.0030329823,lstm
2020-11-30 18:30:00,0.0,-0.002840072,lstm
2020-11-30 18:30:00,0.0,-0.0010422468,lstm
2020-11-30 18:45:00,0.0,0.002180934,lstm
2020-11-30 18:45:00,0.0,-0.0029161721,lstm
2020-11-30 18:45:00,0.0,-0.002382189,lstm
2020-11-30 18:45:00,0.0,-0.00040999055,lstm
2020-11-30 19:00:00,0.0,0.00093366206,lstm
2020-11-30 19:00:00,0.0,-0.0029115826,lstm
2020-11-30 19:00:00,0.0,-0.0018313974,lstm
2020-11-30 19:00:00,0.0,6.507337e-05,lstm
2020-11-30 19:15:00,0.0,7.1525574e-05,lstm
2020-11-30 19:15:00,0.0,-0.0030483007,lstm
2020-11-30 19:15:00,0.0,-0.0016436428,lstm
2020-11-30 19:15:00,0.0,0.00016844273,lstm
2020-11-30 19:30:00,0.0,-0.00045651197,lstm
2020-11-30 19:30:00,0.0,-0.0031376928,lstm
2020-11-30 19:30:00,0.0,-0.0015603751,lstm
2020-11-30 19:30:00,0.0,0.0002387166,lstm
2020-11-30 19:45:00,0.0,-0.0008136034,lstm
2020-11-30 19:45:00,0.0,-0.0033228844,lstm
2020-11-30 19:45:00,0.0,-0.0016662478,lstm
2020-11-30 19:45:00,0.0,0.00021131337,lstm
2020-11-30 20:00:00,0.0,-0.0010385811,lstm
2020-11-30 20:00:00,0.0,-0.003392771,lstm
2020-11-30 20:00:00,0.0,-0.0017018616,lstm
2020-11-30 20:00:00,0.0,0.00024923682,lstm
2020-11-30 20:15:00,0.0,-0.0011873096,lstm
2020-11-30 20:15:00,0.0,-0.0034201443,lstm
2020-11-30 20:15:00,0.0,-0.0016944408,lstm
2020-11-30 20:15:00,0.0,0.00029619038,lstm
2020-11-30 20:30:00,0.0,-0.0012852699,lstm
2020-11-30 20:30:00,0.0,-0.0034341365,lstm
2020-11-30 20:30:00,0.0,-0.0016819835,lstm
2020-11-30 20:30:00,0.0,0.00032554567,lstm
2020-11-30 20:45:00,0.0,-0.0014635473,lstm
2020-11-30 20:45:00,0.0,-0.0035960972,lstm
2020-11-30 20:45:00,0.0,-0.0018543899,lstm
2020-11-30 20:45:00,0.0,0.0002745241,lstm
2020-11-30 21:00:00,0.0,-0.0015265495,lstm
2020-11-30 21:00:00,0.0,-0.0036020428,lstm
2020-11-30 21:00:00,0.0,-0.0018616021,lstm
2020-11-30 21:00:00,0.0,0.00032676756,lstm
2020-11-30 21:15:00,0.0,-0.0015504807,lstm
2020-11-30 21:15:00,0.0,-0.0035865754,lstm
2020-11-30 21:15:00,0.0,-0.0018465817,lstm
2020-11-30 21:15:00,0.0,0.000360772,lstm
2020-11-30 21:30:00,0.0,-0.0015852302,lstm
2020-11-30 21:30:00,0.0,-0.003575772,lstm
2020-11-30 21:30:00,0.0,-0.0018269867,lstm
2020-11-30 21:30:00,0.0,0.0004041642,lstm
2020-11-30 21:45:00,0.0,-0.0017430931,lstm
2020-11-30 21:45:00,0.0,-0.0036994815,lstm
2020-11-30 21:45:00,0.0,-0.0019916892,lstm
2020-11-30 21:45:00,0.0,0.00036394596,lstm
2020-11-30 22:00:00,0.0,-0.0017507225,lstm
2020-11-30 22:00:00,0.0,-0.003664732,lstm
2020-11-30 22:00:00,0.0,-0.00196369,lstm
2020-11-30 22:00:00,0.0,0.00042650104,lstm
2020-11-30 22:15:00,0.0,-0.0017348081,lstm
2020-11-30 22:15:00,0.0,-0.0036240965,lstm
2020-11-30 22:15:00,0.0,-0.0019242465,lstm
2020-11-30 22:15:00,0.0,0.00046285987,lstm
2020-11-30 22:30:00,0.0,-0.0017421693,lstm
2020-11-30 22:30:00,0.0,-0.0036037117,lstm
2020-11-30 22:30:00,0.0,-0.001898095,lstm
2020-11-30 22:30:00,0.0,0.0004969239,lstm
2020-11-30 22:45:00,0.0,-0.0018938184,lstm
2020-11-30 22:45:00,0.0,-0.003707528,lstm
2020-11-30 22:45:00,0.0,-0.0020611733,lstm
2020-11-30 22:45:00,0.0,0.00044846535,lstm
2020-11-30 23:00:00,0.0,-0.0018853694,lstm
2020-11-30 23:00:00,0.0,-0.0036524236,lstm
2020-11-30 23:00:00,0.0,-0.0020077825,lstm
2020-11-30 23:00:00,0.0,0.0005184263,lstm
2020-11-30 23:15:00,0.0,-0.0018721819,lstm
2020-11-30 23:15:00,0.0,-0.003617406,lstm
2020-11-30 23:15:00,0.0,-0.0019647926,lstm
2020-11-30 23:15:00,0.0,0.0005527288,lstm
2020-11-30 23:30:00,0.0,-0.0018639863,lstm
2020-11-30 23:30:00,0.0,-0.0035903603,lstm
2020-11-30 23:30:00,0.0,-0.0019329488,lstm
2020-11-30 23:30:00,0.0,0.000581339,lstm
2020-11-30 23:45:00,0.0,-0.002001956,lstm
2020-11-30 23:45:00,0.0,-0.003666833,lstm
2020-11-30 23:45:00,0.0,-0.0020775795,lstm
2020-11-30 23:45:00,0.0,0.0005326718,lstm
2020-12-01 00:00:00,0.0,-0.0019616038,lstm
2020-12-01 00:00:00,0.0,-0.0035998076,lstm
2020-12-01 00:00:00,0.0,-0.0020141453,lstm
2020-12-01 00:00:00,0.0,0.00058169663,lstm
2020-12-01 00:15:00,0.0,-0.0019375682,lstm
2020-12-01 00:15:00,0.0,-0.003562525,lstm
2020-12-01 00:15:00,0.0,-0.0019697845,lstm
2020-12-01 00:15:00,0.0,0.00060682,lstm
2020-12-01 00:30:00,0.0,-0.0019254982,lstm
2020-12-01 00:30:00,0.0,-0.0035402477,lstm
2020-12-01 00:30:00,0.0,-0.0019399673,lstm
2020-12-01 00:30:00,0.0,0.00062568486,lstm
2020-12-01 00:45:00,0.0,-0.0020231754,lstm
2020-12-01 00:45:00,0.0,-0.0035924464,lstm
2020-12-01 00:45:00,0.0,-0.0020617098,lstm
2020-12-01 00:45:00,0.0,0.00056251884,lstm
2020-12-01 01:00:00,0.0,-0.0019823164,lstm
2020-12-01 01:00:00,0.0,-0.0035357475,lstm
2020-12-01 01:00:00,0.0,-0.0020050257,lstm
2020-12-01 01:00:00,0.0,0.0005891472,lstm
2020-12-01 01:15:00,0.0,-0.0019458085,lstm
2020-12-01 01:15:00,0.0,-0.0035083294,lstm
2020-12-01 01:15:00,0.0,-0.00198178,lstm
2020-12-01 01:15:00,0.0,0.0005825013,lstm
2020-12-01 01:30:00,0.0,-0.0019197464,lstm
2020-12-01 01:30:00,0.0,-0.003494382,lstm
2020-12-01 01:30:00,0.0,-0.0019710064,lstm
2020-12-01 01:30:00,0.0,0.00057661533,lstm
2020-12-01 01:45:00,0.0,-0.0019925088,lstm
2020-12-01 01:45:00,0.0,-0.0035406202,lstm
2020-12-01 01:45:00,0.0,-0.0020902753,lstm
2020-12-01 01:45:00,0.0,0.0004862249,lstm
2020-12-01 02:00:00,0.0,-0.0019426793,lstm
2020-12-01 02:00:00,0.0,-0.0034944266,lstm
2020-12-01 02:00:00,0.0,-0.0020513088,lstm
2020-12-01 02:00:00,0.0,0.00047940016,lstm
2020-12-01 02:15:00,0.0,-0.0019175112,lstm
2020-12-01 02:15:00,0.0,-0.0034917295,lstm
2020-12-01 02:15:00,0.0,-0.0020418614,lstm
2020-12-01 02:15:00,0.0,0.00045736134,lstm
2020-12-01 02:30:00,0.0,-0.0018859357,lstm
2020-12-01 02:30:00,0.0,-0.0034814924,lstm
2020-12-01 02:30:00,0.0,-0.0020485073,lstm
2020-12-01 02:30:00,0.0,0.0004286617,lstm
2020-12-01 02:45:00,0.0,-0.0019241124,lstm
2020-12-01 02:45:00,0.0,-0.0035126805,lstm
2020-12-01 02:45:00,0.0,-0.0021554232,lstm
2020-12-01 02:45:00,0.0,0.00032496452,lstm
2020-12-01 03:00:00,0.0,-0.0018757731,lstm
2020-12-01 03:00:00,0.0,-0.0034915507,lstm
2020-12-01 03:00:00,0.0,-0.0021393,lstm
2020-12-01 03:00:00,0.0,0.0002823174,lstm
2020-12-01 03:15:00,0.0,-0.00183703,lstm
2020-12-01 03:15:00,0.0,-0.00349541,lstm
2020-12-01 03:15:00,0.0,-0.0021542758,lstm
2020-12-01 03:15:00,0.0,0.00022810698,lstm
2020-12-01 03:30:00,0.0,-0.001813829,lstm
2020-12-01 03:30:00,0.0,-0.0035069436,lstm
2020-12-01 03:30:00,0.0,-0.0021733344,lstm
2020-12-01 03:30:00,0.0,0.00018951297,lstm
2020-12-01 03:45:00,0.0,-0.001842916,lstm
2020-12-01 03:45:00,0.0,-0.0035363287,lstm
2020-12-01 03:45:00,0.0,-0.0022644252,lstm
2020-12-01 03:45:00,0.0,8.33869e-05,lstm
2020-12-01 04:00:00,0.0,-0.001798138,lstm
2020-12-01 04:00:00,0.0,-0.0035404265,lstm
2020-12-01 04:00:00,0.0,-0.0022775382,lstm
2020-12-01 04:00:00,0.0,8.121133e-06,lstm
2020-12-01 04:15:00,0.0,-0.0017632842,lstm
2020-12-01 04:15:00,0.0,-0.0035651922,lstm
2020-12-01 04:15:00,0.0,-0.0023104995,lstm
2020-12-01 04:15:00,0.0,-5.850196e-05,lstm
2020-12-01 04:30:00,0.0,-0.0017268807,lstm
2020-12-01 04:30:00,0.0,-0.00358513,lstm
2020-12-01 04:30:00,0.0,-0.0023462623,lstm
2020-12-01 04:30:00,0.0,-0.000115185976,lstm
2020-12-01 04:45:00,0.0,-0.0017472804,lstm
2020-12-01 04:45:00,0.0,-0.0036212057,lstm
2020-12-01 04:45:00,0.0,-0.0024250448,lstm
2020-12-01 04:45:00,0.0,-0.00021103024,lstm
2020-12-01 05:00:00,0.0,-0.0017305464,lstm
2020-12-01 05:00:00,0.0,-0.0036607832,lstm
2020-12-01 05:00:00,0.0,-0.0024651736,lstm
2020-12-01 05:00:00,0.0,-0.0002911389,lstm
2020-12-01 05:15:00,0.0,-0.0017084032,lstm
2020-12-01 05:15:00,0.0,-0.0037090778,lstm
2020-12-01 05:15:00,0.0,-0.002526641,lstm
2020-12-01 05:15:00,0.0,-0.00036422908,lstm
2020-12-01 05:30:00,0.0,-0.0016917586,lstm
2020-12-01 05:30:00,0.0,-0.0037553906,lstm
2020-12-01 05:30:00,0.0,-0.0025802702,lstm
2020-12-01 05:30:00,0.0,-0.00041238964,lstm
2020-12-01 05:45:00,0.0,-0.0017306209,lstm
2020-12-01 05:45:00,0.0,-0.0037992448,lstm
2020-12-01 05:45:00,0.0,-0.0026374012,lstm
2020-12-01 05:45:00,0.0,-0.0004592836,lstm
2020-12-01 06:00:00,0.0,-0.0017451942,lstm
2020-12-01 06:00:00,0.0,-0.0038854182,lstm
2020-12-01 06:00:00,0.0,-0.0027062148,lstm
2020-12-01 06:00:00,0.0,-0.00052791834,lstm
2020-12-01 06:15:00,0.0,-0.0017335415,lstm
2020-12-01 06:15:00,0.0,-0.003971517,lstm
2020-12-01 06:15:00,0.0,-0.0027835816,lstm
2020-12-01 06:15:00,0.0,-0.0005758554,lstm
2020-12-01 06:30:00,0.0,-0.0017039925,lstm
2020-12-01 06:30:00,0.0,-0.004043773,lstm
2020-12-01 06:30:00,0.0,-0.0028547645,lstm
2020-12-01 06:30:00,0.0,-0.00061251223,lstm
2020-12-01 06:45:00,0.0,-0.0017183423,lstm
2020-12-01 06:45:00,0.0,-0.004096374,lstm
2020-12-01 06:45:00,0.0,-0.0028887093,lstm
2020-12-01 06:45:00,0.0,-0.0006004721,lstm
2020-12-01 07:00:00,0.0,-0.0017099231,lstm
2020-12-01 07:00:00,0.0,-0.004210606,lstm
2020-12-01 07:00:00,0.0,-0.0029716343,lstm
2020-12-01 07:00:00,0.0,-0.00063186884,lstm
2020-12-01 07:15:00,0.0,-0.0016606897,lstm
2020-12-01 07:15:00,0.0,-0.004308194,lstm
2020-12-01 07:15:00,0.0,-0.003042385,lstm
2020-12-01 07:15:00,0.0,-0.00061523914,lstm
2020-12-01 07:30:00,0.0,-0.0016018152,lstm
2020-12-01 07:30:00,0.0,-0.004393503,lstm
2020-12-01 07:30:00,0.0,-0.0030947775,lstm
2020-12-01 07:30:00,0.0,-0.00057451427,lstm
2020-12-01 07:45:00,0.0,-0.0015753955,lstm
2020-12-01 07:45:00,0.0,-0.0044238567,lstm
2020-12-01 07:45:00,0.0,-0.0030599236,lstm
2020-12-01 07:45:00,0.0,-0.00040784478,lstm
2020-12-01 08:00:00,0.0,-0.0015653223,lstm
2020-12-01 08:00:00,0.0,-0.004550487,lstm
2020-12-01 08:00:00,0.0,-0.0030772984,lstm
2020-12-01 08:00:00,0.0,-0.00023043156,lstm
2020-12-01 08:15:00,0.0,-0.001494199,lstm
2020-12-01 08:15:00,0.0,-0.004690081,lstm
2020-12-01 08:15:00,0.0,-0.003082931,lstm
2020-12-01 08:15:00,0.0,6.4358115e-05,lstm
2020-12-01 08:30:00,0.0,-0.0013497025,lstm
2020-12-01 08:30:00,0.0,-0.0048600286,lstm
2020-12-01 08:30:00,0.0,-0.0030237138,lstm
2020-12-01 08:30:00,0.0,0.0006324053,lstm
2020-12-01 08:45:00,0.0,-0.0011608899,lstm
2020-12-01 08:45:00,0.0,-0.0049193352,lstm
2020-12-01 08:45:00,0.0,-0.0026312023,lstm
2020-12-01 08:45:00,0.0013999939,0.0020321757,lstm
2020-12-01 09:00:00,0.0,-0.00092995167,lstm
2020-12-01 09:00:00,0.0,-0.0049772263,lstm
2020-12-01 09:00:00,0.0013999939,-0.0013115853,lstm
2020-12-01 09:00:00,0.016000003,0.006409511,lstm
2020-12-01 09:15:00,0.0,-0.0010596961,lstm
2020-12-01 09:15:00,0.0013999939,-0.0028371364,lstm
2020-12-01 09:15:00,0.016000003,0.006478995,lstm
2020-12-01 09:15:00,0.0316,0.02645737,lstm
2020-12-01 09:30:00,0.0013999939,-0.0016278476,lstm
2020-12-01 09:30:00,0.015999988,0.010472462,lstm
2020-12-01 09:30:00,0.0316,0.038696423,lstm
2020-12-01 09:30:00,0.041600004,0.089953296,lstm
2020-12-01 09:45:00,0.016000003,-0.0017369837,lstm
2020-12-01 09:45:00,0.0316,0.019141346,lstm
2020-12-01 09:45:00,0.041600004,0.064759955,lstm
2020-12-01 09:45:00,0.060599998,0.13067913,lstm
2020-12-01 10:00:00,0.0316,0.014254853,lstm
2020-12-01 10:00:00,0.041600004,0.04077834,lstm
2020-12-01 10:00:00,0.060599998,0.10260674,lstm
2020-12-01 10:00:00,0.050400004,0.17072672,lstm
2020-12-01 10:15:00,0.041600004,0.040326327,lstm
2020-12-01 10:15:00,0.060599998,0.080958255,lstm
2020-12-01 10:15:00,0.05040002,0.1565754,lstm
2020-12-01 10:15:00,0.048800007,0.22167484,lstm
2020-12-01 10:30:00,0.060599998,0.028503895,lstm
2020-12-01 10:30:00,0.050400004,0.07264465,lstm
2020-12-01 10:30:00,0.048800007,0.14049718,lstm
2020-12-01 10:30:00,0.055600002,0.1882766,lstm
2020-12-01 10:45:00,0.050400004,0.042622566,lstm
2020-12-01 10:45:00,0.04879999,0.08329018,lstm
2020-12-01 10:45:00,0.055600002,0.13790369,lstm
2020-12-01 10:45:00,0.108,0.17366977,lstm
2020-12-01 11:00:00,0.04879999,-0.0050432086,lstm
2020-12-01 11:00:00,0.055600002,0.019732594,lstm
2020-12-01 11:00:00,0.108,0.056915686,lstm
2020-12-01 11:00:00,0.1616,0.0767776,lstm
2020-12-01 11:15:00,0.055600002,-0.008990318,lstm
2020-12-01 11:15:00,0.108,0.009979889,lstm
2020-12-01 11:15:00,0.1616,0.038593486,lstm
2020-12-01 11:15:00,0.1496,0.047277868,lstm
2020-12-01 11:30:00,0.108,0.00027373433,lstm
2020-12-01 11:30:00,0.1616,0.018532872,lstm
2020-12-01 11:30:00,0.1496,0.044270143,lstm
2020-12-01 11:30:00,0.2006,0.050021425,lstm
2020-12-01 11:45:00,0.1616,0.08794969,lstm
2020-12-01 11:45:00,0.1496,0.107673,lstm
2020-12-01 11:45:00,0.2006,0.13713266,lstm
2020-12-01 11:45:00,0.229,0.14534873,lstm
2020-12-01 12:00:00,0.1496,0.14976323,lstm
2020-12-01 12:00:00,0.2006,0.1669473,lstm
2020-12-01 12:00:00,0.229,0.19505863,lstm
2020-12-01 12:00:00,0.3374,0.19998528,lstm
2020-12-01 12:15:00,0.2006,0.10286517,lstm
2020-12-01 12:15:00,0.229,0.11952771,lstm
2020-12-01 12:15:00,0.33739996,0.14577818,lstm
2020-12-01 12:15:00,0.4504,0.15878916,lstm
2020-12-01 12:30:00,0.229,0.19697803,lstm
2020-12-01 12:30:00,0.3374,0.21562122,lstm
2020-12-01 12:30:00,0.4504,0.23939043,lstm
2020-12-01 12:30:00,0.5464,0.25052854,lstm
2020-12-01 12:45:00,0.3374,0.21476157,lstm
2020-12-01 12:45:00,0.4504,0.238242,lstm
2020-12-01 12:45:00,0.5464,0.26088285,lstm
2020-12-01 12:45:00,0.4274,0.27806652,lstm
2020-12-01 13:00:00,0.4504,0.34568614,lstm
2020-12-01 13:00:00,0.5464,0.36246464,lstm
2020-12-01 13:00:00,0.4274,0.37622094,lstm
2020-12-01 13:00:00,0.5628,0.38890725,lstm
2020-12-01 13:15:00,0.5464,0.41163698,lstm
2020-12-01 13:15:00,0.4274,0.4203796,lstm
2020-12-01 13:15:00,0.5628,0.42576373,lstm
2020-12-01 13:15:00,0.509,0.4400336,lstm
2020-12-01 13:30:00,0.4274,0.514593,lstm
2020-12-01 13:30:00,0.5628,0.5164913,lstm
2020-12-01 13:30:00,0.509,0.51293886,lstm
2020-12-01 13:30:00,0.5114,0.53031015,lstm
2020-12-01 13:45:00,0.5628,0.45203468,lstm
2020-12-01 13:45:00,0.509,0.47631535,lstm
2020-12-01 13:45:00,0.5114,0.471685,lstm
2020-12-01 13:45:00,0.44780004,0.47581464,lstm
2020-12-01 14:00:00,0.509,0.52447474,lstm
2020-12-01 14:00:00,0.5114,0.50922394,lstm
2020-12-01 14:00:00,0.44780004,0.48980665,lstm
2020-12-01 14:00:00,0.569,0.49406236,lstm
2020-12-01 14:15:00,0.5114,0.48841274,lstm
2020-12-01 14:15:00,0.4478,0.48597798,lstm
2020-12-01 14:15:00,0.569,0.4684981,lstm
2020-12-01 14:15:00,0.5702,0.4625041,lstm
2020-12-01 14:30:00,0.4478,0.49377048,lstm
2020-12-01 14:30:00,0.569,0.48033136,lstm
2020-12-01 14:30:00,0.5702,0.46086818,lstm
2020-12-01 14:30:00,0.6506,0.45523512,lstm
2020-12-01 14:45:00,0.569,0.4509802,lstm
2020-12-01 14:45:00,0.5702,0.4466317,lstm
2020-12-01 14:45:00,0.6506,0.42804736,lstm
2020-12-01 14:45:00,0.49160004,0.41539243,lstm
2020-12-01 15:00:00,0.5702,0.5226798,lstm
2020-12-01 15:00:00,0.6506,0.47758564,lstm
2020-12-01 15:00:00,0.49160004,0.4462648,lstm
2020-12-01 15:00:00,0.529,0.42362946,lstm
2020-12-01 15:15:00,0.6506,0.5187607,lstm
2020-12-01 15:15:00,0.49159998,0.47505957,lstm
2020-12-01 15:15:00,0.529,0.43697494,lstm
2020-12-01 15:15:00,0.5936,0.40360165,lstm
2020-12-01 15:30:00,0.4916,0.53066397,lstm
2020-12-01 15:30:00,0.529,0.47799584,lstm
2020-12-01 15:30:00,0.5935999,0.4284818,lstm
2020-12-01 15:30:00,0.6096,0.38740313,lstm
2020-12-01 15:45:00,0.529,0.4038999,lstm
2020-12-01 15:45:00,0.5936,0.37775838,lstm
2020-12-01 15:45:00,0.6096,0.33455038,lstm
2020-12-01 15:45:00,0.5522,0.28159028,lstm
2020-12-01 16:00:00,0.5936,0.39182252,lstm
2020-12-01 16:00:00,0.6096,0.33503968,lstm
2020-12-01 16:00:00,0.5522,0.27960992,lstm
2020-12-01 16:00:00,0.4906,0.22675847,lstm
2020-12-01 16:15:00,0.60959995,0.41377226,lstm
2020-12-01 16:15:00,0.5522,0.3432958,lstm
2020-12-01 16:15:00,0.4906,0.28195113,lstm
2020-12-01 16:15:00,0.417,0.22816175,lstm
2020-12-01 16:30:00,0.5522001,0.39812502,lstm
2020-12-01 16:30:00,0.4906,0.32595247,lstm
2020-12-01 16:30:00,0.417,0.26515326,lstm
2020-12-01 16:30:00,0.3214,0.20345253,lstm
2020-12-01 16:45:00,0.4906,0.34772444,lstm
2020-12-01 16:45:00,0.417,0.2639865,lstm
2020-12-01 16:45:00,0.3214,0.19811775,lstm
2020-12-01 16:45:00,0.1926,0.12891394,lstm
2020-12-01 17:00:00,0.417,0.30221963,lstm
2020-12-01 17:00:00,0.3214,0.20933801,lstm
2020-12-01 17:00:00,0.1926,0.13358986,lstm
2020-12-01 17:00:00,0.10560001,0.07165073,lstm
2020-12-01 17:15:00,0.3214,0.23907012,lstm
2020-12-01 17:15:00,0.1926,0.15305936,lstm
2020-12-01 17:15:00,0.1056,0.07627674,lstm
2020-12-01 17:15:00,0.055199996,0.035090342,lstm
2020-12-01 17:30:00,0.1926,0.16423908,lstm
2020-12-01 17:30:00,0.1056,0.09089879,lstm
2020-12-01 17:30:00,0.055199996,0.030229822,lstm
2020-12-01 17:30:00,0.019799992,0.0118224025,lstm
2020-12-01 17:45:00,0.1056,0.088973485,lstm
2020-12-01 17:45:00,0.055199996,0.02952443,lstm
2020-12-01 17:45:00,0.019799992,-0.0039811134,lstm
2020-12-01 17:45:00,0.0015999973,-0.0064774007,lstm
2020-12-01 18:00:00,0.055199996,0.047357976,lstm
2020-12-01 18:00:00,0.019800007,0.005681619,lstm
2020-12-01 18:00:00,0.0015999973,-0.011658102,lstm
2020-12-01 18:00:00,0.0,-0.009756163,lstm
2020-12-01 18:15:00,0.019800007,0.027119055,lstm
2020-12-01 18:15:00,0.0015999824,-0.0012044907,lstm
2020-12-01 18:15:00,0.0,-0.0102439225,lstm
2020-12-01 18:15:00,0.0,-0.007445067,lstm
2020-12-01 18:30:00,0.0015999973,0.015427366,lstm
2020-12-01 18:30:00,0.0,-0.0030433685,lstm
2020-12-01 18:30:00,0.0,-0.00726375,lstm
2020-12-01 18:30:00,0.0,-0.004737109,lstm
2020-12-01 18:45:00,0.0,0.008508578,lstm
2020-12-01 18:45:00,0.0,-0.0033934414,lstm
2020-12-01 18:45:00,0.0,-0.004840821,lstm
2020-12-01 18:45:00,0.0,-0.002661705,lstm
2020-12-01 19:00:00,0.0,0.0037070215,lstm
2020-12-01 19:00:00,0.0,-0.0032019913,lstm
2020-12-01 19:00:00,0.0,-0.0031057894,lstm
2020-12-01 19:00:00,0.0,-0.0010003448,lstm
2020-12-01 19:15:00,0.0,0.00153929,lstm
2020-12-01 19:15:00,0.0,-0.00303033,lstm
2020-12-01 19:15:00,0.0,-0.0021486133,lstm
2020-12-01 19:15:00,0.0,-0.00025518239,lstm
2020-12-01 19:30:00,0.0,0.0003734827,lstm
2020-12-01 19:30:00,0.0,-0.0029880404,lstm
2020-12-01 19:30:00,0.0,-0.0016457886,lstm
2020-12-01 19:30:00,0.0,4.8980117e-05,lstm
2020-12-01 19:45:00,0.0,-0.00025957823,lstm
2020-12-01 19:45:00,0.0,-0.0031497627,lstm
2020-12-01 19:45:00,0.0,-0.0016282648,lstm
2020-12-01 19:45:00,0.0,9.673834e-05,lstm
2020-12-01 20:00:00,0.0,-0.0006452054,lstm
2020-12-01 20:00:00,0.0,-0.0032067,lstm
2020-12-01 20:00:00,0.0,-0.0015969574,lstm
2020-12-01 20:00:00,0.0,0.00018295646,lstm
2020-12-01 20:15:00,0.0,-0.0008945465,lstm
2020-12-01 20:15:00,0.0,-0.0032296777,lstm
2020-12-01 20:15:00,0.0,-0.001564905,lstm
2020-12-01 20:15:00,0.0,0.00025753677,lstm
2020-12-01 20:30:00,0.0,-0.0010245442,lstm
2020-12-01 20:30:00,0.0,-0.003232956,lstm
2020-12-01 20:30:00,0.0,-0.0015531033,lstm
2020-12-01 20:30:00,0.0,0.00028982759,lstm
2020-12-01 20:45:00,0.0,-0.0012584925,lstm
2020-12-01 20:45:00,0.0,-0.0034372807,lstm
2020-12-01 20:45:00,0.0,-0.0017564297,lstm
2020-12-01 20:45:00,0.0,0.00021316111,lstm
2020-12-01 21:00:00,0.0,-0.0013559014,lstm
2020-12-01 21:00:00,0.0,-0.0034727007,lstm
2020-12-01 21:00:00,0.0,-0.0017838776,lstm
2020-12-01 21:00:00,0.0,0.00024329126,lstm
2020-12-01 21:15:00,0.0,-0.0014200807,lstm
2020-12-01 21:15:00,0.0,-0.0034846663,lstm
2020-12-01 21:15:00,0.0,-0.0017830431,lstm
2020-12-01 21:15:00,0.0,0.00026598573,lstm
2020-12-01 21:30:00,0.0,-0.0014648885,lstm
2020-12-01 21:30:00,0.0,-0.0034828335,lstm
2020-12-01 21:30:00,0.0,-0.0017742217,lstm
2020-12-01 21:30:00,0.0,0.00028443336,lstm
2020-12-01 21:45:00,0.0,-0.0016622692,lstm
2020-12-01 21:45:00,0.0,-0.0036610216,lstm
2020-12-01 21:45:00,0.0,-0.0019805282,lstm
2020-12-01 21:45:00,0.0,0.00020939112,lstm
2020-12-01 22:00:00,0.0,-0.0016880482,lstm
2020-12-01 22:00:00,0.0,-0.0036397427,lstm
2020-12-01 22:00:00,0.0,-0.0019631684,lstm
2020-12-01 22:00:00,0.0,0.0002656132,lstm
2020-12-01 22:15:00,0.0,-0.0017068684,lstm
2020-12-01 22:15:00,0.0,-0.0036157966,lstm
2020-12-01 22:15:00,0.0,-0.0019307584,lstm
2020-12-01 22:15:00,0.0,0.00031031668,lstm
2020-12-01 22:30:00,0.0,-0.0017197281,lstm
2020-12-01 22:30:00,0.0,-0.0035987943,lstm
2020-12-01 22:30:00,0.0,-0.001903683,lstm
2020-12-01 22:30:00,0.0,0.0003400296,lstm
2020-12-01 22:45:00,0.0,-0.001891166,lstm
2020-12-01 22:45:00,0.0,-0.003733024,lstm
2020-12-01 22:45:00,0.0,-0.002079323,lstm
2020-12-01 22:45:00,0.0,0.0002824217,lstm
2020-12-01 23:00:00,0.0,-0.0018840283,lstm
2020-12-01 23:00:00,0.0,-0.0036818832,lstm
2020-12-01 23:00:00,0.0,-0.0020195693,lstm
2020-12-01 23:00:00,0.0,0.00035458803,lstm
2020-12-01 23:15:00,0.0,-0.001856327,lstm
2020-12-01 23:15:00,0.0,-0.0036417395,lstm
2020-12-01 23:15:00,0.0,-0.001979217,lstm
2020-12-01 23:15:00,0.0,0.00038433075,lstm
2020-12-01 23:30:00,0.0,-0.0018438548,lstm
2020-12-01 23:30:00,0.0,-0.0036159754,lstm
2020-12-01 23:30:00,0.0,-0.0019412786,lstm
2020-12-01 23:30:00,0.0,0.00041867793,lstm
2020-12-01 23:45:00,0.0,-0.001947552,lstm
2020-12-01 23:45:00,0.0,-0.003697276,lstm
2020-12-01 23:45:00,0.0,-0.0021062791,lstm
2020-12-01 23:45:00,0.0,0.0003400296,lstm
2020-12-02 00:00:00,0.0,-0.0019149333,lstm
2020-12-02 00:00:00,0.0,-0.0036370754,lstm
2020-12-02 00:00:00,0.0,-0.002044037,lstm
2020-12-02 00:00:00,0.0,0.0003978759,lstm
2020-12-02 00:15:00,0.0,-0.0018962473,lstm
2020-12-02 00:15:00,0.0,-0.0036120564,lstm
2020-12-02 00:15:00,0.0,-0.0020078123,lstm
2020-12-02 00:15:00,0.0,0.00041551888,lstm
2020-12-02 00:30:00,0.0,-0.0018820614,lstm
2020-12-02 00:30:00,0.0,-0.0035927892,lstm
2020-12-02 00:30:00,0.0,-0.0019847453,lstm
2020-12-02 00:30:00,0.0,0.0004287809,lstm
2020-12-02 00:45:00,0.0,-0.0019866228,lstm
2020-12-02 00:45:00,0.0,-0.003663674,lstm
2020-12-02 00:45:00,0.0,-0.0021129996,lstm
2020-12-02 00:45:00,0.0,0.00035710633,lstm
2020-12-02 01:00:00,0.0,-0.0019410551,lstm
2020-12-02 01:00:00,0.0,-0.0036064833,lstm
2020-12-02 01:00:00,0.0,-0.002070129,lstm
2020-12-02 01:00:00,0.0,0.00036877394,lstm
2020-12-02 01:15:00,0.0,-0.0019161552,lstm
2020-12-02 01:15:00,0.0,-0.0035936981,lstm
2020-12-02 01:15:00,0.0,-0.002050966,lstm
2020-12-02 01:15:00,0.0,0.0003630817,lstm
2020-12-02 01:30:00,0.0,-0.0018994361,lstm
2020-12-02 01:30:00,0.0,-0.0035826117,lstm
2020-12-02 01:30:00,0.0,-0.0020346344,lstm
2020-12-02 01:30:00,0.0,0.0003620237,lstm
2020-12-02 01:45:00,0.0,-0.001982361,lstm
2020-12-02 01:45:00,0.0,-0.0036509335,lstm
2020-12-02 01:45:00,0.0,-0.002161324,lstm
2020-12-02 01:45:00,0.0,0.0002540797,lstm
2020-12-02 02:00:00,0.0,-0.0019389838,lstm
2020-12-02 02:00:00,0.0,-0.0036162734,lstm
2020-12-02 02:00:00,0.0,-0.002147004,lstm
2020-12-02 02:00:00,0.0,0.00022371113,lstm
2020-12-02 02:15:00,0.0,-0.0019256771,lstm
2020-12-02 02:15:00,0.0,-0.0036235452,lstm
2020-12-02 02:15:00,0.0,-0.0021360517,lstm
2020-12-02 02:15:00,0.0,0.00020426512,lstm
2020-12-02 02:30:00,0.0,-0.0019204468,lstm
2020-12-02 02:30:00,0.0,-0.003633827,lstm
2020-12-02 02:30:00,0.0,-0.0021337569,lstm
2020-12-02 02:30:00,0.0,0.00018274784,lstm
2020-12-02 02:45:00,0.0,-0.001973033,lstm
2020-12-02 02:45:00,0.0,-0.003688544,lstm
2020-12-02 02:45:00,0.0,-0.0022547394,lstm
2020-12-02 02:45:00,0.0,5.465746e-05,lstm
2020-12-02 03:00:00,0.0,-0.0019290298,lstm
2020-12-02 03:00:00,0.0,-0.0036797076,lstm
2020-12-02 03:00:00,0.0,-0.002267301,lstm
2020-12-02 03:00:00,0.0,-9.983778e-06,lstm
2020-12-02 03:15:00,0.0,-0.0018917024,lstm
2020-12-02 03:15:00,0.0,-0.0036926419,lstm
2020-12-02 03:15:00,0.0,-0.0022863597,lstm
2020-12-02 03:15:00,0.0,-6.107986e-05,lstm
2020-12-02 03:30:00,0.0,-0.0018677413,lstm
2020-12-02 03:30:00,0.0,-0.0037053376,lstm
2020-12-02 03:30:00,0.0,-0.0023026615,lstm
2020-12-02 03:30:00,0.0,-9.639561e-05,lstm
2020-12-02 03:45:00,0.0,-0.0019102991,lstm
2020-12-02 03:45:00,0.0,-0.0037586242,lstm
2020-12-02 03:45:00,0.0,-0.0023978055,lstm
2020-12-02 03:45:00,0.0,-0.00021344423,lstm
2020-12-02 04:00:00,0.0,-0.0018956661,lstm
2020-12-02 04:00:00,0.0,-0.0037790388,lstm
2020-12-02 04:00:00,0.0,-0.0024077594,lstm
2020-12-02 04:00:00,0.0,-0.00028453767,lstm
2020-12-02 04:15:00,0.0,-0.0018739402,lstm
2020-12-02 04:15:00,0.0,-0.0038168877,lstm
2020-12-02 04:15:00,0.0,-0.0024438202,lstm
2020-12-02 04:15:00,0.0,-0.00036092103,lstm
2020-12-02 04:30:00,0.0,-0.0018501431,lstm
2020-12-02 04:30:00,0.0,-0.0038538277,lstm
2020-12-02 04:30:00,0.0,-0.0024771988,lstm
2020-12-02 04:30:00,0.0,-0.000420928,lstm
2020-12-02 04:45:00,0.0,-0.0018721372,lstm
2020-12-02 04:45:00,0.0,-0.003914878,lstm
2020-12-02 04:45:00,0.0,-0.0025689453,lstm
2020-12-02 04:45:00,0.0,-0.00055007637,lstm
2020-12-02 05:00:00,0.0,-0.001872018,lstm
2020-12-02 05:00:00,0.0,-0.0039798617,lstm
2020-12-02 05:00:00,0.0,-0.0026074648,lstm
2020-12-02 05:00:00,0.0,-0.00064499676,lstm
2020-12-02 05:15:00,0.0,-0.0018549412,lstm
2020-12-02 05:15:00,0.0,-0.004057497,lstm
2020-12-02 05:15:00,0.0,-0.0026694983,lstm
2020-12-02 05:15:00,0.0,-0.0007470399,lstm
2020-12-02 05:30:00,0.0,-0.0018258095,lstm
2020-12-02 05:30:00,0.0,-0.0041259527,lstm
2020-12-02 05:30:00,0.0,-0.0027373135,lstm
2020-12-02 05:30:00,0.0,-0.000831902,lstm
2020-12-02 05:45:00,0.0,-0.0018366277,lstm
2020-12-02 05:45:00,0.0,-0.004201576,lstm
2020-12-02 05:45:00,0.0,-0.0028172135,lstm
2020-12-02 05:45:00,0.0,-0.0009406507,lstm
2020-12-02 06:00:00,0.0,-0.0018129051,lstm
2020-12-02 06:00:00,0.0,-0.00430429,lstm
2020-12-02 06:00:00,0.0,-0.0029153675,lstm
2020-12-02 06:00:00,0.0,-0.0010508448,lstm
2020-12-02 06:15:00,0.0,-0.0017981529,lstm
2020-12-02 06:15:00,0.0,-0.0044006854,lstm
2020-12-02 06:15:00,0.0,-0.0029518306,lstm
2020-12-02 06:15:00,0.0,-0.0010756254,lstm
2020-12-02 06:30:00,0.0,-0.0017763227,lstm
2020-12-02 06:30:00,0.0,-0.004500255,lstm
2020-12-02 06:30:00,0.0,-0.0030039698,lstm
2020-12-02 06:30:00,0.0,-0.0011167824,lstm
2020-12-02 06:45:00,0.0,-0.0017863661,lstm
2020-12-02 06:45:00,0.0,-0.0045732856,lstm
2020-12-02 06:45:00,0.0,-0.0030098408,lstm
2020-12-02 06:45:00,0.0,-0.001089856,lstm
2020-12-02 07:00:00,0.0,-0.0017697662,lstm
2020-12-02 07:00:00,0.0,-0.0047077835,lstm
2020-12-02 07:00:00,0.0,-0.0030470341,lstm
2020-12-02 07:00:00,0.0,-0.0010642111,lstm
2020-12-02 07:15:00,0.0,-0.0016299039,lstm
2020-12-02 07:15:00,0.0,-0.0048268586,lstm
2020-12-02 07:15:00,0.0,-0.0031484663,lstm
2020-12-02 07:15:00,0.0,-0.0010492355,lstm
2020-12-02 07:30:00,0.0,-0.0015180409,lstm
2020-12-02 07:30:00,0.0,-0.0049283057,lstm
2020-12-02 07:30:00,0.0,-0.0031708926,lstm
2020-12-02 07:30:00,0.0,-0.00090779364,lstm
2020-12-02 07:45:00,0.0,-0.0014249235,lstm
2020-12-02 07:45:00,0.0,-0.004951164,lstm
2020-12-02 07:45:00,0.0,-0.0030302405,lstm
2020-12-02 07:45:00,0.0,-0.00058217347,lstm
2020-12-02 08:00:00,0.0,-0.0013367683,lstm
2020-12-02 08:00:00,0.0,-0.005074084,lstm
2020-12-02 08:00:00,0.0,-0.0029646903,lstm
2020-12-02 08:00:00,0.0,-0.00021186471,lstm
2020-12-02 08:15:00,0.0,-0.0011537969,lstm
2020-12-02 08:15:00,0.0,-0.005187243,lstm
2020-12-02 08:15:00,0.0,-0.002783522,lstm
2020-12-02 08:15:00,0.0,0.00036895275,lstm
2020-12-02 08:30:00,0.0,-0.00089885294,lstm
2020-12-02 08:30:00,0.0,-0.005339712,lstm
2020-12-02 08:30:00,0.0,-0.0025756508,lstm
2020-12-02 08:30:00,0.0,0.0012040436,lstm
2020-12-02 08:45:00,0.0,-0.0005785674,lstm
2020-12-02 08:45:00,0.0,-0.005270332,lstm
2020-12-02 08:45:00,0.0,-0.0018697977,lstm
2020-12-02 08:45:00,0.0072000027,0.0030265301,lstm
2020-12-02 09:00:00,0.0,-0.00010859966,lstm
2020-12-02 09:00:00,0.0,-0.0051467866,lstm
2020-12-02 09:00:00,0.0072000027,-0.0003656894,lstm
2020-12-02 09:00:00,0.04259999,0.007149771,lstm
2020-12-02 09:15:00,0.0,0.00048825145,lstm
2020-12-02 09:15:00,0.0072000027,-0.0035567433,lstm
2020-12-02 09:15:00,0.04259999,0.0058891326,lstm
2020-12-02 09:15:00,0.101399995,0.022692502,lstm
2020-12-02 09:30:00,0.0072000027,-0.00058341026,lstm
2020-12-02 09:30:00,0.042600006,0.009464547,lstm
2020-12-02 09:30:00,0.1014,0.038465694,lstm
2020-12-02 09:30:00,0.1552,0.088733576,lstm
2020-12-02 09:45:00,0.042600006,0.0053031594,lstm
2020-12-02 09:45:00,0.10140001,0.031241566,lstm
2020-12-02 09:45:00,0.1552,0.0853588,lstm
2020-12-02 09:45:00,0.2892,0.16138864,lstm
2020-12-02 10:00:00,0.1014,0.103971206,lstm
2020-12-02 10:00:00,0.1552,0.16008395,lstm
2020-12-02 10:00:00,0.2892,0.25623217,lstm
2020-12-02 10:00:00,0.432,0.34405982,lstm
2020-12-02 10:15:00,0.1552,0.21504122,lstm
2020-12-02 10:15:00,0.2892,0.299792,lstm
2020-12-02 10:15:00,0.432,0.4083008,lstm
2020-12-02 10:15:00,0.5102,0.48085248,lstm
2020-12-02 10:30:00,0.2892,0.28681815,lstm
2020-12-02 10:30:00,0.432,0.37154502,lstm
2020-12-02 10:30:00,0.5102,0.45320696,lstm
2020-12-02 10:30:00,0.5684,0.5106229,lstm
2020-12-02 10:45:00,0.432,0.41151574,lstm
2020-12-02 10:45:00,0.5102,0.47982875,lstm
2020-12-02 10:45:00,0.5684,0.5402874,lstm
2020-12-02 10:45:00,0.6194,0.6035217,lstm
2020-12-02 11:00:00,0.5102,0.48992422,lstm
2020-12-02 11:00:00,0.5684,0.5439081,lstm
2020-12-02 11:00:00,0.6194,0.59927243,lstm
2020-12-02 11:00:00,0.6676,0.6543789,lstm
2020-12-02 11:15:00,0.5684,0.5545517,lstm
2020-12-02 11:15:00,0.6194,0.59564424,lstm
2020-12-02 11:15:00,0.6676,0.6464067,lstm
2020-12-02 11:15:00,0.7094,0.68076664,lstm
2020-12-02 11:30:00,0.6194,0.60785824,lstm
2020-12-02 11:30:00,0.6676,0.63646775,lstm
2020-12-02 11:30:00,0.7094,0.6760793,lstm
2020-12-02 11:30:00,0.7458,0.6941286,lstm
2020-12-02 11:45:00,0.66760004,0.649162,lstm
2020-12-02 11:45:00,0.70939994,0.6698099,lstm
2020-12-02 11:45:00,0.7458,0.6981664,lstm
2020-12-02 11:45:00,0.7768,0.7120038,lstm
2020-12-02 12:00:00,0.7094,0.6802652,lstm
2020-12-02 12:00:00,0.7458,0.6953224,lstm
2020-12-02 12:00:00,0.7768,0.71413666,lstm
2020-12-02 12:00:00,0.7992,0.7281769,lstm
2020-12-02 12:15:00,0.7458,0.70206803,lstm
2020-12-02 12:15:00,0.7767999,0.7129835,lstm
2020-12-02 12:15:00,0.7992,0.72396785,lstm
2020-12-02 12:15:00,0.815,0.73746014,lstm
2020-12-02 12:30:00,0.7768,0.71948254,lstm
2020-12-02 12:30:00,0.79919994,0.7262765,lstm
2020-12-02 12:30:00,0.815,0.7318688,lstm
2020-12-02 12:30:00,0.8252,0.74399865,lstm
2020-12-02 12:45:00,0.7992,0.73560655,lstm
2020-12-02 12:45:00,0.81499994,0.7384167,lstm
2020-12-02 12:45:00,0.8252,0.74059135,lstm
2020-12-02 12:45:00,0.8296,0.75177354,lstm
2020-12-02 13:00:00,0.815,0.7477897,lstm
2020-12-02 13:00:00,0.82519996,0.74811053,lstm
2020-12-02 13:00:00,0.8296,0.7488064,lstm
2020-12-02 13:00:00,0.8332,0.7593538,lstm
2020-12-02 13:15:00,0.8252001,0.7618906,lstm
2020-12-02 13:15:00,0.8296,0.7606,lstm
2020-12-02 13:15:00,0.8332,0.7621628,lstm
2020-12-02 13:15:00,0.834,0.77274734,lstm
2020-12-02 13:30:00,0.8296,0.77855265,lstm
2020-12-02 13:30:00,0.8332001,0.7759783,lstm
2020-12-02 13:30:00,0.834,0.7792362,lstm
2020-12-02 13:30:00,0.8292,0.78947157,lstm
2020-12-02 13:45:00,0.8332,0.79336834,lstm
2020-12-02 13:45:00,0.834,0.7885059,lstm
2020-12-02 13:45:00,0.8292001,0.79170996,lstm
2020-12-02 13:45:00,0.8166,0.8001216,lstm
2020-12-02 14:00:00,0.834,0.80209565,lstm
2020-12-02 14:00:00,0.8292,0.79576623,lstm
2020-12-02 14:00:00,0.8166,0.7987472,lstm
2020-12-02 14:00:00,0.802,0.80559427,lstm
2020-12-02 14:15:00,0.8292,0.802934,lstm
2020-12-02 14:15:00,0.81659997,0.794955,lstm
2020-12-02 14:15:00,0.80200005,0.7960776,lstm
2020-12-02 14:15:00,0.787,0.7997047,lstm
2020-12-02 14:30:00,0.8166,0.802753,lstm
2020-12-02 14:30:00,0.8019999,0.7907702,lstm
2020-12-02 14:30:00,0.787,0.787801,lstm
2020-12-02 14:30:00,0.7642,0.78651553,lstm
2020-12-02 14:45:00,0.802,0.79783094,lstm
2020-12-02 14:45:00,0.78699994,0.780764,lstm
2020-12-02 14:45:00,0.7642,0.771167,lstm
2020-12-02 14:45:00,0.7362,0.76329184,lstm
2020-12-02 15:00:00,0.787,0.78332984,lstm
2020-12-02 15:00:00,0.7642,0.76145875,lstm
2020-12-02 15:00:00,0.7362,0.7455468,lstm
2020-12-02 15:00:00,0.7084,0.7308312,lstm
2020-12-02 15:15:00,0.7642,0.761205,lstm
2020-12-02 15:15:00,0.7362,0.73086405,lstm
2020-12-02 15:15:00,0.7084,0.7091047,lstm
2020-12-02 15:15:00,0.6783999,0.6872477,lstm
2020-12-02 15:30:00,0.7362,0.7313071,lstm
2020-12-02 15:30:00,0.7084,0.69015086,lstm
2020-12-02 15:30:00,0.6784,0.6630945,lstm
2020-12-02 15:30:00,0.6352,0.6337502,lstm
2020-12-02 15:45:00,0.7084,0.7010166,lstm
2020-12-02 15:45:00,0.6784,0.6501905,lstm
2020-12-02 15:45:00,0.6352,0.6152852,lstm
2020-12-02 15:45:00,0.5924,0.5788817,lstm
2020-12-02 16:00:00,0.6784,0.67111444,lstm
2020-12-02 16:00:00,0.6352,0.6139249,lstm
2020-12-02 16:00:00,0.5924,0.56769395,lstm
2020-12-02 16:00:00,0.5412,0.5232589,lstm
2020-12-02 16:15:00,0.6352,0.62941694,lstm
2020-12-02 16:15:00,0.5924,0.5649452,lstm
2020-12-02 16:15:00,0.5412,0.50563914,lstm
2020-12-02 16:15:00,0.47440004,0.4491055,lstm
2020-12-02 16:30:00,0.5924,0.560961,lstm
2020-12-02 16:30:00,0.5412,0.4777873,lstm
2020-12-02 16:30:00,0.47440004,0.4052046,lstm
2020-12-02 16:30:00,0.3714,0.33352733,lstm
2020-12-02 16:45:00,0.5411999,0.4618617,lstm
2020-12-02 16:45:00,0.47440004,0.35139593,lstm
2020-12-02 16:45:00,0.3714,0.25700673,lstm
2020-12-02 16:45:00,0.2206,0.17287228,lstm
2020-12-02 17:00:00,0.4744,0.39002085,lstm
2020-12-02 17:00:00,0.3714,0.27653098,lstm
2020-12-02 17:00:00,0.2206,0.17800154,lstm
2020-12-02 17:00:00,0.1246,0.100173675,lstm
2020-12-02 17:15:00,0.3714,0.32611805,lstm
2020-12-02 17:15:00,0.2206,0.21790461,lstm
2020-12-02 17:15:00,0.1246,0.12147366,lstm
2020-12-02 17:15:00,0.0676,0.058621988,lstm
2020-12-02 17:30:00,0.2206,0.23938707,lstm
2020-12-02 17:30:00,0.1246,0.14261419,lstm
2020-12-02 17:30:00,0.0676,0.06272471,lstm
2020-12-02 17:30:00,0.01440002,0.023415461,lstm
2020-12-02 17:45:00,0.1246,0.13311079,lstm
2020-12-02 17:45:00,0.0676,0.057976514,lstm
2020-12-02 17:45:00,0.014400005,0.011947632,lstm
2020-12-02 17:45:00,0.0,-0.0018072426,lstm
2020-12-02 18:00:00,0.0676,0.06691055,lstm
2020-12-02 18:00:00,0.01439999,0.016030788,lstm
2020-12-02 18:00:00,0.0,-0.007338047,lstm
2020-12-02 18:00:00,0.0,-0.009596378,lstm
2020-12-02 18:15:00,0.014400005,0.035323173,lstm
2020-12-02 18:15:00,0.0,0.0020934641,lstm
2020-12-02 18:15:00,0.0,-0.009463832,lstm
2020-12-02 18:15:00,0.0,-0.008452252,lstm
2020-12-02 18:30:00,0.0,0.018689185,lstm
2020-12-02 18:30:00,0.0,-0.002736032,lstm
2020-12-02 18:30:00,0.0,-0.008387819,lstm
2020-12-02 18:30:00,0.0,-0.0060945153,lstm
2020-12-02 18:45:00,0.0,0.009179145,lstm
2020-12-02 18:45:00,0.0,-0.0027738512,lstm
2020-12-02 18:45:00,0.0,-0.005080506,lstm
2020-12-02 18:45:00,0.0,-0.0026980788,lstm
2020-12-02 19:00:00,0.0,0.00406754,lstm
2020-12-02 19:00:00,0.0,-0.002760157,lstm
2020-12-02 19:00:00,0.0,-0.0029463917,lstm
2020-12-02 19:00:00,0.0,-0.0008088201,lstm
2020-12-02 19:15:00,0.0,0.0015239865,lstm
2020-12-02 19:15:00,0.0,-0.0028986484,lstm
2020-12-02 19:15:00,0.0,-0.0020193756,lstm
2020-12-02 19:15:00,0.0,-0.0002195239,lstm
2020-12-02 19:30:00,0.0,0.00031597912,lstm
2020-12-02 19:30:00,0.0,-0.0030073524,lstm
2020-12-02 19:30:00,0.0,-0.0016209036,lstm
2020-12-02 19:30:00,0.0,1.3709068e-05,lstm
2020-12-02 19:45:00,0.0,-0.00032694638,lstm
2020-12-02 19:45:00,0.0,-0.0031818897,lstm
2020-12-02 19:45:00,0.0,-0.0015901476,lstm
2020-12-02 19:45:00,0.0,8.2969666e-05,lstm
2020-12-02 20:00:00,0.0,-0.0006969124,lstm
2020-12-02 20:00:00,0.0,-0.0032583773,lstm
2020-12-02 20:00:00,0.0,-0.0015657097,lstm
2020-12-02 20:00:00,0.0,0.00017924607,lstm
2020-12-02 20:15:00,0.0,-0.00089782476,lstm
2020-12-02 20:15:00,0.0,-0.003284052,lstm
2020-12-02 20:15:00,0.0,-0.0015509427,lstm
2020-12-02 20:15:00,0.0,0.00024473667,lstm
2020-12-02 20:30:00,0.0,-0.0010482669,lstm
2020-12-02 20:30:00,0.0,-0.00331299,lstm
2020-12-02 20:30:00,0.0,-0.0015318245,lstm
2020-12-02 20:30:00,0.0,0.00029696524,lstm
2020-12-02 20:45:00,0.0,-0.0012400448,lstm
2020-12-02 20:45:00,0.0,-0.0034725517,lstm
2020-12-02 20:45:00,0.0,-0.0017119646,lstm
2020-12-02 20:45:00,0.0,0.0002516061,lstm
2020-12-02 21:00:00,0.0,-0.0013448596,lstm
2020-12-02 21:00:00,0.0,-0.0034983754,lstm
2020-12-02 21:00:00,0.0,-0.001729548,lstm
2020-12-02 21:00:00,0.0,0.00031127036,lstm
2020-12-02 21:15:00,0.0,-0.0014073551,lstm
2020-12-02 21:15:00,0.0,-0.003497541,lstm
2020-12-02 21:15:00,0.0,-0.0017233342,lstm
2020-12-02 21:15:00,0.0,0.00035202503,lstm
2020-12-02 21:30:00,0.0,-0.0014517605,lstm
2020-12-02 21:30:00,0.0,-0.0034991205,lstm
2020-12-02 21:30:00,0.0,-0.0017168969,lstm
2020-12-02 21:30:00,0.0,0.0003747791,lstm
2020-12-02 21:45:00,0.0,-0.0016233772,lstm
2020-12-02 21:45:00,0.0,-0.003648609,lstm
2020-12-02 21:45:00,0.0,-0.0019088238,lstm
2020-12-02 21:45:00,0.0,0.00031244755,lstm
2020-12-02 22:00:00,0.0,-0.0016655028,lstm
2020-12-02 22:00:00,0.0,-0.0036309361,lstm
2020-12-02 22:00:00,0.0,-0.0018920451,lstm
2020-12-02 22:00:00,0.0,0.0003798306,lstm
2020-12-02 22:15:00,0.0,-0.0017108321,lstm
2020-12-02 22:15:00,0.0,-0.0036205053,lstm
2020-12-02 22:15:00,0.0,-0.0018574595,lstm
2020-12-02 22:15:00,0.0,0.0004363507,lstm
2020-12-02 22:30:00,0.0,-0.0017286837,lstm
2020-12-02 22:30:00,0.0,-0.0036008507,lstm
2020-12-02 22:30:00,0.0,-0.001824215,lstm
2020-12-02 22:30:00,0.0,0.00047385693,lstm
2020-12-02 22:45:00,0.0,-0.0018398017,lstm
2020-12-02 22:45:00,0.0,-0.0036924481,lstm
2020-12-02 22:45:00,0.0,-0.0019948184,lstm
2020-12-02 22:45:00,0.0,0.00040772557,lstm
2020-12-02 23:00:00,0.0,-0.0017912686,lstm
2020-12-02 23:00:00,0.0,-0.0036268681,lstm
2020-12-02 23:00:00,0.0,-0.001964599,lstm
2020-12-02 23:00:00,0.0,0.00045362115,lstm
2020-12-02 23:15:00,0.0,-0.001772508,lstm
2020-12-02 23:15:00,0.0,-0.0035843998,lstm
2020-12-02 23:15:00,0.0,-0.0019316077,lstm
2020-12-02 23:15:00,0.0,0.0004981607,lstm
2020-12-02 23:30:00,0.0,-0.0017579645,lstm
2020-12-02 23:30:00,0.0,-0.0035562515,lstm
2020-12-02 23:30:00,0.0,-0.0019085109,lstm
2020-12-02 23:30:00,0.0,0.00052435696,lstm
2020-12-02 23:45:00,0.0,-0.0019106269,lstm
2020-12-02 23:45:00,0.0,-0.0036550164,lstm
2020-12-02 23:45:00,0.0,-0.0020626932,lstm
2020-12-02 23:45:00,0.0,0.0004684627,lstm
2020-12-03 00:00:00,0.0,-0.0018813759,lstm
2020-12-03 00:00:00,0.0,-0.0035949945,lstm
2020-12-03 00:00:00,0.0,-0.0020104796,lstm
2020-12-03 00:00:00,0.0,0.0005097836,lstm
2020-12-03 00:15:00,0.0,-0.0018618554,lstm
2020-12-03 00:15:00,0.0,-0.0035648942,lstm
2020-12-03 00:15:00,0.0,-0.0019791573,lstm
2020-12-03 00:15:00,0.0,0.00052666664,lstm
2020-12-03 00:30:00,0.0,-0.0018493533,lstm
2020-12-03 00:30:00,0.0,-0.0035455525,lstm
2020-12-03 00:30:00,0.0,-0.0019590706,lstm
2020-12-03 00:30:00,0.0,0.0005392134,lstm
2020-12-03 00:45:00,0.0,-0.0019535571,lstm
2020-12-03 00:45:00,0.0,-0.0036075711,lstm
2020-12-03 00:45:00,0.0,-0.0020935535,lstm
2020-12-03 00:45:00,0.0,0.00047044456,lstm
2020-12-03 01:00:00,0.0,-0.0019098073,lstm
2020-12-03 01:00:00,0.0,-0.0035496503,lstm
2020-12-03 01:00:00,0.0,-0.002037838,lstm
2020-12-03 01:00:00,0.0,0.000496462,lstm
2020-12-03 01:15:00,0.0,-0.0018763691,lstm
2020-12-03 01:15:00,0.0,-0.003527984,lstm
2020-12-03 01:15:00,0.0,-0.0020143688,lstm
2020-12-03 01:15:00,0.0,0.00048968196,lstm
2020-12-03 01:30:00,0.0,-0.0018487871,lstm
2020-12-03 01:30:00,0.0,-0.003508389,lstm
2020-12-03 01:30:00,0.0,-0.0019967556,lstm
2020-12-03 01:30:00,0.0,0.00049096346,lstm
2020-12-03 01:45:00,0.0,-0.0019350946,lstm
2020-12-03 01:45:00,0.0,-0.0035682023,lstm
2020-12-03 01:45:00,0.0,-0.0021082908,lstm
2020-12-03 01:45:00,0.0,0.00040623546,lstm
2020-12-03 02:00:00,0.0,-0.0018836409,lstm
2020-12-03 02:00:00,0.0,-0.0035179108,lstm
2020-12-03 02:00:00,0.0,-0.0020626187,lstm
2020-12-03 02:00:00,0.0,0.0003976673,lstm
2020-12-03 02:15:00,0.0,-0.0018443912,lstm
2020-12-03 02:15:00,0.0,-0.0035174787,lstm
2020-12-03 02:15:00,0.0,-0.0020673573,lstm
2020-12-03 02:15:00,0.0,0.00035394728,lstm
2020-12-03 02:30:00,0.0,-0.0018050522,lstm
2020-12-03 02:30:00,0.0,-0.0035105646,lstm
2020-12-03 02:30:00,0.0,-0.0020743012,lstm
2020-12-03 02:30:00,0.0,0.0003245473,lstm
2020-12-03 02:45:00,0.0,-0.0018407702,lstm
2020-12-03 02:45:00,0.0,-0.003551498,lstm
2020-12-03 02:45:00,0.0,-0.002185911,lstm
2020-12-03 02:45:00,0.0,0.00021284819,lstm
2020-12-03 03:00:00,0.0,-0.0017906129,lstm
2020-12-03 03:00:00,0.0,-0.0035316348,lstm
2020-12-03 03:00:00,0.0,-0.0021732897,lstm
2020-12-03 03:00:00,0.0,0.00016610324,lstm
2020-12-03 03:15:00,0.0,-0.001760453,lstm
2020-12-03 03:15:00,0.0,-0.0035414696,lstm
2020-12-03 03:15:00,0.0,-0.0021796972,lstm
2020-12-03 03:15:00,0.0,0.0001232326,lstm
2020-12-03 03:30:00,0.0,-0.0017334223,lstm
2020-12-03 03:30:00,0.0,-0.0035477579,lstm
2020-12-03 03:30:00,0.0,-0.0021927655,lstm
2020-12-03 03:30:00,0.0,8.825958e-05,lstm
2020-12-03 03:45:00,0.0,-0.0017630309,lstm
2020-12-03 03:45:00,0.0,-0.003582105,lstm
2020-12-03 03:45:00,0.0,-0.0022745728,lstm
2020-12-03 03:45:00,0.0,-9.49204e-06,lstm
2020-12-03 04:00:00,0.0,-0.0017362535,lstm
2020-12-03 04:00:00,0.0,-0.0035983622,lstm
2020-12-03 04:00:00,0.0,-0.0022905022,lstm
2020-12-03 04:00:00,0.0,-8.2463026e-05,lstm
2020-12-03 04:15:00,0.0,-0.0017126352,lstm
2020-12-03 04:15:00,0.0,-0.0036280751,lstm
2020-12-03 04:15:00,0.0,-0.0023238957,lstm
2020-12-03 04:15:00,0.0,-0.0001438111,lstm
2020-12-03 04:30:00,0.0,-0.0016768277,lstm
2020-12-03 04:30:00,0.0,-0.0036463886,lstm
2020-12-03 04:30:00,0.0,-0.0023550987,lstm
2020-12-03 04:30:00,0.0,-0.00019219518,lstm
2020-12-03 04:45:00,0.0,-0.0016792268,lstm
2020-12-03 04:45:00,0.0,-0.0036819428,lstm
2020-12-03 04:45:00,0.0,-0.0024401695,lstm
2020-12-03 04:45:00,0.0,-0.0003001243,lstm
2020-12-03 05:00:00,0.0,-0.0016445518,lstm
2020-12-03 05:00:00,0.0,-0.0037216395,lstm
2020-12-03 05:00:00,0.0,-0.0024745315,lstm
2020-12-03 05:00:00,0.0,-0.00038181245,lstm
2020-12-03 05:15:00,0.0,-0.0015970618,lstm
2020-12-03 05:15:00,0.0,-0.0037798882,lstm
2020-12-03 05:15:00,0.0,-0.0025548637,lstm
2020-12-03 05:15:00,0.0,-0.00048086047,lstm
2020-12-03 05:30:00,0.0,-0.0015573204,lstm
2020-12-03 05:30:00,0.0,-0.0038214475,lstm
2020-12-03 05:30:00,0.0,-0.0026047528,lstm
2020-12-03 05:30:00,0.0,-0.000527218,lstm
2020-12-03 05:45:00,0.0,-0.0015654862,lstm
2020-12-03 05:45:00,0.0,-0.0038605481,lstm
2020-12-03 05:45:00,0.0,-0.0026632696,lstm
2020-12-03 05:45:00,0.0,-0.0005810112,lstm
2020-12-03 06:00:00,0.0,-0.0015477538,lstm
2020-12-03 06:00:00,0.0,-0.0039396286,lstm
2020-12-03 06:00:00,0.0,-0.0027406365,lstm
2020-12-03 06:00:00,0.0,-0.000656113,lstm
2020-12-03 06:15:00,0.0,-0.0015090257,lstm
2020-12-03 06:15:00,0.0,-0.0040186793,lstm
2020-12-03 06:15:00,0.0,-0.0028245747,lstm
2020-12-03 06:15:00,0.0,-0.000703156,lstm
2020-12-03 06:30:00,0.0,-0.0014673173,lstm
2020-12-03 06:30:00,0.0,-0.004081577,lstm
2020-12-03 06:30:00,0.0,-0.002888739,lstm
2020-12-03 06:30:00,0.0,-0.0007210225,lstm
2020-12-03 06:45:00,0.0,-0.0014585853,lstm
2020-12-03 06:45:00,0.0,-0.00411205,lstm
2020-12-03 06:45:00,0.0,-0.0029111505,lstm
2020-12-03 06:45:00,0.0,-0.0006773919,lstm
2020-12-03 07:00:00,0.0,-0.0014512837,lstm
2020-12-03 07:00:00,0.0,-0.0042197257,lstm
2020-12-03 07:00:00,0.0,-0.002986595,lstm
2020-12-03 07:00:00,0.0,-0.00066801906,lstm
2020-12-03 07:15:00,0.0,-0.0014116019,lstm
2020-12-03 07:15:00,0.0,-0.0043253303,lstm
2020-12-03 07:15:00,0.0,-0.003057167,lstm
2020-12-03 07:15:00,0.0,-0.0006236136,lstm
2020-12-03 07:30:00,0.0,-0.0013433844,lstm
2020-12-03 07:30:00,0.0,-0.004423186,lstm
2020-12-03 07:30:00,0.0,-0.0031199157,lstm
2020-12-03 07:30:00,0.0,-0.00057543814,lstm
2020-12-03 07:45:00,0.0,-0.0012880266,lstm
2020-12-03 07:45:00,0.0,-0.0044472963,lstm
2020-12-03 07:45:00,0.0,-0.0030760765,lstm
2020-12-03 07:45:00,0.0,-0.00036607683,lstm
2020-12-03 08:00:00,0.0,-0.0012392551,lstm
2020-12-03 08:00:00,0.0,-0.004572913,lstm
2020-12-03 08:00:00,0.0,-0.0030877143,lstm
2020-12-03 08:00:00,0.0,-0.00015990436,lstm
2020-12-03 08:15:00,0.0,-0.0011288375,lstm
2020-12-03 08:15:00,0.0,-0.0047138333,lstm
2020-12-03 08:15:00,0.0,-0.0030850768,lstm
2020-12-03 08:15:00,0.0,0.00014491379,lstm
2020-12-03 08:30:00,0.0,-0.0009474158,lstm
2020-12-03 08:30:00,0.0,-0.0048918575,lstm
2020-12-03 08:30:00,0.0,-0.0030594617,lstm
2020-12-03 08:30:00,0.0,0.0006184429,lstm
2020-12-03 08:45:00,0.0,-0.00073866546,lstm
2020-12-03 08:45:00,0.0,-0.004937187,lstm
2020-12-03 08:45:00,0.0,-0.0026917607,lstm
2020-12-03 08:45:00,0.0075999945,0.0018527955,lstm
2020-12-03 09:00:00,0.0,-0.0005041659,lstm
2020-12-03 09:00:00,0.0,-0.0050264,lstm
2020-12-03 09:00:00,0.0075999945,-0.0016508698,lstm
2020-12-03 09:00:00,0.033199996,0.0052694976,lstm
2020-12-03 09:15:00,0.0,-0.0003142506,lstm
2020-12-03 09:15:00,0.0075999945,-0.0037676245,lstm
2020-12-03 09:15:00,0.033199996,0.0038523972,lstm
2020-12-03 09:15:00,0.0878,0.019785658,lstm
2020-12-03 09:30:00,0.0075999945,-0.00061652064,lstm
2020-12-03 09:30:00,0.033199996,0.007828951,lstm
2020-12-03 09:30:00,0.0878,0.03209755,lstm
2020-12-03 09:30:00,0.1416,0.077246055,lstm
2020-12-03 09:45:00,0.033199996,0.0067851245,lstm
2020-12-03 09:45:00,0.0878,0.02994351,lstm
2020-12-03 09:45:00,0.1416,0.07699514,lstm
2020-12-03 09:45:00,0.2654,0.14642121,lstm
2020-12-03 10:00:00,0.0878,0.07195661,lstm
2020-12-03 10:00:00,0.1416,0.122792654,lstm
2020-12-03 10:00:00,0.2654,0.20820758,lstm
2020-12-03 10:00:00,0.4116,0.2945758,lstm
2020-12-03 10:15:00,0.1416,0.17871243,lstm
2020-12-03 10:15:00,0.2654,0.2625472,lstm
2020-12-03 10:15:00,0.4116,0.3698825,lstm
2020-12-03 10:15:00,0.4968,0.45037746,lstm
2020-12-03 10:30:00,0.2654,0.25538772,lstm
2020-12-03 10:30:00,0.4116,0.34718633,lstm
2020-12-03 10:30:00,0.4968,0.43779555,lstm
2020-12-03 10:30:00,0.5566,0.50386304,lstm
2020-12-03 10:45:00,0.4116,0.37955546,lstm
2020-12-03 10:45:00,0.4968,0.4563757,lstm
2020-12-03 10:45:00,0.5566,0.5211355,lstm
2020-12-03 10:45:00,0.6082,0.5910759,lstm
2020-12-03 11:00:00,0.4968,0.4688444,lstm
2020-12-03 11:00:00,0.5566,0.5287945,lstm
2020-12-03 11:00:00,0.6082,0.5844129,lstm
2020-12-03 11:00:00,0.6508,0.64580554,lstm
2020-12-03 11:15:00,0.5566,0.5394511,lstm
2020-12-03 11:15:00,0.6082,0.5858682,lstm
2020-12-03 11:15:00,0.65079993,0.63701326,lstm
2020-12-03 11:15:00,0.6876,0.67716664,lstm
2020-12-03 11:30:00,0.6082,0.59886265,lstm
2020-12-03 11:30:00,0.6508,0.6305777,lstm
2020-12-03 11:30:00,0.6876,0.66879314,lstm
2020-12-03 11:30:00,0.7172,0.6905183,lstm
2020-12-03 11:45:00,0.6508,0.64447176,lstm
2020-12-03 11:45:00,0.6876,0.66499364,lstm
2020-12-03 11:45:00,0.7172,0.69007987,lstm
2020-12-03 11:45:00,0.7464,0.7058905,lstm
2020-12-03 12:00:00,0.6876,0.6756488,lstm
2020-12-03 12:00:00,0.7171999,0.6893053,lstm
2020-12-03 12:00:00,0.7464,0.7036595,lstm
2020-12-03 12:00:00,0.7706,0.7181906,lstm
2020-12-03 12:15:00,0.7172,0.69856817,lstm
2020-12-03 12:15:00,0.7464,0.7076484,lstm
2020-12-03 12:15:00,0.7706,0.71530807,lstm
2020-12-03 12:15:00,0.786,0.72956896,lstm
2020-12-03 12:30:00,0.7464,0.7129835,lstm
2020-12-03 12:30:00,0.77059996,0.71908987,lstm
2020-12-03 12:30:00,0.786,0.7226098,lstm
2020-12-03 12:30:00,0.798,0.7361073,lstm
2020-12-03 12:45:00,0.7706,0.73035944,lstm
2020-12-03 12:45:00,0.78600013,0.73462796,lstm
2020-12-03 12:45:00,0.798,0.7373159,lstm
2020-12-03 12:45:00,0.8086,0.75124276,lstm
2020-12-03 13:00:00,0.786,0.7434668,lstm
2020-12-03 13:00:00,0.798,0.7478498,lstm
2020-12-03 13:00:00,0.8086,0.75067544,lstm
2020-12-03 13:00:00,0.8134,0.76475567,lstm
2020-12-03 13:15:00,0.798,0.75429845,lstm
2020-12-03 13:15:00,0.80859995,0.7575699,lstm
2020-12-03 13:15:00,0.8134,0.7606653,lstm
2020-12-03 13:15:00,0.8156,0.7736394,lstm
2020-12-03 13:30:00,0.8086,0.7709011,lstm
2020-12-03 13:30:00,0.8133999,0.77200234,lstm
2020-12-03 13:30:00,0.8156,0.776164,lstm
2020-12-03 13:30:00,0.8122,0.7879958,lstm
2020-12-03 13:45:00,0.8134,0.7913773,lstm
2020-12-03 13:45:00,0.8155999,0.7899896,lstm
2020-12-03 13:45:00,0.8122,0.7941436,lstm
2020-12-03 13:45:00,0.8076001,0.80466205,lstm
2020-12-03 14:00:00,0.8156,0.7996023,lstm
2020-12-03 14:00:00,0.81219995,0.7963575,lstm
2020-12-03 14:00:00,0.8076,0.7986751,lstm
2020-12-03 14:00:00,0.7976,0.8062751,lstm
2020-12-03 14:15:00,0.8122,0.8001777,lstm
2020-12-03 14:15:00,0.8076,0.7936287,lstm
2020-12-03 14:15:00,0.7976,0.7927677,lstm
2020-12-03 14:15:00,0.7816,0.7957956,lstm
2020-12-03 14:30:00,0.8076,0.7966638,lstm
2020-12-03 14:30:00,0.7975999,0.7851049,lstm
2020-12-03 14:30:00,0.7816,0.7789971,lstm
2020-12-03 14:30:00,0.7658,0.7756569,lstm
2020-12-03 14:45:00,0.7976,0.79628795,lstm
2020-12-03 14:45:00,0.7816,0.7788322,lstm
2020-12-03 14:45:00,0.7658,0.76644987,lstm
2020-12-03 14:45:00,0.741,0.756307,lstm
2020-12-03 15:00:00,0.78159994,0.7797461,lstm
2020-12-03 15:00:00,0.7658,0.75690794,lstm
2020-12-03 15:00:00,0.741,0.7384241,lstm
2020-12-03 15:00:00,0.7114,0.7193978,lstm
2020-12-03 15:15:00,0.7658,0.7503205,lstm
2020-12-03 15:15:00,0.74099994,0.71649086,lstm
2020-12-03 15:15:00,0.7114,0.6923112,lstm
2020-12-03 15:15:00,0.6782,0.6638741,lstm
2020-12-03 15:30:00,0.741,0.72122717,lstm
2020-12-03 15:30:00,0.7113999,0.6741634,lstm
2020-12-03 15:30:00,0.6782,0.6445606,lstm
2020-12-03 15:30:00,0.638,0.60937566,lstm
2020-12-03 15:45:00,0.7114,0.68561053,lstm
2020-12-03 15:45:00,0.6782,0.63102496,lstm
2020-12-03 15:45:00,0.638,0.5909719,lstm
2020-12-03 15:45:00,0.5916,0.54794854,lstm
2020-12-03 16:00:00,0.6782,0.6476228,lstm
2020-12-03 16:00:00,0.638,0.58647084,lstm
2020-12-03 16:00:00,0.5916,0.5334256,lstm
2020-12-03 16:00:00,0.5342,0.47980857,lstm
2020-12-03 16:15:00,0.638,0.6024293,lstm
2020-12-03 16:15:00,0.5916,0.5342179,lstm
2020-12-03 16:15:00,0.5342,0.4717269,lstm
2020-12-03 16:15:00,0.46540004,0.40832913,lstm
2020-12-03 16:30:00,0.5916,0.5527613,lstm
2020-12-03 16:30:00,0.5342,0.47428474,lstm
2020-12-03 16:30:00,0.46540004,0.40575022,lstm
2020-12-03 16:30:00,0.359,0.33545363,lstm
2020-12-03 16:45:00,0.5342,0.49999076,lstm
2020-12-03 16:45:00,0.4654,0.40621048,lstm
2020-12-03 16:45:00,0.359,0.32822114,lstm
2020-12-03 16:45:00,0.2106,0.2497409,lstm
2020-12-03 17:00:00,0.4654,0.43784726,lstm
2020-12-03 17:00:00,0.359,0.32907122,lstm
2020-12-03 17:00:00,0.2106,0.24098594,lstm
2020-12-03 17:00:00,0.119600005,0.15946701,lstm
2020-12-03 17:15:00,0.359,0.36535186,lstm
2020-12-03 17:15:00,0.2106,0.24982539,lstm
2020-12-03 17:15:00,0.1196,0.15906046,lstm
2020-12-03 17:15:00,0.0642,0.0863682,lstm
2020-12-03 17:30:00,0.2106,0.26452282,lstm
2020-12-03 17:30:00,0.119600005,0.15573817,lstm
2020-12-03 17:30:00,0.0642,0.082081795,lstm
2020-12-03 17:30:00,0.020400003,0.03183803,lstm
2020-12-03 17:45:00,0.1196,0.1474888,lstm
2020-12-03 17:45:00,0.0642,0.066713035,lstm
2020-12-03 17:45:00,0.020400003,0.023014367,lstm
2020-12-03 17:45:00,0.0015999973,0.002436623,lstm
2020-12-03 18:00:00,0.0642,0.07292142,lstm
2020-12-03 18:00:00,0.020400003,0.020756513,lstm
2020-12-03 18:00:00,0.0015999973,-0.0029093623,lstm
2020-12-03 18:00:00,0.0,-0.0068291575,lstm
2020-12-03 18:15:00,0.020400003,0.037137657,lstm
2020-12-03 18:15:00,0.0015999824,0.003773883,lstm
2020-12-03 18:15:00,0.0,-0.008118078,lstm
2020-12-03 18:15:00,0.0,-0.006978512,lstm
2020-12-03 18:30:00,0.0015999973,0.01905477,lstm
2020-12-03 18:30:00,0.0,-0.001894638,lstm
2020-12-03 18:30:00,0.0,-0.0073731393,lstm
2020-12-03 18:30:00,0.0,-0.00503847,lstm
2020-12-03 18:45:00,0.0,0.009550184,lstm
2020-12-03 18:45:00,0.0,-0.0031083673,lstm
2020-12-03 18:45:00,0.0,-0.004808113,lstm
2020-12-03 18:45:00,0.0,-0.0027882755,lstm
2020-12-03 19:00:00,0.0,0.0040457696,lstm
2020-12-03 19:00:00,0.0,-0.0031852722,lstm
2020-12-03 19:00:00,0.0,-0.0031829774,lstm
2020-12-03 19:00:00,0.0,-0.0010385066,lstm
2020-12-03 19:15:00,0.0,0.0014663786,lstm
2020-12-03 19:15:00,0.0,-0.0031635016,lstm
2020-12-03 19:15:00,0.0,-0.0022303313,lstm
2020-12-03 19:15:00,0.0,-0.0002323538,lstm
2020-12-03 19:30:00,0.0,0.00023305416,lstm
2020-12-03 19:30:00,0.0,-0.0031824112,lstm
2020-12-03 19:30:00,0.0,-0.0017327219,lstm
2020-12-03 19:30:00,0.0,7.6040626e-05,lstm
2020-12-03 19:45:00,0.0,-0.00040885806,lstm
2020-12-03 19:45:00,0.0,-0.0033109635,lstm
2020-12-03 19:45:00,0.0,-0.0016460866,lstm
2020-12-03 19:45:00,0.0,0.00016598403,lstm
2020-12-03 20:00:00,0.0,-0.00077977777,lstm
2020-12-03 20:00:00,0.0,-0.0033860803,lstm
2020-12-03 20:00:00,0.0,-0.001611799,lstm
2020-12-03 20:00:00,0.0,0.00024448335,lstm
2020-12-03 20:15:00,0.0,-0.0009925365,lstm
2020-12-03 20:15:00,0.0,-0.0034203678,lstm
2020-12-03 20:15:00,0.0,-0.0015800148,lstm
2020-12-03 20:15:00,0.0,0.00030265749,lstm
2020-12-03 20:30:00,0.0,-0.0011273175,lstm
2020-12-03 20:30:00,0.0,-0.003446415,lstm
2020-12-03 20:30:00,0.0,-0.0015547276,lstm
2020-12-03 20:30:00,0.0,0.0003401041,lstm
2020-12-03 20:45:00,0.0,-0.0012883395,lstm
2020-12-03 20:45:00,0.0,-0.0035811514,lstm
2020-12-03 20:45:00,0.0,-0.0017028898,lstm
2020-12-03 20:45:00,0.0,0.0003039986,lstm
2020-12-03 21:00:00,0.0,-0.0013644248,lstm
2020-12-03 21:00:00,0.0,-0.0035921782,lstm
2020-12-03 21:00:00,0.0,-0.0017167777,lstm
2020-12-03 21:00:00,0.0,0.00035487115,lstm
2020-12-03 21:15:00,0.0,-0.0014118403,lstm
2020-12-03 21:15:00,0.0,-0.0035838634,lstm
2020-12-03 21:15:00,0.0,-0.0016970187,lstm
2020-12-03 21:15:00,0.0,0.0004015714,lstm
2020-12-03 21:30:00,0.0,-0.0014444143,lstm
2020-12-03 21:30:00,0.0,-0.0035822988,lstm
2020-12-03 21:30:00,0.0,-0.0016836226,lstm
2020-12-03 21:30:00,0.0,0.00042496622,lstm
2020-12-03 21:45:00,0.0,-0.0015685409,lstm
2020-12-03 21:45:00,0.0,-0.0036900938,lstm
2020-12-03 21:45:00,0.0,-0.001851961,lstm
2020-12-03 21:45:00,0.0,0.00037659705,lstm
2020-12-03 22:00:00,0.0,-0.0015924871,lstm
2020-12-03 22:00:00,0.0,-0.003661573,lstm
2020-12-03 22:00:00,0.0,-0.0018428564,lstm
2020-12-03 22:00:00,0.0,0.00043924153,lstm
2020-12-03 22:15:00,0.0,-0.0015954673,lstm
2020-12-03 22:15:00,0.0,-0.0036213845,lstm
2020-12-03 22:15:00,0.0,-0.0018232912,lstm
2020-12-03 22:15:00,0.0,0.00048594177,lstm
2020-12-03 22:30:00,0.0,-0.0016063005,lstm
2020-12-03 22:30:00,0.0,-0.0035953075,lstm
2020-12-03 22:30:00,0.0,-0.0018043965,lstm
2020-12-03 22:30:00,0.0,0.00052675605,lstm
2020-12-03 22:45:00,0.0,-0.0017519146,lstm
2020-12-03 22:45:00,0.0,-0.003686294,lstm
2020-12-03 22:45:00,0.0,-0.0019632727,lstm
2020-12-03 22:45:00,0.0,0.00048583746,lstm
2020-12-03 23:00:00,0.0,-0.0017463118,lstm
2020-12-03 23:00:00,0.0,-0.0036317557,lstm
2020-12-03 23:00:00,0.0,-0.0019257069,lstm
2020-12-03 23:00:00,0.0,0.000546366,lstm
2020-12-03 23:15:00,0.0,-0.0017413497,lstm
2020-12-03 23:15:00,0.0,-0.0035951287,lstm
2020-12-03 23:15:00,0.0,-0.0018932372,lstm
2020-12-03 23:15:00,0.0,0.00058329105,lstm
2020-12-03 23:30:00,0.0,-0.001731351,lstm
2020-12-03 23:30:00,0.0,-0.0035678595,lstm
2020-12-03 23:30:00,0.0,-0.001873821,lstm
2020-12-03 23:30:00,0.0,0.000604257,lstm
2020-12-03 23:45:00,0.0,-0.001861155,lstm
2020-12-03 23:45:00,0.0,-0.003641963,lstm
2020-12-03 23:45:00,0.0,-0.0020221472,lstm
2020-12-03 23:45:00,0.0,0.00054712594,lstm
2020-12-04 00:00:00,0.0,-0.0018273741,lstm
2020-12-04 00:00:00,0.0,-0.003585264,lstm
2020-12-04 00:00:00,0.0,-0.001978308,lstm
2020-12-04 00:00:00,0.0,0.0005797148,lstm
2020-12-04 00:15:00,0.0,-0.0018042475,lstm
2020-12-04 00:15:00,0.0,-0.00355722,lstm
2020-12-04 00:15:00,0.0,-0.0019534677,lstm
2020-12-04 00:15:00,0.0,0.0005892962,lstm
2020-12-04 00:30:00,0.0,-0.0017930567,lstm
2020-12-04 00:30:00,0.0,-0.003539443,lstm
2020-12-04 00:30:00,0.0,-0.0019367486,lstm
2020-12-04 00:30:00,0.0,0.00060002506,lstm
2020-12-04 00:45:00,0.0,-0.001888141,lstm
2020-12-04 00:45:00,0.0,-0.0035870671,lstm
2020-12-04 00:45:00,0.0,-0.0020693392,lstm
2020-12-04 00:45:00,0.0,0.00053066015,lstm
2020-12-04 01:00:00,0.0,-0.001837641,lstm
2020-12-04 01:00:00,0.0,-0.0035247952,lstm
2020-12-04 01:00:00,0.0,-0.002015993,lstm
2020-12-04 01:00:00,0.0,0.000554502,lstm
2020-12-04 01:15:00,0.0,-0.0017961562,lstm
2020-12-04 01:15:00,0.0,-0.0034909546,lstm
2020-12-04 01:15:00,0.0,-0.0019884706,lstm
2020-12-04 01:15:00,0.0,0.0005507916,lstm
2020-12-04 01:30:00,0.0,-0.0017791837,lstm
2020-12-04 01:30:00,0.0,-0.0034722537,lstm
2020-12-04 01:30:00,0.0,-0.0019649565,lstm
2020-12-04 01:30:00,0.0,0.00056248903,lstm
2020-12-04 01:45:00,0.0,-0.0018439442,lstm
2020-12-04 01:45:00,0.0,-0.0035063177,lstm
2020-12-04 01:45:00,0.0,-0.0020728111,lstm
2020-12-04 01:45:00,0.0,0.00047954917,lstm
2020-12-04 02:00:00,0.0,-0.0017864406,lstm
2020-12-04 02:00:00,0.0,-0.003453672,lstm
2020-12-04 02:00:00,0.0,-0.0020239353,lstm
2020-12-04 02:00:00,0.0,0.0004775524,lstm
2020-12-04 02:15:00,0.0,-0.001750946,lstm
2020-12-04 02:15:00,0.0,-0.003438145,lstm
2020-12-04 02:15:00,0.0,-0.0020069033,lstm
2020-12-04 02:15:00,0.0,0.00045964122,lstm
2020-12-04 02:30:00,0.0,-0.0017289817,lstm
2020-12-04 02:30:00,0.0,-0.003436759,lstm
2020-12-04 02:30:00,0.0,-0.002005741,lstm
2020-12-04 02:30:00,0.0,0.00044038892,lstm
2020-12-04 02:45:00,0.0,-0.0017706454,lstm
2020-12-04 02:45:00,0.0,-0.003454104,lstm
2020-12-04 02:45:00,0.0,-0.0020897985,lstm
2020-12-04 02:45:00,0.0,0.00036597252,lstm
2020-12-04 03:00:00,0.0,-0.0017180294,lstm
2020-12-04 03:00:00,0.0,-0.0034216791,lstm
2020-12-04 03:00:00,0.0,-0.0020572245,lstm
2020-12-04 03:00:00,0.0,0.00034326315,lstm
2020-12-04 03:15:00,0.0,-0.0016815811,lstm
2020-12-04 03:15:00,0.0,-0.0034227073,lstm
2020-12-04 03:15:00,0.0,-0.0020564497,lstm
2020-12-04 03:15:00,0.0,0.00030902028,lstm
2020-12-04 03:30:00,0.0,-0.0016557723,lstm
2020-12-04 03:30:00,0.0,-0.0034232438,lstm
2020-12-04 03:30:00,0.0,-0.0020599365,lstm
2020-12-04 03:30:00,0.0,0.00028961897,lstm
2020-12-04 03:45:00,0.0,-0.0016728491,lstm
2020-12-04 03:45:00,0.0,-0.00343889,lstm
2020-12-04 03:45:00,0.0,-0.0021293163,lstm
2020-12-04 03:45:00,0.0,0.00020822883,lstm
2020-12-04 04:00:00,0.0,-0.0016206056,lstm
2020-12-04 04:00:00,0.0,-0.0034334809,lstm
2020-12-04 04:00:00,0.0,-0.002132982,lstm
2020-12-04 04:00:00,0.0,0.00014975667,lstm
2020-12-04 04:15:00,0.0,-0.0015731156,lstm
2020-12-04 04:15:00,0.0,-0.0034495592,lstm
2020-12-04 04:15:00,0.0,-0.0021629483,lstm
2020-12-04 04:15:00,0.0,8.998811e-05,lstm
2020-12-04 04:30:00,0.0,-0.0015333593,lstm
2020-12-04 04:30:00,0.0,-0.0034647584,lstm
2020-12-04 04:30:00,0.0,-0.0021924227,lstm
2020-12-04 04:30:00,0.0,4.5493245e-05,lstm
2020-12-04 04:45:00,0.0,-0.0015364885,lstm
2020-12-04 04:45:00,0.0,-0.0034771562,lstm
2020-12-04 04:45:00,0.0,-0.00224787,lstm
2020-12-04 04:45:00,0.0,-2.3320317e-05,lstm
2020-12-04 05:00:00,0.0,-0.0014991164,lstm
2020-12-04 05:00:00,0.0,-0.0035047978,lstm
2020-12-04 05:00:00,0.0,-0.002276972,lstm
2020-12-04 05:00:00,0.0,-9.10759e-05,lstm
2020-12-04 05:15:00,0.0,-0.0014663637,lstm
2020-12-04 05:15:00,0.0,-0.0035399944,lstm
2020-12-04 05:15:00,0.0,-0.0023174584,lstm
2020-12-04 05:15:00,0.0,-0.00013662875,lstm
2020-12-04 05:30:00,0.0,-0.0014235079,lstm
2020-12-04 05:30:00,0.0,-0.0035703182,lstm
2020-12-04 05:30:00,0.0,-0.0023654252,lstm
2020-12-04 05:30:00,0.0,-0.00018543005,lstm
2020-12-04 05:45:00,0.0,-0.0014334917,lstm
2020-12-04 05:45:00,0.0,-0.003593713,lstm
2020-12-04 05:45:00,0.0,-0.002408266,lstm
2020-12-04 05:45:00,0.0,-0.00021485984,lstm
2020-12-04 06:00:00,0.0,-0.0014252514,lstm
2020-12-04 06:00:00,0.0,-0.0036583543,lstm
2020-12-04 06:00:00,0.0,-0.0024610013,lstm
2020-12-04 06:00:00,0.0,-0.0002578199,lstm
2020-12-04 06:15:00,0.0,-0.0013881773,lstm
2020-12-04 06:15:00,0.0,-0.003719896,lstm
2020-12-04 06:15:00,0.0,-0.0025283247,lstm
2020-12-04 06:15:00,0.0,-0.00029222667,lstm
2020-12-04 06:30:00,0.0,-0.0013407469,lstm
2020-12-04 06:30:00,0.0,-0.003770128,lstm
2020-12-04 06:30:00,0.0,-0.0025868118,lstm
2020-12-04 06:30:00,0.0,-0.00031292439,lstm
2020-12-04 06:45:00,0.0,-0.0013436228,lstm
2020-12-04 06:45:00,0.0,-0.0037965477,lstm
2020-12-04 06:45:00,0.0,-0.002606973,lstm
2020-12-04 06:45:00,0.0,-0.00027166307,lstm
2020-12-04 07:00:00,0.0,-0.0013460219,lstm
2020-12-04 07:00:00,0.0,-0.0038973838,lstm
2020-12-04 07:00:00,0.0,-0.0026743412,lstm
2020-12-04 07:00:00,0.0,-0.00026737154,lstm
2020-12-04 07:15:00,0.0,-0.0012970865,lstm
2020-12-04 07:15:00,0.0,-0.0039883256,lstm
2020-12-04 07:15:00,0.0,-0.0027445555,lstm
2020-12-04 07:15:00,0.0,-0.00024488568,lstm
2020-12-04 07:30:00,0.0,-0.0012331158,lstm
2020-12-04 07:30:00,0.0,-0.004067078,lstm
2020-12-04 07:30:00,0.0,-0.0027991235,lstm
2020-12-04 07:30:00,0.0,-0.00020095706,lstm
2020-12-04 07:45:00,0.0,-0.0011939108,lstm
2020-12-04 07:45:00,0.0,-0.004086852,lstm
2020-12-04 07:45:00,0.0,-0.002760306,lstm
2020-12-04 07:45:00,0.0,-1.5288591e-05,lstm
2020-12-04 08:00:00,0.0,-0.0011707991,lstm
2020-12-04 08:00:00,0.0,-0.004205376,lstm
2020-12-04 08:00:00,0.0,-0.0027825683,lstm
2020-12-04 08:00:00,0.0,0.00015842915,lstm
2020-12-04 08:15:00,0.0,-0.001081124,lstm
2020-12-04 08:15:00,0.0,-0.0043403804,lstm
2020-12-04 08:15:00,0.0,-0.002805978,lstm
2020-12-04 08:15:00,0.0,0.00040252507,lstm
2020-12-04 08:30:00,0.0,-0.0009304136,lstm
2020-12-04 08:30:00,0.0,-0.0045060217,lstm
2020-12-04 08:30:00,0.0,-0.0027938336,lstm
2020-12-04 08:30:00,0.0,0.0008291751,lstm
2020-12-04 08:45:00,0.0,-0.000743255,lstm
2020-12-04 08:45:00,0.0,-0.0045681894,lstm
2020-12-04 08:45:00,0.0,-0.002496913,lstm
2020-12-04 08:45:00,0.007400021,0.0019334704,lstm
2020-12-04 09:00:00,0.0,-0.00050263107,lstm
2020-12-04 09:00:00,0.0,-0.0047030896,lstm
2020-12-04 09:00:00,0.007400006,-0.0016333908,lstm
2020-12-04 09:00:00,0.022200003,0.005029753,lstm
2020-12-04 09:15:00,0.0,-0.00026652217,lstm
2020-12-04 09:15:00,0.007400006,-0.0035790652,lstm
2020-12-04 09:15:00,0.022200003,0.003300622,lstm
2020-12-04 09:15:00,0.060399994,0.018379718,lstm
2020-12-04 09:30:00,0.007400006,-0.0004401952,lstm
2020-12-04 09:30:00,0.022200003,0.0063910335,lstm
2020-12-04 09:30:00,0.060399994,0.02749303,lstm
2020-12-04 09:30:00,0.080400005,0.06841623,lstm
2020-12-04 09:45:00,0.022200003,0.0056434423,lstm
2020-12-04 09:45:00,0.06040001,0.02574706,lstm
2020-12-04 09:45:00,0.0804,0.06648849,lstm
2020-12-04 09:45:00,0.1976,0.12985423,lstm
2020-12-04 10:00:00,0.06040001,0.04398197,lstm
2020-12-04 10:00:00,0.0804,0.088133805,lstm
2020-12-04 10:00:00,0.1976,0.16259225,lstm
2020-12-04 10:00:00,0.3482,0.24512263,lstm
2020-12-04 10:15:00,0.0804,0.11049258,lstm
2020-12-04 10:15:00,0.1976,0.18511094,lstm
2020-12-04 10:15:00,0.3482,0.28422233,lstm
2020-12-04 10:15:00,0.4192,0.36801243,lstm
2020-12-04 10:30:00,0.1976,0.12769645,lstm
2020-12-04 10:30:00,0.3482,0.21562998,lstm
2020-12-04 10:30:00,0.4192,0.30750984,lstm
2020-12-04 10:30:00,0.4072,0.37348717,lstm
2020-12-04 10:45:00,0.34819996,0.28817767,lstm
2020-12-04 10:45:00,0.4192,0.3719138,lstm
2020-12-04 10:45:00,0.4072,0.44905978,lstm
2020-12-04 10:45:00,0.5406,0.518728,lstm
2020-12-04 11:00:00,0.4192,0.38165015,lstm
2020-12-04 11:00:00,0.4072,0.449208,lstm
2020-12-04 11:00:00,0.54059994,0.5022719,lstm
2020-12-04 11:00:00,0.5936,0.5732844,lstm
2020-12-04 11:15:00,0.40720004,0.44518384,lstm
2020-12-04 11:15:00,0.5406,0.5031196,lstm
2020-12-04 11:15:00,0.5935999,0.5498764,lstm
2020-12-04 11:15:00,0.6396,0.60631573,lstm
2020-12-04 11:30:00,0.5406,0.443029,lstm
2020-12-04 11:30:00,0.5936,0.4941125,lstm
2020-12-04 11:30:00,0.6396,0.5251871,lstm
2020-12-04 11:30:00,0.6766,0.55831844,lstm
2020-12-04 11:45:00,0.5936,0.57625496,lstm
2020-12-04 11:45:00,0.6396,0.6045407,lstm
2020-12-04 11:45:00,0.6766,0.63646185,lstm
2020-12-04 11:45:00,0.706,0.6664721,lstm
2020-12-04 12:00:00,0.6396,0.62505907,lstm
2020-12-04 12:00:00,0.6766,0.6539478,lstm
2020-12-04 12:00:00,0.706,0.6747651,lstm
2020-12-04 12:00:00,0.7318,0.6994943,lstm
2020-12-04 12:15:00,0.6766,0.6668039,lstm
2020-12-04 12:15:00,0.706,0.6919826,lstm
2020-12-04 12:15:00,0.7318,0.7058588,lstm
2020-12-04 12:15:00,0.7524,0.7287694,lstm
2020-12-04 12:30:00,0.706,0.6941687,lstm
2020-12-04 12:30:00,0.73179996,0.71652186,lstm
2020-12-04 12:30:00,0.7524,0.72520274,lstm
2020-12-04 12:30:00,0.7632,0.7456263,lstm
2020-12-04 12:45:00,0.7318,0.71364796,lstm
2020-12-04 12:45:00,0.7523999,0.7314156,lstm
2020-12-04 12:45:00,0.7632,0.7361506,lstm
2020-12-04 12:45:00,0.7712,0.75313336,lstm
2020-12-04 13:00:00,0.7524,0.7284144,lstm
2020-12-04 13:00:00,0.7631999,0.7415116,lstm
2020-12-04 13:00:00,0.7712,0.743995,lstm
2020-12-04 13:00:00,0.7762,0.75755894,lstm
2020-12-04 13:15:00,0.7632,0.7389826,lstm
2020-12-04 13:15:00,0.77119994,0.74738383,lstm
2020-12-04 13:15:00,0.7762,0.74847806,lstm
2020-12-04 13:15:00,0.7756,0.75833976,lstm
2020-12-04 13:30:00,0.7712,0.74131435,lstm
2020-12-04 13:30:00,0.77619994,0.74374115,lstm
2020-12-04 13:30:00,0.7756,0.7430158,lstm
2020-12-04 13:30:00,0.7758,0.7479701,lstm
2020-12-04 13:45:00,0.77620006,0.7452743,lstm
2020-12-04 13:45:00,0.77559996,0.7417189,lstm
2020-12-04 13:45:00,0.7758,0.7389735,lstm
2020-12-04 13:45:00,0.7718,0.74035573,lstm
2020-12-04 14:00:00,0.77559996,0.7438813,lstm
2020-12-04 14:00:00,0.7758,0.73746157,lstm
2020-12-04 14:00:00,0.7718,0.7325586,lstm
2020-12-04 14:00:00,0.7598,0.7313502,lstm
2020-12-04 14:15:00,0.7758,0.73247284,lstm
2020-12-04 14:15:00,0.7717999,0.7225337,lstm
2020-12-04 14:15:00,0.7598,0.7140402,lstm
2020-12-04 14:15:00,0.6648,0.7090062,lstm
2020-12-04 14:30:00,0.7718,0.72721565,lstm
2020-12-04 14:30:00,0.75979996,0.710716,lstm
2020-12-04 14:30:00,0.6648,0.69749177,lstm
2020-12-04 14:30:00,0.5948,0.68867236,lstm
2020-12-04 14:45:00,0.7598,0.7181539,lstm
2020-12-04 14:45:00,0.66480005,0.69327724,lstm
2020-12-04 14:45:00,0.59479994,0.6745434,lstm
2020-12-04 14:45:00,0.7012,0.65951467,lstm
2020-12-04 15:00:00,0.6648,0.701374,lstm
2020-12-04 15:00:00,0.5948,0.6686163,lstm
2020-12-04 15:00:00,0.7012,0.6452373,lstm
2020-12-04 15:00:00,0.6708,0.6227838,lstm
2020-12-04 15:15:00,0.5948,0.6247889,lstm
2020-12-04 15:15:00,0.7012,0.59493166,lstm
2020-12-04 15:15:00,0.6707999,0.56407803,lstm
2020-12-04 15:15:00,0.6354,0.52901727,lstm
2020-12-04 15:30:00,0.7012,0.57397926,lstm
2020-12-04 15:30:00,0.6708,0.5279888,lstm
2020-12-04 15:30:00,0.6354,0.49437296,lstm
2020-12-04 15:30:00,0.5958,0.45723563,lstm
2020-12-04 15:45:00,0.6708,0.63829577,lstm
2020-12-04 15:45:00,0.63540006,0.5704505,lstm
2020-12-04 15:45:00,0.5958,0.5298992,lstm
2020-12-04 15:45:00,0.5498,0.48765242,lstm
2020-12-04 16:00:00,0.6354,0.5725702,lstm
2020-12-04 16:00:00,0.5958,0.5174632,lstm
2020-12-04 16:00:00,0.5498,0.46814454,lstm
2020-12-04 16:00:00,0.49440002,0.4166664,lstm
2020-12-04 16:15:00,0.5958,0.52973896,lstm
2020-12-04 16:15:00,0.5498,0.46641058,lstm
2020-12-04 16:15:00,0.49440002,0.40743732,lstm
2020-12-04 16:15:00,0.4236,0.3465571,lstm
2020-12-04 16:30:00,0.5498,0.48778525,lstm
2020-12-04 16:30:00,0.4944,0.41039056,lstm
2020-12-04 16:30:00,0.4236,0.3423778,lstm
2020-12-04 16:30:00,0.323,0.27357405,lstm
2020-12-04 16:45:00,0.4944,0.44263494,lstm
2020-12-04 16:45:00,0.4236,0.34933466,lstm
2020-12-04 16:45:00,0.323,0.27178764,lstm
2020-12-04 16:45:00,0.1872,0.19591674,lstm
2020-12-04 17:00:00,0.4236,0.38414276,lstm
2020-12-04 17:00:00,0.323,0.27951756,lstm
2020-12-04 17:00:00,0.1872,0.19577113,lstm
2020-12-04 17:00:00,0.111200005,0.12174426,lstm
2020-12-04 17:15:00,0.323,0.309004,lstm
2020-12-04 17:15:00,0.1872,0.20230815,lstm
2020-12-04 17:15:00,0.1112,0.1224467,lstm
2020-12-04 17:15:00,0.06300001,0.062119693,lstm
2020-12-04 17:30:00,0.1872,0.21216518,lstm
2020-12-04 17:30:00,0.1112,0.116049856,lstm
2020-12-04 17:30:00,0.06300001,0.058330417,lstm
2020-12-04 17:30:00,0.025199994,0.020215198,lstm
2020-12-04 17:45:00,0.1112,0.112130225,lstm
2020-12-04 17:45:00,0.06299999,0.04570383,lstm
2020-12-04 17:45:00,0.025199994,0.012074649,lstm
2020-12-04 17:45:00,0.0031999946,0.00034157932,lstm
2020-12-04 18:00:00,0.06299999,0.056159794,lstm
2020-12-04 18:00:00,0.025199994,0.013660476,lstm
2020-12-04 18:00:00,0.0031999946,-0.004652709,lstm
2020-12-04 18:00:00,0.0,-0.00521636,lstm
2020-12-04 18:15:00,0.025199994,0.029646903,lstm
2020-12-04 18:15:00,0.0031999797,0.0022664517,lstm
2020-12-04 18:15:00,0.0,-0.0068913847,lstm
2020-12-04 18:15:00,0.0,-0.004656777,lstm
2020-12-04 18:30:00,0.0031999946,0.015306398,lstm
2020-12-04 18:30:00,0.0,-0.0020076483,lstm
2020-12-04 18:30:00,0.0,-0.0059712827,lstm
2020-12-04 18:30:00,0.0,-0.0033355802,lstm
2020-12-04 18:45:00,0.0,0.0074312687,lstm
2020-12-04 18:45:00,0.0,-0.003385201,lstm
2020-12-04 18:45:00,0.0,-0.0044383705,lstm
2020-12-04 18:45:00,0.0,-0.0019850284,lstm
2020-12-04 19:00:00,0.0,0.0030713826,lstm
2020-12-04 19:00:00,0.0,-0.0034053028,lstm
2020-12-04 19:00:00,0.0,-0.003088817,lstm
2020-12-04 19:00:00,0.0,-0.0006439984,lstm
2020-12-04 19:15:00,0.0,0.0009922087,lstm
2020-12-04 19:15:00,0.0,-0.0034186244,lstm
2020-12-04 19:15:00,0.0,-0.0023072958,lstm
2020-12-04 19:15:00,0.0,-7.177889e-05,lstm
2020-12-04 19:30:00,0.0,-5.866587e-05,lstm
2020-12-04 19:30:00,0.0,-0.0034308732,lstm
2020-12-04 19:30:00,0.0,-0.0018912107,lstm
2020-12-04 19:30:00,0.0,0.00014950335,lstm
2020-12-04 19:45:00,0.0,-0.000681147,lstm
2020-12-04 19:45:00,0.0,-0.0035377145,lstm
2020-12-04 19:45:00,0.0,-0.0018014163,lstm
2020-12-04 19:45:00,0.0,0.00023835897,lstm
2020-12-04 20:00:00,0.0,-0.0010123849,lstm
2020-12-04 20:00:00,0.0,-0.0036035478,lstm
2020-12-04 20:00:00,0.0,-0.0017827451,lstm
2020-12-04 20:00:00,0.0,0.00030082464,lstm
2020-12-04 20:15:00,0.0,-0.0012064129,lstm
2020-12-04 20:15:00,0.0,-0.003634289,lstm
2020-12-04 20:15:00,0.0,-0.0017531067,lstm
2020-12-04 20:15:00,0.0,0.00035369396,lstm
2020-12-04 20:30:00,0.0,-0.0013156086,lstm
2020-12-04 20:30:00,0.0,-0.003645584,lstm
2020-12-04 20:30:00,0.0,-0.0017328113,lstm
2020-12-04 20:30:00,0.0,0.00038795173,lstm
2020-12-04 20:45:00,0.0,-0.0014591515,lstm
2020-12-04 20:45:00,0.0,-0.0037553757,lstm
2020-12-04 20:45:00,0.0,-0.0018553287,lstm
2020-12-04 20:45:00,0.0,0.0003684461,lstm
2020-12-04 21:00:00,0.0,-0.0015407652,lstm
2020-12-04 21:00:00,0.0,-0.0037632138,lstm
2020-12-04 21:00:00,0.0,-0.001858905,lstm
2020-12-04 21:00:00,0.0,0.00042195618,lstm
2020-12-04 21:15:00,0.0,-0.0015870929,lstm
2020-12-04 21:15:00,0.0,-0.0037535727,lstm
2020-12-04 21:15:00,0.0,-0.0018392652,lstm
2020-12-04 21:15:00,0.0,0.00046490133,lstm
2020-12-04 21:30:00,0.0,-0.0016119182,lstm
2020-12-04 21:30:00,0.0,-0.003739193,lstm
2020-12-04 21:30:00,0.0,-0.0018161386,lstm
2020-12-04 21:30:00,0.0,0.0004978627,lstm
2020-12-04 21:45:00,0.0,-0.0017295629,lstm
2020-12-04 21:45:00,0.0,-0.0038312972,lstm
2020-12-04 21:45:00,0.0,-0.0019486994,lstm
2020-12-04 21:45:00,0.0,0.00046411157,lstm
2020-12-04 22:00:00,0.0,-0.0017534941,lstm
2020-12-04 22:00:00,0.0,-0.003795758,lstm
2020-12-04 22:00:00,0.0,-0.0019260645,lstm
2020-12-04 22:00:00,0.0,0.0005235374,lstm
2020-12-04 22:15:00,0.0,-0.0017588735,lstm
2020-12-04 22:15:00,0.0,-0.003758952,lstm
2020-12-04 22:15:00,0.0,-0.0018920302,lstm
2020-12-04 22:15:00,0.0,0.0005687922,lstm
2020-12-04 22:30:00,0.0,-0.0017637461,lstm
2020-12-04 22:30:00,0.0,-0.003736183,lstm
2020-12-04 22:30:00,0.0,-0.0018630922,lstm
2020-12-04 22:30:00,0.0,0.00060142577,lstm
2020-12-04 22:45:00,0.0,-0.0018656403,lstm
2020-12-04 22:45:00,0.0,-0.003797561,lstm
2020-12-04 22:45:00,0.0,-0.0019869357,lstm
2020-12-04 22:45:00,0.0,0.0005634725,lstm
2020-12-04 23:00:00,0.0,-0.001860559,lstm
2020-12-04 23:00:00,0.0,-0.0037507713,lstm
2020-12-04 23:00:00,0.0,-0.0019528568,lstm
2020-12-04 23:00:00,0.0,0.0006150007,lstm
2020-12-04 23:15:00,0.0,-0.0018576384,lstm
2020-12-04 23:15:00,0.0,-0.0037179142,lstm
2020-12-04 23:15:00,0.0,-0.0019184202,lstm
2020-12-04 23:15:00,0.0,0.0006519258,lstm
2020-12-04 23:30:00,0.0,-0.0018500984,lstm
2020-12-04 23:30:00,0.0,-0.0036889315,lstm
2020-12-04 23:30:00,0.0,-0.0018945187,lstm
2020-12-04 23:30:00,0.0,0.00067670643,lstm
2020-12-04 23:45:00,0.0,-0.0019265264,lstm
2020-12-04 23:45:00,0.0,-0.0037229508,lstm
2020-12-04 23:45:00,0.0,-0.0020090044,lstm
2020-12-04 23:45:00,0.0,0.00062942505,lstm
2020-12-05 00:00:00,0.0,-0.0018931329,lstm
2020-12-05 00:00:00,0.0,-0.0036637336,lstm
2020-12-05 00:00:00,0.0,-0.0019667596,lstm
2020-12-05 00:00:00,0.0,0.00066657364,lstm
2020-12-05 00:15:00,0.0,-0.0018736571,lstm
2020-12-05 00:15:00,0.0,-0.003632322,lstm
2020-12-05 00:15:00,0.0,-0.0019310117,lstm
2020-12-05 00:15:00,0.0,0.0006928593,lstm
2020-12-05 00:30:00,0.0,-0.0018549114,lstm
2020-12-05 00:30:00,0.0,-0.0036025941,lstm
2020-12-05 00:30:00,0.0,-0.0019069165,lstm
2020-12-05 00:30:00,0.0,0.00070761144,lstm
2020-12-05 00:45:00,0.0,-0.0019160211,lstm
2020-12-05 00:45:00,0.0,-0.0036235452,lstm
2020-12-05 00:45:00,0.0,-0.0020013154,lstm
2020-12-05 00:45:00,0.0,0.00065766275,lstm
2020-12-05 01:00:00,0.0,-0.0018767267,lstm
2020-12-05 01:00:00,0.0,-0.0035612881,lstm
2020-12-05 01:00:00,0.0,-0.0019499213,lstm
2020-12-05 01:00:00,0.0,0.0006849021,lstm
2020-12-05 01:15:00,0.0,-0.0018486679,lstm
2020-12-05 01:15:00,0.0,-0.003533408,lstm
2020-12-05 01:15:00,0.0,-0.0019237995,lstm
2020-12-05 01:15:00,0.0,0.00069089234,lstm
2020-12-05 01:30:00,0.0,-0.0018246472,lstm
2020-12-05 01:30:00,0.0,-0.0035150498,lstm
2020-12-05 01:30:00,0.0,-0.0019151121,lstm
2020-12-05 01:30:00,0.0,0.00068615377,lstm
2020-12-05 01:45:00,0.0,-0.0018580705,lstm
2020-12-05 01:45:00,0.0,-0.0035198927,lstm
2020-12-05 01:45:00,0.0,-0.002000168,lstm
2020-12-05 01:45:00,0.0,0.00062049925,lstm
2020-12-05 02:00:00,0.0,-0.0018091202,lstm
2020-12-05 02:00:00,0.0,-0.0034643263,lstm
2020-12-05 02:00:00,0.0,-0.0019492209,lstm
2020-12-05 02:00:00,0.0,0.0006338507,lstm
2020-12-05 02:15:00,0.0,-0.0017554015,lstm
2020-12-05 02:15:00,0.0,-0.0034362674,lstm
2020-12-05 02:15:00,0.0,-0.0019461066,lstm
2020-12-05 02:15:00,0.0,0.00060018897,lstm
2020-12-05 02:30:00,0.0,-0.0017157197,lstm
2020-12-05 02:30:00,0.0,-0.0034212917,lstm
2020-12-05 02:30:00,0.0,-0.0019379407,lstm
2020-12-05 02:30:00,0.0,0.0005916059,lstm
2020-12-05 02:45:00,0.0,-0.001722306,lstm
2020-12-05 02:45:00,0.0,-0.0034101903,lstm
2020-12-05 02:45:00,0.0,-0.0019968152,lstm
2020-12-05 02:45:00,0.0,0.00052569807,lstm
2020-12-05 03:00:00,0.0,-0.0016594827,lstm
2020-12-05 03:00:00,0.0,-0.0033636242,lstm
2020-12-05 03:00:00,0.0,-0.0019562542,lstm
2020-12-05 03:00:00,0.0,0.0005134344,lstm
2020-12-05 03:15:00,0.0,-0.0016194582,lstm
2020-12-05 03:15:00,0.0,-0.0033535361,lstm
2020-12-05 03:15:00,0.0,-0.0019489229,lstm
2020-12-05 03:15:00,0.0,0.0004900247,lstm
2020-12-05 03:30:00,0.0,-0.0015924126,lstm
2020-12-05 03:30:00,0.0,-0.003351733,lstm
2020-12-05 03:30:00,0.0,-0.0019557625,lstm
2020-12-05 03:30:00,0.0,0.00046686828,lstm
2020-12-05 03:45:00,0.0,-0.001591295,lstm
2020-12-05 03:45:00,0.0,-0.0033396184,lstm
2020-12-05 03:45:00,0.0,-0.0020041168,lstm
2020-12-05 03:45:00,0.0,0.00040492415,lstm
2020-12-05 04:00:00,0.0,-0.0015352964,lstm
2020-12-05 04:00:00,0.0,-0.0033212602,lstm
2020-12-05 04:00:00,0.0,-0.0019928366,lstm
2020-12-05 04:00:00,0.0,0.0003684759,lstm
2020-12-05 04:15:00,0.0,-0.001493603,lstm
2020-12-05 04:15:00,0.0,-0.0033296496,lstm
2020-12-05 04:15:00,0.0,-0.0020100176,lstm
2020-12-05 04:15:00,0.0,0.00032803416,lstm
2020-12-05 04:30:00,0.0,-0.001462996,lstm
2020-12-05 04:30:00,0.0,-0.003341034,lstm
2020-12-05 04:30:00,0.0,-0.0020314902,lstm
2020-12-05 04:30:00,0.0,0.00029799342,lstm
2020-12-05 04:45:00,0.0,-0.0014637709,lstm
2020-12-05 04:45:00,0.0,-0.0033411235,lstm
2020-12-05 04:45:00,0.0,-0.0020748079,lstm
2020-12-05 04:45:00,0.0,0.00024475157,lstm
2020-12-05 05:00:00,0.0,-0.0014282763,lstm
2020-12-05 05:00:00,0.0,-0.003356889,lstm
2020-12-05 05:00:00,0.0,-0.0020912588,lstm
2020-12-05 05:00:00,0.0,0.0002028346,lstm
2020-12-05 05:15:00,0.0,-0.0013984591,lstm
2020-12-05 05:15:00,0.0,-0.003390953,lstm
2020-12-05 05:15:00,0.0,-0.0021327436,lstm
2020-12-05 05:15:00,0.0,0.00016097724,lstm
2020-12-05 05:30:00,0.0,-0.0013730526,lstm
2020-12-05 05:30:00,0.0,-0.0034274012,lstm
2020-12-05 05:30:00,0.0,-0.002176568,lstm
2020-12-05 05:30:00,0.0,0.00012645125,lstm
2020-12-05 05:45:00,0.0,-0.0013758689,lstm
2020-12-05 05:45:00,0.0,-0.0034431815,lstm
2020-12-05 05:45:00,0.0,-0.0022162348,lstm
2020-12-05 05:45:00,0.0,9.740889e-05,lstm
2020-12-05 06:00:00,0.0,-0.001350522,lstm
2020-12-05 06:00:00,0.0,-0.0035012215,lstm
2020-12-05 06:00:00,0.0,-0.0022654682,lstm
2020-12-05 06:00:00,0.0,5.672872e-05,lstm
2020-12-05 06:15:00,0.0,-0.0013118684,lstm
2020-12-05 06:15:00,0.0,-0.0035592169,lstm
2020-12-05 06:15:00,0.0,-0.0023187548,lstm
2020-12-05 06:15:00,0.0,3.8012862e-05,lstm
2020-12-05 06:30:00,0.0,-0.0012636185,lstm
2020-12-05 06:30:00,0.0,-0.0036080778,lstm
2020-12-05 06:30:00,0.0,-0.0023689717,lstm
2020-12-05 06:30:00,0.0,2.579391e-05,lstm
2020-12-05 06:45:00,0.0,-0.0012564361,lstm
2020-12-05 06:45:00,0.0,-0.003629893,lstm
2020-12-05 06:45:00,0.0,-0.0023798198,lstm
2020-12-05 06:45:00,0.0,7.8454614e-05,lstm
2020-12-05 07:00:00,0.0,-0.0012444407,lstm
2020-12-05 07:00:00,0.0,-0.0037139058,lstm
2020-12-05 07:00:00,0.0,-0.0024276972,lstm
2020-12-05 07:00:00,0.0,0.0001065433,lstm
2020-12-05 07:15:00,0.0,-0.0012013316,lstm
2020-12-05 07:15:00,0.0,-0.0037995875,lstm
2020-12-05 07:15:00,0.0,-0.0024796873,lstm
2020-12-05 07:15:00,0.0,0.00015242398,lstm
2020-12-05 07:30:00,0.0,-0.0011462867,lstm
2020-12-05 07:30:00,0.0,-0.0038811415,lstm
2020-12-05 07:30:00,0.0,-0.0025329143,lstm
2020-12-05 07:30:00,0.0,0.00020068884,lstm
2020-12-05 07:45:00,0.0,-0.0011051148,lstm
2020-12-05 07:45:00,0.0,-0.0039144456,lstm
2020-12-05 07:45:00,0.0,-0.002497986,lstm
2020-12-05 07:45:00,0.0,0.00038135052,lstm
2020-12-05 08:00:00,0.0,-0.0010476261,lstm
2020-12-05 08:00:00,0.0,-0.0040275007,lstm
2020-12-05 08:00:00,0.0,-0.0025040805,lstm
2020-12-05 08:00:00,0.0,0.00056038797,lstm
2020-12-05 08:15:00,0.0,-0.0009338856,lstm
2020-12-05 08:15:00,0.0,-0.0041484535,lstm
2020-12-05 08:15:00,0.0,-0.0025072843,lstm
2020-12-05 08:15:00,0.0,0.00081434846,lstm
2020-12-05 08:30:00,0.0,-0.00077714026,lstm
2020-12-05 08:30:00,0.0,-0.004285574,lstm
2020-12-05 08:30:00,0.0,-0.0024643987,lstm
2020-12-05 08:30:00,0.0,0.001246199,lstm
2020-12-05 08:45:00,0.0,-0.000575155,lstm
2020-12-05 08:45:00,0.0,-0.0043340325,lstm
2020-12-05 08:45:00,0.0,-0.0021697432,lstm
2020-12-05 08:45:00,0.0048000067,0.0022722334,lstm
2020-12-05 09:00:00,0.0,-0.00028309226,lstm
2020-12-05 09:00:00,0.0,-0.004417941,lstm
2020-12-05 09:00:00,0.0048000067,-0.0013602823,lstm
2020-12-05 09:00:00,0.024800003,0.0050132424,lstm
2020-12-05 09:15:00,0.0,0.00013284385,lstm
2020-12-05 09:15:00,0.0048000067,-0.003487885,lstm
2020-12-05 09:15:00,0.024800003,0.002833873,lstm
2020-12-05 09:15:00,0.0716,0.01627089,lstm
2020-12-05 09:30:00,0.0048000067,0.0003129989,lstm
2020-12-05 09:30:00,0.024800003,0.0056259334,lstm
2020-12-05 09:30:00,0.0716,0.024980143,lstm
2020-12-05 09:30:00,0.1174,0.062109098,lstm
2020-12-05 09:45:00,0.024800003,0.004356906,lstm
2020-12-05 09:45:00,0.0716,0.023173422,lstm
2020-12-05 09:45:00,0.1174,0.061114937,lstm
2020-12-05 09:45:00,0.2104,0.12147591,lstm
2020-12-05 10:00:00,0.0716,0.05257401,lstm
2020-12-05 10:00:00,0.1174,0.09978023,lstm
2020-12-05 10:00:00,0.2104,0.17587757,lstm
2020-12-05 10:00:00,0.3576,0.26002902,lstm
2020-12-05 10:15:00,0.1174,0.14056954,lstm
2020-12-05 10:15:00,0.2104,0.22235647,lstm
2020-12-05 10:15:00,0.3576,0.32733053,lstm
2020-12-05 10:15:00,0.4482,0.41398877,lstm
2020-12-05 10:30:00,0.2104,0.20862748,lstm
2020-12-05 10:30:00,0.3576,0.30478334,lstm
2020-12-05 10:30:00,0.4482,0.3985288,lstm
2020-12-05 10:30:00,0.5116,0.47162557,lstm
2020-12-05 10:45:00,0.35760003,0.3267407,lstm
2020-12-05 10:45:00,0.4482,0.41178495,lstm
2020-12-05 10:45:00,0.5116,0.4784702,lstm
2020-12-05 10:45:00,0.5646,0.5510501,lstm
2020-12-05 11:00:00,0.4482,0.4305461,lstm
2020-12-05 11:00:00,0.5116,0.49559358,lstm
2020-12-05 11:00:00,0.5646,0.54945976,lstm
2020-12-05 11:00:00,0.61179996,0.6151222,lstm
2020-12-05 11:15:00,0.5116,0.50526345,lstm
2020-12-05 11:15:00,0.5646,0.55483043,lstm
2020-12-05 11:15:00,0.6118,0.6034694,lstm
2020-12-05 11:15:00,0.6506,0.64897275,lstm
2020-12-05 11:30:00,0.5646,0.5662514,lstm
2020-12-05 11:30:00,0.6118001,0.6020973,lstm
2020-12-05 11:30:00,0.6506,0.6399939,lstm
2020-12-05 11:30:00,0.6844,0.66769606,lstm
2020-12-05 11:45:00,0.6118,0.61323017,lstm
2020-12-05 11:45:00,0.6506,0.6400168,lstm
2020-12-05 11:45:00,0.6844,0.6663272,lstm
2020-12-05 11:45:00,0.7122,0.6877607,lstm
2020-12-05 12:00:00,0.6506,0.64951026,lstm
2020-12-05 12:00:00,0.6844,0.67058194,lstm
2020-12-05 12:00:00,0.7122,0.6873115,lstm
2020-12-05 12:00:00,0.734,0.7074111,lstm
2020-12-05 12:15:00,0.6844,0.6742337,lstm
2020-12-05 12:15:00,0.7121999,0.69118583,lstm
2020-12-05 12:15:00,0.734,0.7005496,lstm
2020-12-05 12:15:00,0.753,0.7194106,lstm
2020-12-05 12:30:00,0.7122,0.69273597,lstm
2020-12-05 12:30:00,0.73399997,0.7055552,lstm
2020-12-05 12:30:00,0.753,0.71045524,lstm
2020-12-05 12:30:00,0.7678,0.727914,lstm
2020-12-05 12:45:00,0.734,0.705489,lstm
2020-12-05 12:45:00,0.753,0.7141684,lstm
2020-12-05 12:45:00,0.7678,0.71614325,lstm
2020-12-05 12:45:00,0.77839994,0.7314656,lstm
2020-12-05 13:00:00,0.753,0.71395993,lstm
2020-12-05 13:00:00,0.7678,0.71916914,lstm
2020-12-05 13:00:00,0.77839994,0.7198007,lstm
2020-12-05 13:00:00,0.7882,0.73279214,lstm
2020-12-05 13:15:00,0.7678,0.72523254,lstm
2020-12-05 13:15:00,0.77839994,0.72799516,lstm
2020-12-05 13:15:00,0.7882,0.72883683,lstm
2020-12-05 13:15:00,0.794,0.74024415,lstm
2020-12-05 13:30:00,0.7784,0.7356854,lstm
2020-12-05 13:30:00,0.7882,0.7369486,lstm
2020-12-05 13:30:00,0.794,0.7379368,lstm
2020-12-05 13:30:00,0.7918,0.74745476,lstm
2020-12-05 13:45:00,0.7882,0.7468536,lstm
2020-12-05 13:45:00,0.794,0.7461492,lstm
2020-12-05 13:45:00,0.7918,0.7457798,lstm
2020-12-05 13:45:00,0.7814,0.75284016,lstm
2020-12-05 14:00:00,0.794,0.7540792,lstm
2020-12-05 14:00:00,0.79180014,0.75199854,lstm
2020-12-05 14:00:00,0.78139997,0.7497043,lstm
2020-12-05 14:00:00,0.7724,0.75430536,lstm
2020-12-05 14:15:00,0.7918,0.7484456,lstm
2020-12-05 14:15:00,0.78139997,0.742954,lstm
2020-12-05 14:15:00,0.7724,0.7372085,lstm
2020-12-05 14:15:00,0.759,0.7369611,lstm
2020-12-05 14:30:00,0.7814,0.7354191,lstm
2020-12-05 14:30:00,0.7724,0.72241044,lstm
2020-12-05 14:30:00,0.75900006,0.71122456,lstm
2020-12-05 14:30:00,0.7402,0.704464,lstm
2020-12-05 14:45:00,0.7724,0.7203307,lstm
2020-12-05 14:45:00,0.75899994,0.6975409,lstm
2020-12-05 14:45:00,0.7402,0.6795966,lstm
2020-12-05 14:45:00,0.7118,0.6651593,lstm
2020-12-05 15:00:00,0.759,0.7104907,lstm
2020-12-05 15:00:00,0.7401999,0.67884934,lstm
2020-12-05 15:00:00,0.7118,0.6563756,lstm
2020-12-05 15:00:00,0.6828,0.6345527,lstm
2020-12-05 15:15:00,0.7402,0.6876236,lstm
2020-12-05 15:15:00,0.7118,0.6463486,lstm
2020-12-05 15:15:00,0.6828,0.61734664,lstm
2020-12-05 15:15:00,0.6446,0.5877916,lstm
2020-12-05 15:30:00,0.7118,0.66095364,lstm
2020-12-05 15:30:00,0.6828,0.6107689,lstm
2020-12-05 15:30:00,0.6446,0.5715165,lstm
2020-12-05 15:30:00,0.602,0.5330342,lstm
2020-12-05 15:45:00,0.6828,0.6317951,lstm
2020-12-05 15:45:00,0.6446,0.57244813,lstm
2020-12-05 15:45:00,0.602,0.52191603,lstm
2020-12-05 15:45:00,0.5516,0.4716397,lstm
2020-12-05 16:00:00,0.6445999,0.5982491,lstm
2020-12-05 16:00:00,0.602,0.53001314,lstm
2020-12-05 16:00:00,0.5516,0.47145683,lstm
2020-12-05 16:00:00,0.4928,0.41219187,lstm
2020-12-05 16:15:00,0.602,0.5429575,lstm
2020-12-05 16:15:00,0.5516,0.46944755,lstm
2020-12-05 16:15:00,0.4928,0.406053,lstm
2020-12-05 16:15:00,0.42,0.34135565,lstm
2020-12-05 16:30:00,0.5516,0.49274457,lstm
2020-12-05 16:30:00,0.4928,0.4087734,lstm
2020-12-05 16:30:00,0.42,0.33822438,lstm
2020-12-05 16:30:00,0.3138,0.26866853,lstm
2020-12-05 16:45:00,0.4928,0.44188908,lstm
2020-12-05 16:45:00,0.42,0.34526002,lstm
2020-12-05 16:45:00,0.3138,0.2665771,lstm
2020-12-05 16:45:00,0.1804,0.19212346,lstm
2020-12-05 17:00:00,0.42,0.38314486,lstm
2020-12-05 17:00:00,0.3138,0.277071,lstm
2020-12-05 17:00:00,0.1804,0.19330508,lstm
2020-12-05 17:00:00,0.1036,0.12134459,lstm
2020-12-05 17:15:00,0.3138,0.3101861,lstm
2020-12-05 17:15:00,0.1804,0.20231025,lstm
2020-12-05 17:15:00,0.1036,0.12322575,lstm
2020-12-05 17:15:00,0.05420001,0.06406875,lstm
2020-12-05 17:30:00,0.1804,0.21258269,lstm
2020-12-05 17:30:00,0.1036,0.1159445,lstm
2020-12-05 17:30:00,0.05420001,0.059545785,lstm
2020-12-05 17:30:00,0.015599996,0.021854639,lstm
2020-12-05 17:45:00,0.1036,0.112614416,lstm
2020-12-05 17:45:00,0.054199994,0.046471775,lstm
2020-12-05 17:45:00,0.015600011,0.013513222,lstm
2020-12-05 17:45:00,0.00020000339,0.0012251884,lstm
2020-12-05 18:00:00,0.054199994,0.05549431,lstm
2020-12-05 18:00:00,0.015599996,0.013771296,lstm
2020-12-05 18:00:00,0.00020000339,-0.00409171,lstm
2020-12-05 18:00:00,0.0,-0.0048215687,lstm
2020-12-05 18:15:00,0.015599996,0.028605014,lstm
2020-12-05 18:15:00,0.00020000339,0.0019782335,lstm
2020-12-05 18:15:00,0.0,-0.0068880767,lstm
2020-12-05 18:15:00,0.0,-0.004569143,lstm
2020-12-05 18:30:00,0.00020000339,0.01447688,lstm
2020-12-05 18:30:00,0.0,-0.002263695,lstm
2020-12-05 18:30:00,0.0,-0.006076336,lstm
2020-12-05 18:30:00,0.0,-0.003265351,lstm
2020-12-05 18:45:00,0.0,0.006598696,lstm
2020-12-05 18:45:00,0.0,-0.0029982924,lstm
2020-12-05 18:45:00,0.0,-0.0041979104,lstm
2020-12-05 18:45:00,0.0,-0.001408428,lstm
2020-12-05 19:00:00,0.0,0.0026741773,lstm
2020-12-05 19:00:00,0.0,-0.0030636191,lstm
2020-12-05 19:00:00,0.0,-0.0026168525,lstm
2020-12-05 19:00:00,0.0,-0.00021798909,lstm
2020-12-05 19:15:00,0.0,0.00071789324,lstm
2020-12-05 19:15:00,0.0,-0.0032229125,lstm
2020-12-05 19:15:00,0.0,-0.00200063,lstm
2020-12-05 19:15:00,0.0,9.596348e-05,lstm
2020-12-05 19:30:00,0.0,-0.00022402406,lstm
2020-12-05 19:30:00,0.0,-0.003325373,lstm
2020-12-05 19:30:00,0.0,-0.001742214,lstm
2020-12-05 19:30:00,0.0,0.0002400428,lstm
2020-12-05 19:45:00,0.0,-0.00072585046,lstm
2020-12-05 19:45:00,0.0,-0.003478393,lstm
2020-12-05 19:45:00,0.0,-0.0017486215,lstm
2020-12-05 19:45:00,0.0,0.00027360022,lstm
2020-12-05 20:00:00,0.0,-0.0010232925,lstm
2020-12-05 20:00:00,0.0,-0.003546089,lstm
2020-12-05 20:00:00,0.0,-0.0017492771,lstm
2020-12-05 20:00:00,0.0,0.0003363341,lstm
2020-12-05 20:15:00,0.0,-0.0011916459,lstm
2020-12-05 20:15:00,0.0,-0.0035764724,lstm
2020-12-05 20:15:00,0.0,-0.0017368197,lstm
2020-12-05 20:15:00,0.0,0.00038424134,lstm
2020-12-05 20:30:00,0.0,-0.0012945682,lstm
2020-12-05 20:30:00,0.0,-0.0035825074,lstm
2020-12-05 20:30:00,0.0,-0.0017058849,lstm
2020-12-05 20:30:00,0.0,0.00043326616,lstm
2020-12-05 20:45:00,0.0,-0.0014367253,lstm
2020-12-05 20:45:00,0.0,-0.0036979467,lstm
2020-12-05 20:45:00,0.0,-0.0018299222,lstm
2020-12-05 20:45:00,0.0,0.0004053563,lstm
2020-12-05 21:00:00,0.0,-0.0015114546,lstm
2020-12-05 21:00:00,0.0,-0.0037028939,lstm
2020-12-05 21:00:00,0.0,-0.0018313229,lstm
2020-12-05 21:00:00,0.0,0.0004566908,lstm
2020-12-05 21:15:00,0.0,-0.0015592128,lstm
2020-12-05 21:15:00,0.0,-0.0036952049,lstm
2020-12-05 21:15:00,0.0,-0.0018092245,lstm
2020-12-05 21:15:00,0.0,0.0004989207,lstm
2020-12-05 21:30:00,0.0,-0.0015962273,lstm
2020-12-05 21:30:00,0.0,-0.0036851764,lstm
2020-12-05 21:30:00,0.0,-0.0017787963,lstm
2020-12-05 21:30:00,0.0,0.0005349666,lstm
2020-12-05 21:45:00,0.0,-0.0017145276,lstm
2020-12-05 21:45:00,0.0,-0.0037747175,lstm
2020-12-05 21:45:00,0.0,-0.0019118488,lstm
2020-12-05 21:45:00,0.0,0.0004963428,lstm
2020-12-05 22:00:00,0.0,-0.001718536,lstm
2020-12-05 22:00:00,0.0,-0.003737241,lstm
2020-12-05 22:00:00,0.0,-0.0018977076,lstm
2020-12-05 22:00:00,0.0,0.0005416274,lstm
2020-12-05 22:15:00,0.0,-0.0017242581,lstm
2020-12-05 22:15:00,0.0,-0.0037126094,lstm
2020-12-05 22:15:00,0.0,-0.0018691719,lstm
2020-12-05 22:15:00,0.0,0.0005822629,lstm
2020-12-05 22:30:00,0.0,-0.0017193705,lstm
2020-12-05 22:30:00,0.0,-0.003676042,lstm
2020-12-05 22:30:00,0.0,-0.0018358231,lstm
2020-12-05 22:30:00,0.0,0.0006186366,lstm
2020-12-05 22:45:00,0.0,-0.0018258095,lstm
2020-12-05 22:45:00,0.0,-0.0037367493,lstm
2020-12-05 22:45:00,0.0,-0.0019641072,lstm
2020-12-05 22:45:00,0.0,0.00058217347,lstm
2020-12-05 23:00:00,0.0,-0.0018226206,lstm
2020-12-05 23:00:00,0.0,-0.003688261,lstm
2020-12-05 23:00:00,0.0,-0.0019222349,lstm
2020-12-05 23:00:00,0.0,0.0006376058,lstm
2020-12-05 23:15:00,0.0,-0.0018157065,lstm
2020-12-05 23:15:00,0.0,-0.003647849,lstm
2020-12-05 23:15:00,0.0,-0.0018802732,lstm
2020-12-05 23:15:00,0.0,0.00067688525,lstm
2020-12-05 23:30:00,0.0,-0.0017926842,lstm
2020-12-05 23:30:00,0.0,-0.003611073,lstm
2020-12-05 23:30:00,0.0,-0.0018558353,lstm
2020-12-05 23:30:00,0.0,0.0006941706,lstm
2020-12-05 23:45:00,0.0,-0.0018942505,lstm
2020-12-05 23:45:00,0.0,-0.003666237,lstm
2020-12-05 23:45:00,0.0,-0.001980096,lstm
2020-12-05 23:45:00,0.0,0.0006440431,lstm
2020-12-06 00:00:00,0.0,-0.0018739253,lstm
2020-12-06 00:00:00,0.0,-0.003611356,lstm
2020-12-06 00:00:00,0.0,-0.001930669,lstm
2020-12-06 00:00:00,0.0,0.00068596005,lstm
2020-12-06 00:15:00,0.0,-0.0018521249,lstm
2020-12-06 00:15:00,0.0,-0.0035768747,lstm
2020-12-06 00:15:00,0.0,-0.001900956,lstm
2020-12-06 00:15:00,0.0,0.0007016957,lstm
2020-12-06 00:30:00,0.0,-0.0018330365,lstm
2020-12-06 00:30:00,0.0,-0.003553301,lstm
2020-12-06 00:30:00,0.0,-0.0018821508,lstm
2020-12-06 00:30:00,0.0,0.00071160495,lstm
2020-12-06 00:45:00,0.0,-0.001897186,lstm
2020-12-06 00:45:00,0.0,-0.0035805255,lstm
2020-12-06 00:45:00,0.0,-0.001991436,lstm
2020-12-06 00:45:00,0.0,0.0006490648,lstm
2020-12-06 01:00:00,0.0,-0.0018489212,lstm
2020-12-06 01:00:00,0.0,-0.0035170168,lstm
2020-12-06 01:00:00,0.0,-0.001938805,lstm
2020-12-06 01:00:00,0.0,0.00067436695,lstm
2020-12-06 01:15:00,0.0,-0.001819104,lstm
2020-12-06 01:15:00,0.0,-0.0034912825,lstm
2020-12-06 01:15:00,0.0,-0.0019102842,lstm
2020-12-06 01:15:00,0.0,0.00067800283,lstm
2020-12-06 01:30:00,0.0,-0.0018079579,lstm
2020-12-06 01:30:00,0.0,-0.0034807175,lstm
2020-12-06 01:30:00,0.0,-0.0018947572,lstm
2020-12-06 01:30:00,0.0,0.00068050623,lstm
2020-12-06 01:45:00,0.0,-0.0018604696,lstm
2020-12-06 01:45:00,0.0,-0.003495589,lstm
2020-12-06 01:45:00,0.0,-0.0019856095,lstm
2020-12-06 01:45:00,0.0,0.0006109625,lstm
2020-12-06 02:00:00,0.0,-0.0018054843,lstm
2020-12-06 02:00:00,0.0,-0.0034410208,lstm
2020-12-06 02:00:00,0.0,-0.0019480586,lstm
2020-12-06 02:00:00,0.0,0.0006042868,lstm
2020-12-06 02:15:00,0.0,-0.0017694235,lstm
2020-12-06 02:15:00,0.0,-0.003428623,lstm
2020-12-06 02:15:00,0.0,-0.0019405931,lstm
2020-12-06 02:15:00,0.0,0.00058177114,lstm
2020-12-06 02:30:00,0.0,-0.0017518997,lstm
2020-12-06 02:30:00,0.0,-0.0034248382,lstm
2020-12-06 02:30:00,0.0,-0.0019365847,lstm
2020-12-06 02:30:00,0.0,0.00057046115,lstm
2020-12-06 02:45:00,0.0,-0.001766473,lstm
2020-12-06 02:45:00,0.0,-0.0034276545,lstm
2020-12-06 02:45:00,0.0,-0.002020657,lstm
2020-12-06 02:45:00,0.0,0.0004797578,lstm
2020-12-06 03:00:00,0.0,-0.001703471,lstm
2020-12-06 03:00:00,0.0,-0.003395334,lstm
2020-12-06 03:00:00,0.0,-0.0019985884,lstm
2020-12-06 03:00:00,0.0,0.00044727325,lstm
2020-12-06 03:15:00,0.0,-0.0016596019,lstm
2020-12-06 03:15:00,0.0,-0.0033921003,lstm
2020-12-06 03:15:00,0.0,-0.0019982904,lstm
2020-12-06 03:15:00,0.0,0.00041264296,lstm
2020-12-06 03:30:00,0.0,-0.0016377419,lstm
2020-12-06 03:30:00,0.0,-0.003396675,lstm
2020-12-06 03:30:00,0.0,-0.0020047277,lstm
2020-12-06 03:30:00,0.0,0.00039038062,lstm
2020-12-06 03:45:00,0.0,-0.0016376525,lstm
2020-12-06 03:45:00,0.0,-0.0033940822,lstm
2020-12-06 03:45:00,0.0,-0.002066791,lstm
2020-12-06 03:45:00,0.0,0.0003080219,lstm
2020-12-06 04:00:00,0.0,-0.0015891641,lstm
2020-12-06 04:00:00,0.0,-0.0033866316,lstm
2020-12-06 04:00:00,0.0,-0.0020622462,lstm
2020-12-06 04:00:00,0.0,0.00026199222,lstm
2020-12-06 04:15:00,0.0,-0.001549989,lstm
2020-12-06 04:15:00,0.0,-0.0034023076,lstm
2020-12-06 04:15:00,0.0,-0.0020852238,lstm
2020-12-06 04:15:00,0.0,0.00020897388,lstm
2020-12-06 04:30:00,0.0,-0.001516819,lstm
2020-12-06 04:30:00,0.0,-0.0034202188,lstm
2020-12-06 04:30:00,0.0,-0.002116099,lstm
2020-12-06 04:30:00,0.0,0.00016358495,lstm
2020-12-06 04:45:00,0.0,-0.001519993,lstm
2020-12-06 04:45:00,0.0,-0.0034347773,lstm
2020-12-06 04:45:00,0.0,-0.002170965,lstm
2020-12-06 04:45:00,0.0,9.250641e-05,lstm
2020-12-06 05:00:00,0.0,-0.0014843494,lstm
2020-12-06 05:00:00,0.0,-0.003464669,lstm
2020-12-06 05:00:00,0.0,-0.0022038668,lstm
2020-12-06 05:00:00,0.0,2.3081899e-05,lstm
2020-12-06 05:15:00,0.0,-0.0014560372,lstm
2020-12-06 05:15:00,0.0,-0.0035075098,lstm
2020-12-06 05:15:00,0.0,-0.0022488683,lstm
2020-12-06 05:15:00,0.0,-2.7403235e-05,lstm
2020-12-06 05:30:00,0.0,-0.0014276803,lstm
2020-12-06 05:30:00,0.0,-0.0035493672,lstm
2020-12-06 05:30:00,0.0,-0.0023027956,lstm
2020-12-06 05:30:00,0.0,-7.8484416e-05,lstm
2020-12-06 05:45:00,0.0,-0.0014420003,lstm
2020-12-06 05:45:00,0.0,-0.0035798997,lstm
2020-12-06 05:45:00,0.0,-0.002349168,lstm
2020-12-06 05:45:00,0.0,-0.00011564791,lstm
2020-12-06 06:00:00,0.0,-0.0014178455,lstm
2020-12-06 06:00:00,0.0,-0.0036484152,lstm
2020-12-06 06:00:00,0.0,-0.0024137497,lstm
2020-12-06 06:00:00,0.0,-0.00018125772,lstm
2020-12-06 06:15:00,0.0,-0.0013804138,lstm
2020-12-06 06:15:00,0.0,-0.0037175268,lstm
2020-12-06 06:15:00,0.0,-0.0024770498,lstm
2020-12-06 06:15:00,0.0,-0.00021474063,lstm
2020-12-06 06:30:00,0.0,-0.0013400763,lstm
2020-12-06 06:30:00,0.0,-0.0037812293,lstm
2020-12-06 06:30:00,0.0,-0.0025387555,lstm
2020-12-06 06:30:00,0.0,-0.00024220347,lstm
2020-12-06 06:45:00,0.0,-0.0013308823,lstm
2020-12-06 06:45:00,0.0,-0.0038170367,lstm
2020-12-06 06:45:00,0.0,-0.0025727898,lstm
2020-12-06 06:45:00,0.0,-0.00022377074,lstm
2020-12-06 07:00:00,0.0,-0.001327008,lstm
2020-12-06 07:00:00,0.0,-0.0039217174,lstm
2020-12-06 07:00:00,0.0,-0.0026327968,lstm
2020-12-06 07:00:00,0.0,-0.0002142936,lstm
2020-12-06 07:15:00,0.0,-0.0012815595,lstm
2020-12-06 07:15:00,0.0,-0.00402306,lstm
2020-12-06 07:15:00,0.0,-0.0027026087,lstm
2020-12-06 07:15:00,0.0,-0.000195086,lstm
2020-12-06 07:30:00,0.0,-0.0012176633,lstm
2020-12-06 07:30:00,0.0,-0.0041190684,lstm
2020-12-06 07:30:00,0.0,-0.002771601,lstm
2020-12-06 07:30:00,0.0,-0.00017139316,lstm
2020-12-06 07:45:00,0.0,-0.0011771321,lstm
2020-12-06 07:45:00,0.0,-0.0041540563,lstm
2020-12-06 07:45:00,0.0,-0.0027278066,lstm
2020-12-06 07:45:00,0.0,1.4021993e-05,lstm
2020-12-06 08:00:00,0.0,-0.0011375248,lstm
2020-12-06 08:00:00,0.0,-0.004278064,lstm
2020-12-06 08:00:00,0.0,-0.0027437657,lstm
2020-12-06 08:00:00,0.0,0.00018368661,lstm
2020-12-06 08:15:00,0.0,-0.0010462701,lstm
2020-12-06 08:15:00,0.0,-0.004412025,lstm
2020-12-06 08:15:00,0.0,-0.0027322322,lstm
2020-12-06 08:15:00,0.0,0.0004518479,lstm
2020-12-06 08:30:00,0.0,-0.0008904934,lstm
2020-12-06 08:30:00,0.0,-0.0045756698,lstm
2020-12-06 08:30:00,0.0,-0.0026984364,lstm
2020-12-06 08:30:00,0.0,0.0008588284,lstm
2020-12-06 08:45:00,0.0,-0.0006636679,lstm
2020-12-06 08:45:00,0.0,-0.0046283454,lstm
2020-12-06 08:45:00,0.0,-0.0024001151,lstm
2020-12-06 08:45:00,0.0038000047,0.001843378,lstm
2020-12-06 09:00:00,0.0,-0.00034542382,lstm
2020-12-06 09:00:00,0.0,-0.0047382712,lstm
2020-12-06 09:00:00,0.0038000047,-0.001664713,lstm
2020-12-06 09:00:00,0.022400007,0.0043414235,lstm
2020-12-06 09:15:00,0.0,0.000112846494,lstm
2020-12-06 09:15:00,0.0038000047,-0.004108742,lstm
2020-12-06 09:15:00,0.022400022,0.0019094944,lstm
2020-12-06 09:15:00,0.0676,0.0142594725,lstm
2020-12-06 09:30:00,0.0038000047,5.0976872e-05,lstm
2020-12-06 09:30:00,0.022399992,0.0040812492,lstm
2020-12-06 09:30:00,0.0676,0.022806376,lstm
2020-12-06 09:30:00,0.1144,0.05878088,lstm
2020-12-06 09:45:00,0.022399992,0.0027710497,lstm
2020-12-06 09:45:00,0.0676,0.020867363,lstm
2020-12-06 09:45:00,0.11439999,0.058822468,lstm
2020-12-06 09:45:00,0.2028,0.11998557,lstm
2020-12-06 10:00:00,0.0676,0.04729241,lstm
2020-12-06 10:00:00,0.1144,0.09222781,lstm
2020-12-06 10:00:00,0.2028,0.16844769,lstm
2020-12-06 10:00:00,0.3466,0.25399116,lstm
2020-12-06 10:15:00,0.1144,0.13564163,lstm
2020-12-06 10:15:00,0.2028,0.21462367,lstm
2020-12-06 10:15:00,0.3466,0.32023478,lstm
2020-12-06 10:15:00,0.43919998,0.40711752,lstm
2020-12-06 10:30:00,0.2028,0.2079099,lstm
2020-12-06 10:30:00,0.3466,0.30270457,lstm
2020-12-06 10:30:00,0.4392,0.4004952,lstm
2020-12-06 10:30:00,0.5004,0.47191024,lstm
2020-12-06 10:45:00,0.3466,0.32316485,lstm
2020-12-06 10:45:00,0.4392,0.4089277,lstm
2020-12-06 10:45:00,0.5004,0.4796123,lstm
2020-12-06 10:45:00,0.55579996,0.5501023,lstm
2020-12-06 11:00:00,0.4392,0.42614117,lstm
2020-12-06 11:00:00,0.5004,0.49304086,lstm
2020-12-06 11:00:00,0.5558,0.54808724,lstm
2020-12-06 11:00:00,0.6024,0.61519307,lstm
2020-12-06 11:15:00,0.5004,0.4995541,lstm
2020-12-06 11:15:00,0.5558,0.5513116,lstm
2020-12-06 11:15:00,0.6024,0.6018852,lstm
2020-12-06 11:15:00,0.6438,0.65073633,lstm
2020-12-06 11:30:00,0.55579996,0.5613989,lstm
2020-12-06 11:30:00,0.6024,0.5984768,lstm
2020-12-06 11:30:00,0.6438,0.6387392,lstm
2020-12-06 11:30:00,0.6764,0.6673633,lstm
2020-12-06 11:45:00,0.6024,0.6138601,lstm
2020-12-06 11:45:00,0.6438,0.639253,lstm
2020-12-06 11:45:00,0.6764,0.6682609,lstm
2020-12-06 11:45:00,0.7088,0.68830705,lstm
2020-12-06 12:00:00,0.6438,0.650236,lstm
2020-12-06 12:00:00,0.6764,0.6693992,lstm
2020-12-06 12:00:00,0.7088,0.68829906,lstm
2020-12-06 12:00:00,0.736,0.70658714,lstm
2020-12-06 12:15:00,0.6764,0.6787083,lstm
2020-12-06 12:15:00,0.70879996,0.69419086,lstm
2020-12-06 12:15:00,0.736,0.70616865,lstm
2020-12-06 12:15:00,0.755,0.72464293,lstm
2020-12-06 12:30:00,0.7088,0.6960896,lstm
2020-12-06 12:30:00,0.73599994,0.70894957,lstm
2020-12-06 12:30:00,0.755,0.7155782,lstm
2020-12-06 12:30:00,0.7682,0.7330717,lstm
2020-12-06 12:45:00,0.736,0.71687967,lstm
2020-12-06 12:45:00,0.755,0.72697103,lstm
2020-12-06 12:45:00,0.7682,0.7316213,lstm
2020-12-06 12:45:00,0.7712,0.74880147,lstm
2020-12-06 13:00:00,0.755,0.73207265,lstm
2020-12-06 13:00:00,0.7681999,0.74136233,lstm
2020-12-06 13:00:00,0.7712,0.74521303,lstm
2020-12-06 13:00:00,0.7706,0.7613675,lstm
2020-12-06 13:15:00,0.7682,0.74381804,lstm
2020-12-06 13:15:00,0.77119994,0.751359,lstm
2020-12-06 13:15:00,0.7706,0.75483453,lstm
2020-12-06 13:15:00,0.77340007,0.7689625,lstm
2020-12-06 13:30:00,0.7712,0.7562679,lstm
2020-12-06 13:30:00,0.77059996,0.7609676,lstm
2020-12-06 13:30:00,0.7734,0.7643059,lstm
2020-12-06 13:30:00,0.7906,0.7759428,lstm
2020-12-06 13:45:00,0.7706,0.76188326,lstm
2020-12-06 13:45:00,0.77339995,0.7621602,lstm
2020-12-06 13:45:00,0.7906,0.76287615,lstm
2020-12-06 13:45:00,0.7786,0.7702426,lstm
2020-12-06 14:00:00,0.7734,0.7621828,lstm
2020-12-06 14:00:00,0.79059994,0.7587302,lstm
2020-12-06 14:00:00,0.7786,0.75675935,lstm
2020-12-06 14:00:00,0.7652,0.7604813,lstm
2020-12-06 14:15:00,0.7906,0.76005024,lstm
2020-12-06 14:15:00,0.7786,0.75353694,lstm
2020-12-06 14:15:00,0.7652,0.7484544,lstm
2020-12-06 14:15:00,0.749,0.748347,lstm
2020-12-06 14:30:00,0.77860004,0.7687218,lstm
2020-12-06 14:30:00,0.7652,0.75711536,lstm
2020-12-06 14:30:00,0.749,0.7484628,lstm
2020-12-06 14:30:00,0.727,0.7443786,lstm
2020-12-06 14:45:00,0.7652,0.7652686,lstm
2020-12-06 14:45:00,0.74899995,0.7489141,lstm
2020-12-06 14:45:00,0.727,0.7303296,lstm
2020-12-06 14:45:00,0.7008,0.71783495,lstm
2020-12-06 15:00:00,0.749,0.74989265,lstm
2020-12-06 15:00:00,0.727,0.7268524,lstm
2020-12-06 15:00:00,0.7008,0.70176226,lstm
2020-12-06 15:00:00,0.675,0.6816438,lstm
2020-12-06 15:15:00,0.727,0.72168034,lstm
2020-12-06 15:15:00,0.70079994,0.6878513,lstm
2020-12-06 15:15:00,0.67499995,0.6575208,lstm
2020-12-06 15:15:00,0.6506,0.63079697,lstm
2020-12-06 15:30:00,0.7008,0.68835706,lstm
2020-12-06 15:30:00,0.675,0.64457107,lstm
2020-12-06 15:30:00,0.6506,0.60714185,lstm
2020-12-06 15:30:00,0.6016,0.5739871,lstm
2020-12-06 15:45:00,0.675,0.65724015,lstm
2020-12-06 15:45:00,0.6506,0.6038103,lstm
2020-12-06 15:45:00,0.6016,0.5561277,lstm
2020-12-06 15:45:00,0.5534,0.5131366,lstm
2020-12-06 16:00:00,0.6506,0.62520295,lstm
2020-12-06 16:00:00,0.6016,0.56159365,lstm
2020-12-06 16:00:00,0.5534,0.5046702,lstm
2020-12-06 16:00:00,0.4932,0.45192987,lstm
2020-12-06 16:15:00,0.6016,0.58637047,lstm
2020-12-06 16:15:00,0.5534,0.5113042,lstm
2020-12-06 16:15:00,0.4932,0.44750428,lstm
2020-12-06 16:15:00,0.4214,0.38581213,lstm
2020-12-06 16:30:00,0.5534,0.52016836,lstm
2020-12-06 16:30:00,0.4932,0.4302948,lstm
2020-12-06 16:30:00,0.4214,0.35799366,lstm
2020-12-06 16:30:00,0.3132,0.28539622,lstm
2020-12-06 16:45:00,0.4932,0.46749166,lstm
2020-12-06 16:45:00,0.4214,0.35727912,lstm
2020-12-06 16:45:00,0.3132,0.26989686,lstm
2020-12-06 16:45:00,0.1812,0.18709268,lstm
2020-12-06 17:00:00,0.4214,0.40370476,lstm
2020-12-06 17:00:00,0.3132,0.2841942,lstm
2020-12-06 17:00:00,0.1812,0.18657647,lstm
2020-12-06 17:00:00,0.1022,0.10625554,lstm
2020-12-06 17:15:00,0.3132,0.3285089,lstm
2020-12-06 17:15:00,0.1812,0.21376166,lstm
2020-12-06 17:15:00,0.1022,0.11791374,lstm
2020-12-06 17:15:00,0.05420001,0.054993615,lstm
2020-12-06 17:30:00,0.1812,0.22392026,lstm
2020-12-06 17:30:00,0.10220001,0.1267967,lstm
2020-12-06 17:30:00,0.05420001,0.054413453,lstm
2020-12-06 17:30:00,0.016000003,0.018607557,lstm
2020-12-06 17:45:00,0.1022,0.11842593,lstm
2020-12-06 17:45:00,0.054199994,0.04934217,lstm
2020-12-06 17:45:00,0.016000003,0.009904683,lstm
2020-12-06 17:45:00,0.00020000339,-0.0029949248,lstm
2020-12-06 18:00:00,0.054199994,0.05778046,lstm
2020-12-06 18:00:00,0.015999988,0.01366134,lstm
2020-12-06 18:00:00,0.00020000339,-0.0054255575,lstm
2020-12-06 18:00:00,0.0,-0.00911203,lstm
2020-12-06 18:15:00,0.016000003,0.03072907,lstm
2020-12-06 18:15:00,0.00020000339,0.0021346956,lstm
2020-12-06 18:15:00,0.0,-0.007134825,lstm
2020-12-06 18:15:00,0.0,-0.0074041933,lstm
2020-12-06 18:30:00,0.00020000339,0.014476478,lstm
2020-12-06 18:30:00,0.0,-0.0023346394,lstm
2020-12-06 18:30:00,0.0,-0.005830571,lstm
2020-12-06 18:30:00,0.0,-0.0046094507,lstm
2020-12-06 18:45:00,0.0,0.0066248924,lstm
2020-12-06 18:45:00,0.0,-0.0027753115,lstm
2020-12-06 18:45:00,0.0,-0.0041555166,lstm
2020-12-06 18:45:00,0.0,-0.0018869638,lstm
2020-12-06 19:00:00,0.0,0.0029292256,lstm
2020-12-06 19:00:00,0.0,-0.0026388466,lstm
2020-12-06 19:00:00,0.0,-0.0025493056,lstm
2020-12-06 19:00:00,0.0,-0.0002245158,lstm
2020-12-06 19:15:00,0.0,0.0010344982,lstm
2020-12-06 19:15:00,0.0,-0.002758503,lstm
2020-12-06 19:15:00,0.0,-0.001843214,lstm
2020-12-06 19:15:00,0.0,0.00022539496,lstm
2020-12-06 19:30:00,0.0,8.158386e-05,lstm
2020-12-06 19:30:00,0.0,-0.0028917193,lstm
2020-12-06 19:30:00,0.0,-0.0015338063,lstm
2020-12-06 19:30:00,0.0,0.0003773123,lstm
2020-12-06 19:45:00,0.0,-0.0004671067,lstm
2020-12-06 19:45:00,0.0,-0.0031107664,lstm
2020-12-06 19:45:00,0.0,-0.0015489459,lstm
2020-12-06 19:45:00,0.0,0.0003796965,lstm
2020-12-06 20:00:00,0.0,-0.00079348683,lstm
2020-12-06 20:00:00,0.0,-0.0032176524,lstm
2020-12-06 20:00:00,0.0,-0.0015507787,lstm
2020-12-06 20:00:00,0.0,0.0004197657,lstm
2020-12-06 20:15:00,0.0,-0.0009972751,lstm
2020-12-06 20:15:00,0.0,-0.0032766014,lstm
2020-12-06 20:15:00,0.0,-0.0015341341,lstm
2020-12-06 20:15:00,0.0,0.00046114624,lstm
2020-12-06 20:30:00,0.0,-0.0011246651,lstm
2020-12-06 20:30:00,0.0,-0.0033183098,lstm
2020-12-06 20:30:00,0.0,-0.0015272647,lstm
2020-12-06 20:30:00,0.0,0.00047551095,lstm
2020-12-06 20:45:00,0.0,-0.0013099611,lstm
2020-12-06 20:45:00,0.0,-0.003483221,lstm
2020-12-06 20:45:00,0.0,-0.0016904324,lstm
2020-12-06 20:45:00,0.0,0.0004234761,lstm
2020-12-06 21:00:00,0.0,-0.0013998449,lstm
2020-12-06 21:00:00,0.0,-0.0035205185,lstm
2020-12-06 21:00:00,0.0,-0.0017106831,lstm
2020-12-06 21:00:00,0.0,0.00045506656,lstm
2020-12-06 21:15:00,0.0,-0.0014463514,lstm
2020-12-06 21:15:00,0.0,-0.0035256892,lstm
2020-12-06 21:15:00,0.0,-0.0017012656,lstm
2020-12-06 21:15:00,0.0,0.00048014522,lstm
2020-12-06 21:30:00,0.0,-0.0014745742,lstm
2020-12-06 21:30:00,0.0,-0.0035280585,lstm
2020-12-06 21:30:00,0.0,-0.0016900003,lstm
2020-12-06 21:30:00,0.0,0.0004944056,lstm
2020-12-06 21:45:00,0.0,-0.0016119629,lstm
2020-12-06 21:45:00,0.0,-0.0036527514,lstm
2020-12-06 21:45:00,0.0,-0.0018599331,lstm
2020-12-06 21:45:00,0.0,0.0004386902,lstm
2020-12-06 22:00:00,0.0,-0.0016271174,lstm
2020-12-06 22:00:00,0.0,-0.0036257952,lstm
2020-12-06 22:00:00,0.0,-0.0018427521,lstm
2020-12-06 22:00:00,0.0,0.00049479306,lstm
2020-12-06 22:15:00,0.0,-0.0016279966,lstm
2020-12-06 22:15:00,0.0,-0.003593266,lstm
2020-12-06 22:15:00,0.0,-0.0018134415,lstm
2020-12-06 22:15:00,0.0,0.0005354881,lstm
2020-12-06 22:30:00,0.0,-0.0016331375,lstm
2020-12-06 22:30:00,0.0,-0.0035696924,lstm
2020-12-06 22:30:00,0.0,-0.0017860383,lstm
2020-12-06 22:30:00,0.0,0.00057020783,lstm
2020-12-06 22:45:00,0.0,-0.0017768741,lstm
2020-12-06 22:45:00,0.0,-0.003667891,lstm
2020-12-06 22:45:00,0.0,-0.0019380748,lstm
2020-12-06 22:45:00,0.0,0.000525862,lstm
2020-12-06 23:00:00,0.0,-0.0017731339,lstm
2020-12-06 23:00:00,0.0,-0.0036204606,lstm
2020-12-06 23:00:00,0.0,-0.0018990189,lstm
2020-12-06 23:00:00,0.0,0.0005812049,lstm
2020-12-06 23:15:00,0.0,-0.0017609894,lstm
2020-12-06 23:15:00,0.0,-0.0035842806,lstm
2020-12-06 23:15:00,0.0,-0.0018667281,lstm
2020-12-06 23:15:00,0.0,0.00061389804,lstm
2020-12-06 23:30:00,0.0,-0.0017488301,lstm
2020-12-06 23:30:00,0.0,-0.0035528094,lstm
2020-12-06 23:30:00,0.0,-0.0018402636,lstm
2020-12-06 23:30:00,0.0,0.0006416291,lstm
2020-12-06 23:45:00,0.0,-0.0018686652,lstm
2020-12-06 23:45:00,0.0,-0.003625527,lstm
2020-12-06 23:45:00,0.0,-0.0019836724,lstm
2020-12-06 23:45:00,0.0,0.0005839765,lstm
2020-12-07 00:00:00,0.0,-0.0018344522,lstm
2020-12-07 00:00:00,0.0,-0.003560707,lstm
2020-12-07 00:00:00,0.0,-0.0019325614,lstm
2020-12-07 00:00:00,0.0,0.0006273389,lstm
2020-12-07 00:15:00,0.0,-0.0018064082,lstm
2020-12-07 00:15:00,0.0,-0.0035306066,lstm
2020-12-07 00:15:00,0.0,-0.0019046813,lstm
2020-12-07 00:15:00,0.0,0.0006394088,lstm
2020-12-07 00:30:00,0.0,-0.0017899871,lstm
2020-12-07 00:30:00,0.0,-0.0035111755,lstm
2020-12-07 00:30:00,0.0,-0.0018825829,lstm
2020-12-07 00:30:00,0.0,0.0006529987,lstm
2020-12-07 00:45:00,0.0,-0.0018781424,lstm
2020-12-07 00:45:00,0.0,-0.003562659,lstm
2020-12-07 00:45:00,0.0,-0.0020097494,lstm
2020-12-07 00:45:00,0.0,0.0005815774,lstm
2020-12-07 01:00:00,0.0,-0.0018377602,lstm
2020-12-07 01:00:00,0.0,-0.003509596,lstm
2020-12-07 01:00:00,0.0,-0.0019637197,lstm
2020-12-07 01:00:00,0.0,0.0006016344,lstm
2020-12-07 01:15:00,0.0,-0.0018091947,lstm
2020-12-07 01:15:00,0.0,-0.0034831464,lstm
2020-12-07 01:15:00,0.0,-0.0019399524,lstm
2020-12-07 01:15:00,0.0,0.0006021112,lstm
2020-12-07 01:30:00,0.0,-0.0017941892,lstm
2020-12-07 01:30:00,0.0,-0.003471598,lstm
2020-12-07 01:30:00,0.0,-0.0019291341,lstm
2020-12-07 01:30:00,0.0,0.00060127676,lstm
2020-12-07 01:45:00,0.0,-0.0018665344,lstm
2020-12-07 01:45:00,0.0,-0.0035095364,lstm
2020-12-07 01:45:00,0.0,-0.0020436794,lstm
2020-12-07 01:45:00,0.0,0.0005186796,lstm
2020-12-07 02:00:00,0.0,-0.0018226355,lstm
2020-12-07 02:00:00,0.0,-0.003460765,lstm
2020-12-07 02:00:00,0.0,-0.0020027608,lstm
2020-12-07 02:00:00,0.0,0.0005185157,lstm
2020-12-07 02:15:00,0.0,-0.0017899871,lstm
2020-12-07 02:15:00,0.0,-0.0034497082,lstm
2020-12-07 02:15:00,0.0,-0.0019962937,lstm
2020-12-07 02:15:00,0.0,0.0004927218,lstm
2020-12-07 02:30:00,0.0,-0.0017669499,lstm
2020-12-07 02:30:00,0.0,-0.0034430325,lstm
2020-12-07 02:30:00,0.0,-0.0019950569,lstm
2020-12-07 02:30:00,0.0,0.0004774183,lstm
2020-12-07 02:45:00,0.0,-0.0018059015,lstm
2020-12-07 02:45:00,0.0,-0.003467232,lstm
2020-12-07 02:45:00,0.0,-0.002091691,lstm
2020-12-07 02:45:00,0.0,0.00038467348,lstm
2020-12-07 03:00:00,0.0,-0.0017642975,lstm
2020-12-07 03:00:00,0.0,-0.003445685,lstm
2020-12-07 03:00:00,0.0,-0.0020716637,lstm
2020-12-07 03:00:00,0.0,0.00035250187,lstm
2020-12-07 03:15:00,0.0,-0.0017326325,lstm
2020-12-07 03:15:00,0.0,-0.0034451634,lstm
2020-12-07 03:15:00,0.0,-0.0020777583,lstm
2020-12-07 03:15:00,0.0,0.00031356514,lstm
2020-12-07 03:30:00,0.0,-0.0017117411,lstm
2020-12-07 03:30:00,0.0,-0.0034532547,lstm
2020-12-07 03:30:00,0.0,-0.0020901412,lstm
2020-12-07 03:30:00,0.0,0.00028446317,lstm
2020-12-07 03:45:00,0.0,-0.0017414838,lstm
2020-12-07 03:45:00,0.0,-0.00348109,lstm
2020-12-07 03:45:00,0.0,-0.002172172,lstm
2020-12-07 03:45:00,0.0,0.00019139051,lstm
2020-12-07 04:00:00,0.0,-0.0017068386,lstm
2020-12-07 04:00:00,0.0,-0.0034808815,lstm
2020-12-07 04:00:00,0.0,-0.002174899,lstm
2020-12-07 04:00:00,0.0,0.0001385212,lstm
2020-12-07 04:15:00,0.0,-0.0016756505,lstm
2020-12-07 04:15:00,0.0,-0.0035029948,lstm
2020-12-07 04:15:00,0.0,-0.0022029132,lstm
2020-12-07 04:15:00,0.0,8.288026e-05,lstm
2020-12-07 04:30:00,0.0,-0.0016314536,lstm
2020-12-07 04:30:00,0.0,-0.003520295,lstm
2020-12-07 04:30:00,0.0,-0.002238065,lstm
2020-12-07 04:30:00,0.0,2.796948e-05,lstm
2020-12-07 04:45:00,0.0,-0.0016307235,lstm
2020-12-07 04:45:00,0.0,-0.0035400242,lstm
2020-12-07 04:45:00,0.0,-0.0022991747,lstm
2020-12-07 04:45:00,0.0,-5.0604343e-05,lstm
2020-12-07 05:00:00,0.0,-0.0015910417,lstm
2020-12-07 05:00:00,0.0,-0.003571242,lstm
2020-12-07 05:00:00,0.0,-0.002335757,lstm
2020-12-07 05:00:00,0.0,-0.00013130903,lstm
2020-12-07 05:15:00,0.0,-0.0015462786,lstm
2020-12-07 05:15:00,0.0,-0.0036167204,lstm
2020-12-07 05:15:00,0.0,-0.0023929775,lstm
2020-12-07 05:15:00,0.0,-0.00020688772,lstm
2020-12-07 05:30:00,0.0,-0.0015215278,lstm
2020-12-07 05:30:00,0.0,-0.0036619604,lstm
2020-12-07 05:30:00,0.0,-0.0024391264,lstm
2020-12-07 05:30:00,0.0,-0.00024859607,lstm
2020-12-07 05:45:00,0.0,-0.0015455037,lstm
2020-12-07 05:45:00,0.0,-0.003699705,lstm
2020-12-07 05:45:00,0.0,-0.0024938732,lstm
2020-12-07 05:45:00,0.0,-0.0002952516,lstm
2020-12-07 06:00:00,0.0,-0.001542151,lstm
2020-12-07 06:00:00,0.0,-0.0037773997,lstm
2020-12-07 06:00:00,0.0,-0.0025616735,lstm
2020-12-07 06:00:00,0.0,-0.00036005676,lstm
2020-12-07 06:15:00,0.0,-0.001495704,lstm
2020-12-07 06:15:00,0.0,-0.0038437992,lstm
2020-12-07 06:15:00,0.0,-0.0026322007,lstm
2020-12-07 06:15:00,0.0,-0.00040720403,lstm
2020-12-07 06:30:00,0.0,-0.0014379323,lstm
2020-12-07 06:30:00,0.0,-0.0039001256,lstm
2020-12-07 06:30:00,0.0,-0.0026892573,lstm
2020-12-07 06:30:00,0.0,-0.00043217838,lstm
2020-12-07 06:45:00,0.0,-0.0014322102,lstm
2020-12-07 06:45:00,0.0,-0.003931001,lstm
2020-12-07 06:45:00,0.0,-0.0027086437,lstm
2020-12-07 06:45:00,0.0,-0.0003965497,lstm
2020-12-07 07:00:00,0.0,-0.0014221966,lstm
2020-12-07 07:00:00,0.0,-0.004032567,lstm
2020-12-07 07:00:00,0.0,-0.0027717948,lstm
2020-12-07 07:00:00,0.0,-0.00039415061,lstm
2020-12-07 07:15:00,0.0,-0.0013740361,lstm
2020-12-07 07:15:00,0.0,-0.0041293204,lstm
2020-12-07 07:15:00,0.0,-0.002840504,lstm
2020-12-07 07:15:00,0.0,-0.00036787987,lstm
2020-12-07 07:30:00,0.0,-0.0013109446,lstm
2020-12-07 07:30:00,0.0,-0.004216507,lstm
2020-12-07 07:30:00,0.0,-0.002892837,lstm
2020-12-07 07:30:00,0.0,-0.00032298267,lstm
2020-12-07 07:45:00,0.0,-0.0012746751,lstm
2020-12-07 07:45:00,0.0,-0.0042461306,lstm
2020-12-07 07:45:00,0.0,-0.0028538257,lstm
2020-12-07 07:45:00,0.0,-0.00013849139,lstm
2020-12-07 08:00:00,0.0,-0.0012407005,lstm
2020-12-07 08:00:00,0.0,-0.0043672323,lstm
2020-12-07 08:00:00,0.0,-0.002857864,lstm
2020-12-07 08:00:00,0.0,4.7564507e-05,lstm
2020-12-07 08:15:00,0.0,-0.0011328757,lstm
2020-12-07 08:15:00,0.0,-0.004496172,lstm
2020-12-07 08:15:00,0.0,-0.0028574169,lstm
2020-12-07 08:15:00,0.0,0.00030454993,lstm
2020-12-07 08:30:00,0.0,-0.00096051395,lstm
2020-12-07 08:30:00,0.0,-0.004642457,lstm
2020-12-07 08:30:00,0.0,-0.0028205216,lstm
2020-12-07 08:30:00,0.0,0.00071431696,lstm
2020-12-07 08:45:00,0.0,-0.00072419643,lstm
2020-12-07 08:45:00,0.0,-0.004675895,lstm
2020-12-07 08:45:00,0.0,-0.0025357604,lstm
2020-12-07 08:45:00,0.0012000054,0.0016664863,lstm
2020-12-07 09:00:00,0.0,-0.0004451424,lstm
2020-12-07 09:00:00,0.0,-0.00478594,lstm
2020-12-07 09:00:00,0.0012000054,-0.0018396825,lstm
2020-12-07 09:00:00,0.016399994,0.0040943027,lstm
2020-12-07 09:15:00,0.0,-4.7504902e-05,lstm
2020-12-07 09:15:00,0.0012000054,-0.0042068213,lstm
2020-12-07 09:15:00,0.016399994,0.0016170144,lstm
2020-12-07 09:15:00,0.030399993,0.013818741,lstm
2020-12-07 09:30:00,0.0012000054,-0.00017628074,lstm
2020-12-07 09:30:00,0.016399994,0.0038076192,lstm
2020-12-07 09:30:00,0.030399993,0.022063047,lstm
2020-12-07 09:30:00,0.040800005,0.05765073,lstm
2020-12-07 09:45:00,0.016399994,0.0007727146,lstm
2020-12-07 09:45:00,0.030400023,0.017635316,lstm
2020-12-07 09:45:00,0.040800005,0.05364427,lstm
2020-12-07 09:45:00,0.070599996,0.11282542,lstm
2020-12-07 10:00:00,0.030400008,0.035823897,lstm
2020-12-07 10:00:00,0.040800005,0.07732478,lstm
2020-12-07 10:00:00,0.0706,0.14968896,lstm
2020-12-07 10:00:00,0.08,0.23381408,lstm
2020-12-07 10:15:00,0.040800005,0.058360204,lstm
2020-12-07 10:15:00,0.0706,0.122450575,lstm
2020-12-07 10:15:00,0.08,0.2148262,lstm
2020-12-07 10:15:00,0.1776,0.29874387,lstm
2020-12-07 10:30:00,0.07060001,0.05780734,lstm
2020-12-07 10:30:00,0.08,0.13021395,lstm
2020-12-07 10:30:00,0.1776,0.21768203,lstm
2020-12-07 10:30:00,0.4576,0.28486675,lstm
2020-12-07 10:45:00,0.08,0.112663396,lstm
2020-12-07 10:45:00,0.1776,0.19001243,lstm
2020-12-07 10:45:00,0.4576,0.26883078,lstm
2020-12-07 10:45:00,0.5834,0.32488078,lstm
2020-12-07 11:00:00,0.1776,0.09461515,lstm
2020-12-07 11:00:00,0.4576,0.16270807,lstm
2020-12-07 11:00:00,0.5834,0.21779671,lstm
2020-12-07 11:00:00,0.6268,0.26233953,lstm
2020-12-07 11:15:00,0.4576,0.26675966,lstm
2020-12-07 11:15:00,0.5834,0.32616842,lstm
2020-12-07 11:15:00,0.6268,0.370523,lstm
2020-12-07 11:15:00,0.6658,0.41147143,lstm
2020-12-07 11:30:00,0.5834,0.43314904,lstm
2020-12-07 11:30:00,0.6268,0.47072798,lstm
2020-12-07 11:30:00,0.6658,0.508714,lstm
2020-12-07 11:30:00,0.6984,0.5493002,lstm
2020-12-07 11:45:00,0.6268,0.53591585,lstm
2020-12-07 11:45:00,0.6658,0.5642332,lstm
2020-12-07 11:45:00,0.6984,0.6024422,lstm
2020-12-07 11:45:00,0.7272,0.6327923,lstm
2020-12-07 12:00:00,0.6658,0.5892414,lstm
2020-12-07 12:00:00,0.6984,0.6134208,lstm
2020-12-07 12:00:00,0.7272,0.6458113,lstm
2020-12-07 12:00:00,0.7562,0.660551,lstm
2020-12-07 12:15:00,0.6984,0.6308212,lstm
2020-12-07 12:15:00,0.7271999,0.6511146,lstm
2020-12-07 12:15:00,0.7562,0.67417324,lstm
2020-12-07 12:15:00,0.7602,0.6848741,lstm
2020-12-07 12:30:00,0.7272,0.6640487,lstm
2020-12-07 12:30:00,0.75619996,0.68247175,lstm
2020-12-07 12:30:00,0.76019996,0.69723207,lstm
2020-12-07 12:30:00,0.7832,0.7081782,lstm
2020-12-07 12:45:00,0.7562,0.6934675,lstm
2020-12-07 12:45:00,0.7602,0.7090124,lstm
2020-12-07 12:45:00,0.7832001,0.7172362,lstm
2020-12-07 12:45:00,0.7904,0.7279428,lstm
2020-12-07 13:00:00,0.7602,0.7186376,lstm
2020-12-07 13:00:00,0.7832,0.7314272,lstm
2020-12-07 13:00:00,0.7904,0.7358379,lstm
2020-12-07 13:00:00,0.755,0.7460661,lstm
2020-12-07 13:15:00,0.7832,0.71653414,lstm
2020-12-07 13:15:00,0.7904,0.72327244,lstm
2020-12-07 13:15:00,0.755,0.7209287,lstm
2020-12-07 13:15:00,0.7682,0.7230793,lstm
2020-12-07 13:30:00,0.7904,0.74872994,lstm
2020-12-07 13:30:00,0.755,0.7492446,lstm
2020-12-07 13:30:00,0.7682,0.7485133,lstm
2020-12-07 13:30:00,0.7814,0.7517518,lstm
2020-12-07 13:45:00,0.755,0.7567123,lstm
2020-12-07 13:45:00,0.7681999,0.7528409,lstm
2020-12-07 13:45:00,0.78139997,0.74934846,lstm
2020-12-07 13:45:00,0.7838,0.74701244,lstm
2020-12-07 14:00:00,0.7682,0.69276035,lstm
2020-12-07 14:00:00,0.78139997,0.67774916,lstm
2020-12-07 14:00:00,0.7838,0.66630447,lstm
2020-12-07 14:00:00,0.7714,0.6546526,lstm
2020-12-07 14:15:00,0.7814,0.7335953,lstm
2020-12-07 14:15:00,0.7838,0.72053206,lstm
2020-12-07 14:15:00,0.7714,0.7144441,lstm
2020-12-07 14:15:00,0.755,0.7121915,lstm
2020-12-07 14:30:00,0.7838,0.75539726,lstm
2020-12-07 14:30:00,0.7714,0.7494905,lstm
2020-12-07 14:30:00,0.755,0.7442391,lstm
2020-12-07 14:30:00,0.7294,0.7444393,lstm
2020-12-07 14:45:00,0.7714,0.7659966,lstm
2020-12-07 14:45:00,0.755,0.757331,lstm
2020-12-07 14:45:00,0.7294,0.749471,lstm
2020-12-07 14:45:00,0.712,0.7456584,lstm
2020-12-07 15:00:00,0.755,0.7630219,lstm
2020-12-07 15:00:00,0.7293999,0.74692607,lstm
2020-12-07 15:00:00,0.712,0.73343265,lstm
2020-12-07 15:00:00,0.6884,0.72257286,lstm
2020-12-07 15:15:00,0.7294,0.7561949,lstm
2020-12-07 15:15:00,0.712,0.73023474,lstm
2020-12-07 15:15:00,0.6884,0.7116736,lstm
2020-12-07 15:15:00,0.538,0.6944574,lstm
2020-12-07 15:30:00,0.712,0.74227095,lstm
2020-12-07 15:30:00,0.68840003,0.7116147,lstm
2020-12-07 15:30:00,0.538,0.690161,lstm
2020-12-07 15:30:00,0.5614,0.66727453,lstm
2020-12-07 15:45:00,0.6884,0.7159628,lstm
2020-12-07 15:45:00,0.538,0.67660284,lstm
2020-12-07 15:45:00,0.5614,0.6477607,lstm
2020-12-07 15:45:00,0.555,0.6196619,lstm
2020-12-07 16:00:00,0.538,0.66783315,lstm
2020-12-07 16:00:00,0.5614,0.6217458,lstm
2020-12-07 16:00:00,0.555,0.5729527,lstm
2020-12-07 16:00:00,0.3458,0.5345573,lstm
2020-12-07 16:15:00,0.5614,0.5011697,lstm
2020-12-07 16:15:00,0.555,0.44443718,lstm
2020-12-07 16:15:00,0.3458,0.38334578,lstm
2020-12-07 16:15:00,0.4038,0.32367504,lstm
2020-12-07 16:30:00,0.555,0.48908874,lstm
2020-12-07 16:30:00,0.3458,0.40290782,lstm
2020-12-07 16:30:00,0.4038,0.33420062,lstm
2020-12-07 16:30:00,0.3818,0.2706126,lstm
2020-12-07 16:45:00,0.3458,0.41570702,lstm
2020-12-07 16:45:00,0.4038,0.33986542,lstm
2020-12-07 16:45:00,0.3818,0.27545974,lstm
2020-12-07 16:45:00,0.1972,0.20637254,lstm
2020-12-07 17:00:00,0.4038,0.15432437,lstm
2020-12-07 17:00:00,0.3818,0.14088663,lstm
2020-12-07 17:00:00,0.1972,0.09700718,lstm
2020-12-07 17:00:00,0.113,0.08528307,lstm
2020-12-07 17:15:00,0.3818,0.22823317,lstm
2020-12-07 17:15:00,0.1972,0.17460749,lstm
2020-12-07 17:15:00,0.113,0.10927408,lstm
2020-12-07 17:15:00,0.0546,0.066309616,lstm
2020-12-07 17:30:00,0.1972,0.16926233,lstm
2020-12-07 17:30:00,0.113,0.122006245,lstm
2020-12-07 17:30:00,0.0546,0.059225842,lstm
2020-12-07 17:30:00,0.0056000054,0.033614993,lstm
2020-12-07 17:45:00,0.113,0.09294214,lstm
2020-12-07 17:45:00,0.0546,0.046999857,lstm
2020-12-07 17:45:00,0.0056000203,0.01301606,lstm
2020-12-07 17:45:00,0.0,0.0028726459,lstm
2020-12-07 18:00:00,0.0546,0.060786232,lstm
2020-12-07 18:00:00,0.0056000054,0.01884988,lstm
2020-12-07 18:00:00,0.0,-0.0015221238,lstm
2020-12-07 18:00:00,0.0,-0.006953627,lstm
2020-12-07 18:15:00,0.0056000054,0.031540647,lstm
2020-12-07 18:15:00,0.0,0.0024365485,lstm
2020-12-07 18:15:00,0.0,-0.007579282,lstm
2020-12-07 18:15:00,0.0,-0.007496342,lstm
2020-12-07 18:30:00,0.0,0.01416932,lstm
2020-12-07 18:30:00,0.0,-0.0030515194,lstm
2020-12-07 18:30:00,0.0,-0.00738658,lstm
2020-12-07 18:30:00,0.0,-0.0047748834,lstm
2020-12-07 18:45:00,0.0,0.006462723,lstm
2020-12-07 18:45:00,0.0,-0.0028645396,lstm
2020-12-07 18:45:00,0.0,-0.0041451305,lstm
2020-12-07 18:45:00,0.0,-0.0013946444,lstm
2020-12-07 19:00:00,0.0,0.002498895,lstm
2020-12-07 19:00:00,0.0,-0.003061071,lstm
2020-12-07 19:00:00,0.0,-0.0027143657,lstm
2020-12-07 19:00:00,0.0,-0.00019450486,lstm
2020-12-07 19:15:00,0.0,0.0005801171,lstm
2020-12-07 19:15:00,0.0,-0.0032627732,lstm
2020-12-07 19:15:00,0.0,-0.0021018982,lstm
2020-12-07 19:15:00,0.0,0.0001244694,lstm
2020-12-07 19:30:00,0.0,-0.00034484267,lstm
2020-12-07 19:30:00,0.0,-0.0034100115,lstm
2020-12-07 19:30:00,0.0,-0.0018560141,lstm
2020-12-07 19:30:00,0.0,0.00022868812,lstm
2020-12-07 19:45:00,0.0,-0.00086154044,lstm
2020-12-07 19:45:00,0.0,-0.0035950392,lstm
2020-12-07 19:45:00,0.0,-0.0018510371,lstm
2020-12-07 19:45:00,0.0,0.0002554357,lstm
2020-12-07 20:00:00,0.0,-0.0011723638,lstm
2020-12-07 20:00:00,0.0,-0.003702402,lstm
2020-12-07 20:00:00,0.0,-0.0018626451,lstm
2020-12-07 20:00:00,0.0,0.00029435754,lstm
2020-12-07 20:15:00,0.0,-0.0013193935,lstm
2020-12-07 20:15:00,0.0,-0.0037491173,lstm
2020-12-07 20:15:00,0.0,-0.0018696338,lstm
2020-12-07 20:15:00,0.0,0.0003183931,lstm
2020-12-07 20:30:00,0.0,-0.0014369637,lstm
2020-12-07 20:30:00,0.0,-0.0037621856,lstm
2020-12-07 20:30:00,0.0,-0.0018454194,lstm
2020-12-07 20:30:00,0.0,0.0003709793,lstm
2020-12-07 20:45:00,0.0,-0.0015721768,lstm
2020-12-07 20:45:00,0.0,-0.0038603991,lstm
2020-12-07 20:45:00,0.0,-0.00194861,lstm
2020-12-07 20:45:00,0.0,0.00036896765,lstm
2020-12-07 21:00:00,0.0,-0.0016367882,lstm
2020-12-07 21:00:00,0.0,-0.003875792,lstm
2020-12-07 21:00:00,0.0,-0.001977846,lstm
2020-12-07 21:00:00,0.0,0.00039863586,lstm
2020-12-07 21:15:00,0.0,-0.0016921908,lstm
2020-12-07 21:15:00,0.0,-0.0038557947,lstm
2020-12-07 21:15:00,0.0,-0.0019447058,lstm
2020-12-07 21:15:00,0.0,0.0004631877,lstm
2020-12-07 21:30:00,0.0,-0.0017219931,lstm
2020-12-07 21:30:00,0.0,-0.0038379282,lstm
2020-12-07 21:30:00,0.0,-0.001914978,lstm
2020-12-07 21:30:00,0.0,0.0005070567,lstm
2020-12-07 21:45:00,0.0,-0.0018285066,lstm
2020-12-07 21:45:00,0.0,-0.0039218664,lstm
2020-12-07 21:45:00,0.0,-0.0020400584,lstm
2020-12-07 21:45:00,0.0,0.0004722774,lstm
2020-12-07 22:00:00,0.0,-0.0018573701,lstm
2020-12-07 22:00:00,0.0,-0.0038971305,lstm
2020-12-07 22:00:00,0.0,-0.0020267963,lstm
2020-12-07 22:00:00,0.0,0.00052429736,lstm
2020-12-07 22:15:00,0.0,-0.0018669218,lstm
2020-12-07 22:15:00,0.0,-0.0038663,lstm
2020-12-07 22:15:00,0.0,-0.001999706,lstm
2020-12-07 22:15:00,0.0,0.000566259,lstm
2020-12-07 22:30:00,0.0,-0.0018669069,lstm
2020-12-07 22:30:00,0.0,-0.0038378388,lstm
2020-12-07 22:30:00,0.0,-0.0019744337,lstm
2020-12-07 22:30:00,0.0,0.00059992075,lstm
2020-12-07 22:45:00,0.0,-0.0019586682,lstm
2020-12-07 22:45:00,0.0,-0.0038853437,lstm
2020-12-07 22:45:00,0.0,-0.0020839125,lstm
2020-12-07 22:45:00,0.0,0.0005739033,lstm
2020-12-07 23:00:00,0.0,-0.001959145,lstm
2020-12-07 23:00:00,0.0,-0.0038401634,lstm
2020-12-07 23:00:00,0.0,-0.002048269,lstm
2020-12-07 23:00:00,0.0,0.00062677264,lstm
2020-12-07 23:15:00,0.0,-0.0019504428,lstm
2020-12-07 23:15:00,0.0,-0.0038040578,lstm
2020-12-07 23:15:00,0.0,-0.002019897,lstm
2020-12-07 23:15:00,0.0,0.00065770745,lstm
2020-12-07 23:30:00,0.0,-0.0019477606,lstm
2020-12-07 23:30:00,0.0,-0.0037794411,lstm
2020-12-07 23:30:00,0.0,-0.0019936562,lstm
2020-12-07 23:30:00,0.0,0.0006878972,lstm
2020-12-07 23:45:00,0.0,-0.002027005,lstm
2020-12-07 23:45:00,0.0,-0.0038095564,lstm
2020-12-07 23:45:00,0.0,-0.0020983368,lstm
2020-12-07 23:45:00,0.0,0.0006477982,lstm
2020-12-08 00:00:00,0.0,-0.0020076036,lstm
2020-12-08 00:00:00,0.0,-0.003753528,lstm
2020-12-08 00:00:00,0.0,-0.0020570755,lstm
2020-12-08 00:00:00,0.0,0.0006894469,lstm
2020-12-08 00:15:00,0.0,-0.001987666,lstm
2020-12-08 00:15:00,0.0,-0.0037145466,lstm
2020-12-08 00:15:00,0.0,-0.0020229518,lstm
2020-12-08 00:15:00,0.0,0.0007159263,lstm
2020-12-08 00:30:00,0.0,-0.0019699484,lstm
2020-12-08 00:30:00,0.0,-0.0036827922,lstm
2020-12-08 00:30:00,0.0,-0.0019905418,lstm
2020-12-08 00:30:00,0.0,0.00073984265,lstm
2020-12-08 00:45:00,0.0,-0.0020073503,lstm
2020-12-08 00:45:00,0.0,-0.0036813468,lstm
2020-12-08 00:45:00,0.0,-0.002070412,lstm
2020-12-08 00:45:00,0.0,0.0006927252,lstm
2020-12-08 01:00:00,0.0,-0.0019601285,lstm
2020-12-08 01:00:00,0.0,-0.0036147237,lstm
2020-12-08 01:00:00,0.0,-0.0020158887,lstm
2020-12-08 01:00:00,0.0,0.00072337687,lstm
2020-12-08 01:15:00,0.0,-0.0019300133,lstm
2020-12-08 01:15:00,0.0,-0.0035871565,lstm
2020-12-08 01:15:00,0.0,-0.0019869506,lstm
2020-12-08 01:15:00,0.0,0.0007328838,lstm
2020-12-08 01:30:00,0.0,-0.0019100457,lstm
2020-12-08 01:30:00,0.0,-0.0035685152,lstm
2020-12-08 01:30:00,0.0,-0.001975,lstm
2020-12-08 01:30:00,0.0,0.0007323921,lstm
2020-12-08 01:45:00,0.0,-0.0019253343,lstm
2020-12-08 01:45:00,0.0,-0.0035486817,lstm
2020-12-08 01:45:00,0.0,-0.002032727,lstm
2020-12-08 01:45:00,0.0,0.0006865561,lstm
2020-12-08 02:00:00,0.0,-0.0018652529,lstm
2020-12-08 02:00:00,0.0,-0.0034838468,lstm
2020-12-08 02:00:00,0.0,-0.0019765794,lstm
2020-12-08 02:00:00,0.0,0.00069984794,lstm
2020-12-08 02:15:00,0.0,-0.0018238574,lstm
2020-12-08 02:15:00,0.0,-0.0034604669,lstm
2020-12-08 02:15:00,0.0,-0.0019551367,lstm
2020-12-08 02:15:00,0.0,0.00069120526,lstm
2020-12-08 02:30:00,0.0,-0.0017964244,lstm
2020-12-08 02:30:00,0.0,-0.003448844,lstm
2020-12-08 02:30:00,0.0,-0.001948908,lstm
2020-12-08 02:30:00,0.0,0.0006787628,lstm
2020-12-08 02:45:00,0.0,-0.0017944127,lstm
2020-12-08 02:45:00,0.0,-0.0034300983,lstm
2020-12-08 02:45:00,0.0,-0.0020028204,lstm
2020-12-08 02:45:00,0.0,0.00061509013,lstm
2020-12-08 03:00:00,0.0,-0.001734674,lstm
2020-12-08 03:00:00,0.0,-0.0033862144,lstm
2020-12-08 03:00:00,0.0,-0.0019690394,lstm
2020-12-08 03:00:00,0.0,0.0006009042,lstm
2020-12-08 03:15:00,0.0,-0.0016900897,lstm
2020-12-08 03:15:00,0.0,-0.0033744574,lstm
2020-12-08 03:15:00,0.0,-0.0019675642,lstm
2020-12-08 03:15:00,0.0,0.0005723685,lstm
2020-12-08 03:30:00,0.0,-0.0016627312,lstm
2020-12-08 03:30:00,0.0,-0.0033739954,lstm
2020-12-08 03:30:00,0.0,-0.001966387,lstm
2020-12-08 03:30:00,0.0,0.0005578995,lstm
2020-12-08 03:45:00,0.0,-0.0016574115,lstm
2020-12-08 03:45:00,0.0,-0.0033608973,lstm
2020-12-08 03:45:00,0.0,-0.0020122975,lstm
2020-12-08 03:45:00,0.0,0.0004888922,lstm
2020-12-08 04:00:00,0.0,-0.001608029,lstm
2020-12-08 04:00:00,0.0,-0.0033446103,lstm
2020-12-08 04:00:00,0.0,-0.0020062774,lstm
2020-12-08 04:00:00,0.0,0.0004503131,lstm
2020-12-08 04:15:00,0.0,-0.0015706122,lstm
2020-12-08 04:15:00,0.0,-0.0033574998,lstm
2020-12-08 04:15:00,0.0,-0.0020233095,lstm
2020-12-08 04:15:00,0.0,0.00041021407,lstm
2020-12-08 04:30:00,0.0,-0.00154607,lstm
2020-12-08 04:30:00,0.0,-0.0033765733,lstm
2020-12-08 04:30:00,0.0,-0.0020498484,lstm
2020-12-08 04:30:00,0.0,0.00037257373,lstm
2020-12-08 04:45:00,0.0,-0.0015467852,lstm
2020-12-08 04:45:00,0.0,-0.0033825785,lstm
2020-12-08 04:45:00,0.0,-0.002093345,lstm
2020-12-08 04:45:00,0.0,0.0003104806,lstm
2020-12-08 05:00:00,0.0,-0.0015096515,lstm
2020-12-08 05:00:00,0.0,-0.0034015328,lstm
2020-12-08 05:00:00,0.0,-0.002116084,lstm
2020-12-08 05:00:00,0.0,0.0002551973,lstm
2020-12-08 05:15:00,0.0,-0.0014719367,lstm
2020-12-08 05:15:00,0.0,-0.0034414977,lstm
2020-12-08 05:15:00,0.0,-0.0021605194,lstm
2020-12-08 05:15:00,0.0,0.00019922853,lstm
2020-12-08 05:30:00,0.0,-0.0014446527,lstm
2020-12-08 05:30:00,0.0,-0.0034863204,lstm
2020-12-08 05:30:00,0.0,-0.0022048354,lstm
2020-12-08 05:30:00,0.0,0.00015482306,lstm
2020-12-08 05:45:00,0.0,-0.0014525503,lstm
2020-12-08 05:45:00,0.0,-0.0035158545,lstm
2020-12-08 05:45:00,0.0,-0.002253741,lstm
2020-12-08 05:45:00,0.0,0.00010448694,lstm
2020-12-08 06:00:00,0.0,-0.0014299005,lstm
2020-12-08 06:00:00,0.0,-0.003579706,lstm
2020-12-08 06:00:00,0.0,-0.0023012906,lstm
2020-12-08 06:00:00,0.0,5.6236982e-05,lstm
2020-12-08 06:15:00,0.0,-0.0013934076,lstm
2020-12-08 06:15:00,0.0,-0.003650099,lstm
2020-12-08 06:15:00,0.0,-0.0023611635,lstm
2020-12-08 06:15:00,0.0,1.9207597e-05,lstm
2020-12-08 06:30:00,0.0,-0.0013558418,lstm
2020-12-08 06:30:00,0.0,-0.0037147105,lstm
2020-12-08 06:30:00,0.0,-0.0024100244,lstm
2020-12-08 06:30:00,0.0,0.0,lstm
2020-12-08 06:45:00,0.0,-0.0013561696,lstm
2020-12-08 06:45:00,0.0,-0.0037568063,lstm
2020-12-08 06:45:00,0.0,-0.002427712,lstm
2020-12-08 06:45:00,0.0,2.9444695e-05,lstm
2020-12-08 07:00:00,0.0,-0.0013337433,lstm
2020-12-08 07:00:00,0.0,-0.0038481802,lstm
2020-12-08 07:00:00,0.0,-0.0024552047,lstm
2020-12-08 07:00:00,0.0,6.54012e-05,lstm
2020-12-08 07:15:00,0.0,-0.0012793988,lstm
2020-12-08 07:15:00,0.0,-0.0039408654,lstm
2020-12-08 07:15:00,0.0,-0.0024978518,lstm
2020-12-08 07:15:00,0.0,0.00011494756,lstm
2020-12-08 07:30:00,0.0,-0.001203388,lstm
2020-12-08 07:30:00,0.0,-0.0040277243,lstm
2020-12-08 07:30:00,0.0,-0.002535507,lstm
2020-12-08 07:30:00,0.0,0.00017051399,lstm
2020-12-08 07:45:00,0.0,-0.0011501014,lstm
2020-12-08 07:45:00,0.0,-0.004064262,lstm
2020-12-08 07:45:00,0.0,-0.0024946183,lstm
2020-12-08 07:45:00,0.0,0.00036138296,lstm
2020-12-08 08:00:00,0.0,-0.0010622591,lstm
2020-12-08 08:00:00,0.0,-0.0041757226,lstm
2020-12-08 08:00:00,0.0,-0.002539903,lstm
2020-12-08 08:00:00,0.0,0.0004992038,lstm
2020-12-08 08:15:00,0.0,-0.00093726814,lstm
2020-12-08 08:15:00,0.0,-0.004258603,lstm
2020-12-08 08:15:00,0.0,-0.0025220215,lstm
2020-12-08 08:15:00,0.0,0.0007491261,lstm
2020-12-08 08:30:00,0.0,-0.00079098344,lstm
2020-12-08 08:30:00,0.0,-0.0043485165,lstm
2020-12-08 08:30:00,0.0,-0.0024763197,lstm
2020-12-08 08:30:00,0.0,0.001099199,lstm
2020-12-08 08:45:00,0.0,-0.00062282383,lstm
2020-12-08 08:45:00,0.0,-0.004341319,lstm
2020-12-08 08:45:00,0.0,-0.0022341162,lstm
2020-12-08 08:45:00,0.0,0.0018707365,lstm
2020-12-08 09:00:00,0.0,-0.0004171282,lstm
2020-12-08 09:00:00,0.0,-0.0044098943,lstm
2020-12-08 09:00:00,0.0,-0.0017109513,lstm
2020-12-08 09:00:00,0.00079999864,0.0037124455,lstm
2020-12-08 09:15:00,0.0,-0.00010052323,lstm
2020-12-08 09:15:00,0.0,-0.00406532,lstm
2020-12-08 09:15:00,0.00079999864,0.0006765574,lstm
2020-12-08 09:15:00,0.0038000047,0.010806546,lstm
2020-12-08 09:30:00,0.0,-0.00034341216,lstm
2020-12-08 09:30:00,0.00079999864,0.0016198307,lstm
2020-12-08 09:30:00,0.0038000047,0.015756816,lstm
2020-12-08 09:30:00,0.011600003,0.04482624,lstm
2020-12-08 09:45:00,0.00079999864,-0.0001770705,lstm
2020-12-08 09:45:00,0.0038000047,0.013374314,lstm
2020-12-08 09:45:00,0.011600003,0.04274319,lstm
2020-12-08 09:45:00,0.013600007,0.09412318,lstm
2020-12-08 10:00:00,0.0038000047,-0.0001078397,lstm
2020-12-08 10:00:00,0.011600003,0.020844325,lstm
2020-12-08 10:00:00,0.013600007,0.06570509,lstm
2020-12-08 10:00:00,0.026799992,0.12865447,lstm
2020-12-08 10:15:00,0.011600003,-0.0008199811,lstm
2020-12-08 10:15:00,0.013600007,0.02044645,lstm
2020-12-08 10:15:00,0.026800007,0.07265451,lstm
2020-12-08 10:15:00,0.037,0.13117826,lstm
2020-12-08 10:30:00,0.013600007,0.013290003,lstm
2020-12-08 10:30:00,0.026800007,0.044383883,lstm
2020-12-08 10:30:00,0.037,0.102597184,lstm
2020-12-08 10:30:00,0.0502,0.15760896,lstm
2020-12-08 10:45:00,0.026800007,0.0008376092,lstm
2020-12-08 10:45:00,0.037,0.035549387,lstm
2020-12-08 10:45:00,0.0502,0.086089365,lstm
2020-12-08 10:45:00,0.051200002,0.13111927,lstm
2020-12-08 11:00:00,0.037,0.016762123,lstm
2020-12-08 11:00:00,0.050200015,0.04997304,lstm
2020-12-08 11:00:00,0.051200002,0.09015436,lstm
2020-12-08 11:00:00,0.059,0.12747994,lstm
2020-12-08 11:15:00,0.0502,0.024474218,lstm
2020-12-08 11:15:00,0.051200002,0.053660303,lstm
2020-12-08 11:15:00,0.059,0.08566427,lstm
2020-12-08 11:15:00,0.0698,0.11780956,lstm
2020-12-08 11:30:00,0.051200002,0.041028246,lstm
2020-12-08 11:30:00,0.059,0.06747149,lstm
2020-12-08 11:30:00,0.0698,0.0954915,lstm
2020-12-08 11:30:00,0.0696,0.12530345,lstm
2020-12-08 11:45:00,0.059,0.037506267,lstm
2020-12-08 11:45:00,0.0698,0.061803326,lstm
2020-12-08 11:45:00,0.0696,0.08692232,lstm
2020-12-08 11:45:00,0.056600004,0.115109384,lstm
2020-12-08 12:00:00,0.0698,0.053843156,lstm
2020-12-08 12:00:00,0.06959999,0.077468224,lstm
2020-12-08 12:00:00,0.056600004,0.100689106,lstm
2020-12-08 12:00:00,0.0572,0.12827173,lstm
2020-12-08 12:15:00,0.0696,0.07249008,lstm
2020-12-08 12:15:00,0.056600004,0.09571037,lstm
2020-12-08 12:15:00,0.0572,0.117790304,lstm
2020-12-08 12:15:00,0.052400008,0.14508818,lstm
2020-12-08 12:30:00,0.056600004,0.07419271,lstm
2020-12-08 12:30:00,0.0572,0.09614229,lstm
2020-12-08 12:30:00,0.052400008,0.11745048,lstm
2020-12-08 12:30:00,0.0724,0.14412352,lstm
2020-12-08 12:45:00,0.0572,0.067979395,lstm
2020-12-08 12:45:00,0.052399978,0.089186154,lstm
2020-12-08 12:45:00,0.0724,0.10904642,lstm
2020-12-08 12:45:00,0.0786,0.13361102,lstm
2020-12-08 13:00:00,0.052399993,0.088079885,lstm
2020-12-08 13:00:00,0.0724,0.10981292,lstm
2020-12-08 13:00:00,0.078600004,0.12791859,lstm
2020-12-08 13:00:00,0.1002,0.1517786,lstm
2020-12-08 13:15:00,0.0724,0.0949719,lstm
2020-12-08 13:15:00,0.0786,0.116918355,lstm
2020-12-08 13:15:00,0.1002,0.13395825,lstm
2020-12-08 13:15:00,0.1008,0.15707736,lstm
2020-12-08 13:30:00,0.078600004,0.14171124,lstm
2020-12-08 13:30:00,0.1002,0.16314298,lstm
2020-12-08 13:30:00,0.1008,0.17718667,lstm
2020-12-08 13:30:00,0.077,0.19924998,lstm
2020-12-08 13:45:00,0.1002,0.15861872,lstm
2020-12-08 13:45:00,0.1008,0.17751469,lstm
2020-12-08 13:45:00,0.077,0.18833022,lstm
2020-12-08 13:45:00,0.0922,0.20818685,lstm
2020-12-08 14:00:00,0.1008,0.19874561,lstm
2020-12-08 14:00:00,0.077,0.2145192,lstm
2020-12-08 14:00:00,0.0922,0.2200253,lstm
2020-12-08 14:00:00,0.1612,0.23668128,lstm
2020-12-08 14:15:00,0.077,0.21460086,lstm
2020-12-08 14:15:00,0.0922,0.2307074,lstm
2020-12-08 14:15:00,0.1612,0.23484437,lstm
2020-12-08 14:15:00,0.2232,0.25246733,lstm
2020-12-08 14:30:00,0.0922,0.19923562,lstm
2020-12-08 14:30:00,0.1612,0.2168658,lstm
2020-12-08 14:30:00,0.2232,0.22150026,lstm
2020-12-08 14:30:00,0.2946,0.23774059,lstm
2020-12-08 14:45:00,0.1612,0.22862455,lstm
2020-12-08 14:45:00,0.2232,0.23996748,lstm
2020-12-08 14:45:00,0.2946,0.2386935,lstm
2020-12-08 14:45:00,0.3058,0.25065655,lstm
2020-12-08 15:00:00,0.2232,0.3123544,lstm
2020-12-08 15:00:00,0.2946,0.30999327,lstm
2020-12-08 15:00:00,0.3058,0.29382676,lstm
2020-12-08 15:00:00,0.2118,0.29379487,lstm
2020-12-08 15:15:00,0.2946,0.34334704,lstm
2020-12-08 15:15:00,0.3058,0.32776886,lstm
2020-12-08 15:15:00,0.2118,0.30241552,lstm
2020-12-08 15:15:00,0.2932,0.29174638,lstm
2020-12-08 15:30:00,0.3058,0.37963843,lstm
2020-12-08 15:30:00,0.2118,0.34916723,lstm
2020-12-08 15:30:00,0.2932,0.31241792,lstm
2020-12-08 15:30:00,0.306,0.29115668,lstm
2020-12-08 15:45:00,0.2118,0.37376994,lstm
2020-12-08 15:45:00,0.2932,0.33465695,lstm
2020-12-08 15:45:00,0.306,0.29355115,lstm
2020-12-08 15:45:00,0.2778,0.25926897,lstm
2020-12-08 16:00:00,0.2932,0.29593337,lstm
2020-12-08 16:00:00,0.306,0.25788018,lstm
2020-12-08 16:00:00,0.2778,0.2168026,lstm
2020-12-08 16:00:00,0.2728,0.17117879,lstm
2020-12-08 16:15:00,0.306,0.31711498,lstm
2020-12-08 16:15:00,0.2778,0.2561766,lstm
2020-12-08 16:15:00,0.2728,0.19856611,lstm
2020-12-08 16:15:00,0.1924,0.15489279,lstm
2020-12-08 16:30:00,0.2778,0.2893365,lstm
2020-12-08 16:30:00,0.2728,0.22400305,lstm
2020-12-08 16:30:00,0.1924,0.16529962,lstm
2020-12-08 16:30:00,0.1266,0.11789205,lstm
2020-12-08 16:45:00,0.2728,0.23299,lstm
2020-12-08 16:45:00,0.1924,0.16488032,lstm
2020-12-08 16:45:00,0.1266,0.10995374,lstm
2020-12-08 16:45:00,0.0682,0.06377584,lstm
2020-12-08 17:00:00,0.1924,0.21195629,lstm
2020-12-08 17:00:00,0.1266,0.14297898,lstm
2020-12-08 17:00:00,0.0682,0.084398374,lstm
2020-12-08 17:00:00,0.048800007,0.042384177,lstm
2020-12-08 17:15:00,0.1266,0.13453005,lstm
2020-12-08 17:15:00,0.0682,0.07572616,lstm
2020-12-08 17:15:00,0.048800007,0.035829604,lstm
2020-12-08 17:15:00,0.035400018,0.011141807,lstm
2020-12-08 17:30:00,0.0682,0.0698166,lstm
2020-12-08 17:30:00,0.04879999,0.030022442,lstm
2020-12-08 17:30:00,0.035400003,0.0076401383,lstm
2020-12-08 17:30:00,0.012799993,0.00040705502,lstm
2020-12-08 17:45:00,0.04879999,0.033232838,lstm
2020-12-08 17:45:00,0.035400003,0.008416995,lstm
2020-12-08 17:45:00,0.012799993,-0.002453059,lstm
2020-12-08 17:45:00,0.00059999526,-0.0024231672,lstm
2020-12-08 18:00:00,0.035400003,0.01719518,lstm
2020-12-08 18:00:00,0.012800008,0.001611188,lstm
2020-12-08 18:00:00,0.00059999526,-0.0028837472,lstm
2020-12-08 18:00:00,0.0,-0.0014925301,lstm
2020-12-08 18:15:00,0.012799993,0.009092942,lstm
2020-12-08 18:15:00,0.00059999526,-0.0012319386,lstm
2020-12-08 18:15:00,0.0,-0.002683565,lstm
2020-12-08 18:15:00,0.0,-0.0010785013,lstm
2020-12-08 18:30:00,0.00059999526,0.0045417845,lstm
2020-12-08 18:30:00,0.0,-0.0028431267,lstm
2020-12-08 18:30:00,0.0,-0.003072694,lstm
2020-12-08 18:30:00,0.0,-0.0010352582,lstm
2020-12-08 18:45:00,0.0,0.0023843795,lstm
2020-12-08 18:45:00,0.0,-0.002920255,lstm
2020-12-08 18:45:00,0.0,-0.0026050806,lstm
2020-12-08 18:45:00,0.0,-0.0003862828,lstm
2020-12-08 19:00:00,0.0,0.0010636598,lstm
2020-12-08 19:00:00,0.0,-0.0029330999,lstm
2020-12-08 19:00:00,0.0,-0.0019563884,lstm
2020-12-08 19:00:00,0.0,0.00013761222,lstm
2020-12-08 19:15:00,0.0,0.00013202429,lstm
2020-12-08 19:15:00,0.0,-0.003090769,lstm
2020-12-08 19:15:00,0.0,-0.0017371923,lstm
2020-12-08 19:15:00,0.0,0.00025384128,lstm
2020-12-08 19:30:00,0.0,-0.00042711198,lstm
2020-12-08 19:30:00,0.0,-0.0031889826,lstm
2020-12-08 19:30:00,0.0,-0.0016577542,lstm
2020-12-08 19:30:00,0.0,0.0003258437,lstm
2020-12-08 19:45:00,0.0,-0.0007804185,lstm
2020-12-08 19:45:00,0.0,-0.0033709109,lstm
2020-12-08 19:45:00,0.0,-0.0017584264,lstm
2020-12-08 19:45:00,0.0,0.0002937168,lstm
2020-12-08 20:00:00,0.0,-0.0010212213,lstm
2020-12-08 20:00:00,0.0,-0.0034520924,lstm
2020-12-08 20:00:00,0.0,-0.0017992258,lstm
2020-12-08 20:00:00,0.0,0.0003335029,lstm
2020-12-08 20:15:00,0.0,-0.0011716187,lstm
2020-12-08 20:15:00,0.0,-0.0034761876,lstm
2020-12-08 20:15:00,0.0,-0.0017855614,lstm
2020-12-08 20:15:00,0.0,0.00038734078,lstm
2020-12-08 20:30:00,0.0,-0.0012498647,lstm
2020-12-08 20:30:00,0.0,-0.003475964,lstm
2020-12-08 20:30:00,0.0,-0.0017662197,lstm
2020-12-08 20:30:00,0.0,0.00042511523,lstm
2020-12-08 20:45:00,0.0,-0.0014234781,lstm
2020-12-08 20:45:00,0.0,-0.0036263764,lstm
2020-12-08 20:45:00,0.0,-0.0019111037,lstm
2020-12-08 20:45:00,0.0,0.00038433075,lstm
2020-12-08 21:00:00,0.0,-0.0014826804,lstm
2020-12-08 21:00:00,0.0,-0.0036359578,lstm
2020-12-08 21:00:00,0.0,-0.0019164085,lstm
2020-12-08 21:00:00,0.0,0.0004271567,lstm
2020-12-08 21:15:00,0.0,-0.0015132427,lstm
2020-12-08 21:15:00,0.0,-0.0036305785,lstm
2020-12-08 21:15:00,0.0,-0.001897797,lstm
2020-12-08 21:15:00,0.0,0.00045894086,lstm
2020-12-08 21:30:00,0.0,-0.0015313774,lstm
2020-12-08 21:30:00,0.0,-0.0036179274,lstm
2020-12-08 21:30:00,0.0,-0.0018785,lstm
2020-12-08 21:30:00,0.0,0.00048786402,lstm
2020-12-08 21:45:00,0.0,-0.0016889721,lstm
2020-12-08 21:45:00,0.0,-0.0037359893,lstm
2020-12-08 21:45:00,0.0,-0.002026111,lstm
2020-12-08 21:45:00,0.0,0.00045356154,lstm
2020-12-08 22:00:00,0.0,-0.0017034858,lstm
2020-12-08 22:00:00,0.0,-0.0037066638,lstm
2020-12-08 22:00:00,0.0,-0.0019988716,lstm
2020-12-08 22:00:00,0.0,0.0005104393,lstm
2020-12-08 22:15:00,0.0,-0.0017035007,lstm
2020-12-08 22:15:00,0.0,-0.0036746562,lstm
2020-12-08 22:15:00,0.0,-0.0019600391,lstm
2020-12-08 22:15:00,0.0,0.0005508512,lstm
2020-12-08 22:30:00,0.0,-0.001706928,lstm
2020-12-08 22:30:00,0.0,-0.0036491305,lstm
2020-12-08 22:30:00,0.0,-0.001931265,lstm
2020-12-08 22:30:00,0.0,0.000585407,lstm
2020-12-08 22:45:00,0.0,-0.0018405169,lstm
2020-12-08 22:45:00,0.0,-0.0037294924,lstm
2020-12-08 22:45:00,0.0,-0.002074957,lstm
2020-12-08 22:45:00,0.0,0.00054199994,lstm
2020-12-08 23:00:00,0.0,-0.0018201619,lstm
2020-12-08 23:00:00,0.0,-0.0036755353,lstm
2020-12-08 23:00:00,0.0,-0.0020304918,lstm
2020-12-08 23:00:00,0.0,0.0005953163,lstm
2020-12-08 23:15:00,0.0,-0.0017881691,lstm
2020-12-08 23:15:00,0.0,-0.0036350489,lstm
2020-12-08 23:15:00,0.0,-0.0019897372,lstm
2020-12-08 23:15:00,0.0,0.0006187707,lstm
2020-12-08 23:30:00,0.0,-0.001758188,lstm
2020-12-08 23:30:00,0.0,-0.003605947,lstm
2020-12-08 23:30:00,0.0,-0.0019595027,lstm
2020-12-08 23:30:00,0.0,0.0006325841,lstm
2020-12-08 23:45:00,0.0,-0.0018895417,lstm
2020-12-08 23:45:00,0.0,-0.0036667734,lstm
2020-12-08 23:45:00,0.0,-0.0020871907,lstm
2020-12-08 23:45:00,0.0,0.00058940053,lstm
2020-12-09 00:00:00,0.0,-0.0018451661,lstm
2020-12-09 00:00:00,0.0,-0.00360474,lstm
2020-12-09 00:00:00,0.0,-0.00202927,lstm
2020-12-09 00:00:00,0.0,0.0006238669,lstm
2020-12-09 00:15:00,0.0,-0.0018143505,lstm
2020-12-09 00:15:00,0.0,-0.0035715997,lstm
2020-12-09 00:15:00,0.0,-0.0019918233,lstm
2020-12-09 00:15:00,0.0,0.00063453615,lstm
2020-12-09 00:30:00,0.0,-0.0017905682,lstm
2020-12-09 00:30:00,0.0,-0.00355044,lstm
2020-12-09 00:30:00,0.0,-0.0019701868,lstm
2020-12-09 00:30:00,0.0,0.00063864887,lstm
2020-12-09 00:45:00,0.0,-0.0018932968,lstm
2020-12-09 00:45:00,0.0,-0.0035861433,lstm
2020-12-09 00:45:00,0.0,-0.0020835698,lstm
2020-12-09 00:45:00,0.0,0.00058980286,lstm
2020-12-09 01:00:00,0.0,-0.0018322021,lstm
2020-12-09 01:00:00,0.0,-0.0035164803,lstm
2020-12-09 01:00:00,0.0,-0.0020216405,lstm
2020-12-09 01:00:00,0.0,0.00061275065,lstm
2020-12-09 01:15:00,0.0,-0.0017918199,lstm
2020-12-09 01:15:00,0.0,-0.003488019,lstm
2020-12-09 01:15:00,0.0,-0.0019923747,lstm
2020-12-09 01:15:00,0.0,0.00060610473,lstm
2020-12-09 01:30:00,0.0,-0.0017612278,lstm
2020-12-09 01:30:00,0.0,-0.0034707934,lstm
2020-12-09 01:30:00,0.0,-0.0019766837,lstm
2020-12-09 01:30:00,0.0,0.00059874356,lstm
2020-12-09 01:45:00,0.0,-0.0018263012,lstm
2020-12-09 01:45:00,0.0,-0.0034824759,lstm
2020-12-09 01:45:00,0.0,-0.002070576,lstm
2020-12-09 01:45:00,0.0,0.0005379468,lstm
2020-12-09 02:00:00,0.0,-0.0017634034,lstm
2020-12-09 02:00:00,0.0,-0.0034233332,lstm
2020-12-09 02:00:00,0.0,-0.0020142347,lstm
2020-12-09 02:00:00,0.0,0.0005429834,lstm
2020-12-09 02:15:00,0.0,-0.0017166138,lstm
2020-12-09 02:15:00,0.0,-0.0034018755,lstm
2020-12-09 02:15:00,0.0,-0.0019960254,lstm
2020-12-09 02:15:00,0.0,0.00051642954,lstm
2020-12-09 02:30:00,0.0,-0.0016899705,lstm
2020-12-09 02:30:00,0.0,-0.0033981055,lstm
2020-12-09 02:30:00,0.0,-0.0019936264,lstm
2020-12-09 02:30:00,0.0,0.00049585104,lstm
2020-12-09 02:45:00,0.0,-0.0017280579,lstm
2020-12-09 02:45:00,0.0,-0.0033959448,lstm
2020-12-09 02:45:00,0.0,-0.0020673275,lstm
2020-12-09 02:45:00,0.0,0.00043556094,lstm
2020-12-09 03:00:00,0.0,-0.0016689748,lstm
2020-12-09 03:00:00,0.0,-0.0033489466,lstm
2020-12-09 03:00:00,0.0,-0.0020217746,lstm
2020-12-09 03:00:00,0.0,0.00042942166,lstm
2020-12-09 03:15:00,0.0,-0.0016205162,lstm
2020-12-09 03:15:00,0.0,-0.0033450425,lstm
2020-12-09 03:15:00,0.0,-0.0020188838,lstm
2020-12-09 03:15:00,0.0,0.00038576126,lstm
2020-12-09 03:30:00,0.0,-0.0015948564,lstm
2020-12-09 03:30:00,0.0,-0.003344968,lstm
2020-12-09 03:30:00,0.0,-0.0020246357,lstm
2020-12-09 03:30:00,0.0,0.0003632903,lstm
2020-12-09 03:45:00,0.0,-0.0016106516,lstm
2020-12-09 03:45:00,0.0,-0.0033391863,lstm
2020-12-09 03:45:00,0.0,-0.0020817667,lstm
2020-12-09 03:45:00,0.0,0.0003039539,lstm
2020-12-09 04:00:00,0.0,-0.0015538186,lstm
2020-12-09 04:00:00,0.0,-0.003323853,lstm
2020-12-09 04:00:00,0.0,-0.0020679384,lstm
2020-12-09 04:00:00,0.0,0.00026263297,lstm
2020-12-09 04:15:00,0.0,-0.0015114099,lstm
2020-12-09 04:15:00,0.0,-0.0033363253,lstm
2020-12-09 04:15:00,0.0,-0.0020879805,lstm
2020-12-09 04:15:00,0.0,0.00020962954,lstm
2020-12-09 04:30:00,0.0,-0.0014884472,lstm
2020-12-09 04:30:00,0.0,-0.0033522546,lstm
2020-12-09 04:30:00,0.0,-0.0021112263,lstm
2020-12-09 04:30:00,0.0,0.00017806888,lstm
2020-12-09 04:45:00,0.0,-0.0015022755,lstm
2020-12-09 04:45:00,0.0,-0.0033613294,lstm
2020-12-09 04:45:00,0.0,-0.0021630675,lstm
2020-12-09 04:45:00,0.0,0.00012151897,lstm
2020-12-09 05:00:00,0.0,-0.001465559,lstm
2020-12-09 05:00:00,0.0,-0.0033848733,lstm
2020-12-09 05:00:00,0.0,-0.002185136,lstm
2020-12-09 05:00:00,0.0,6.343424e-05,lstm
2020-12-09 05:15:00,0.0,-0.0014434308,lstm
2020-12-09 05:15:00,0.0,-0.0034213513,lstm
2020-12-09 05:15:00,0.0,-0.0022239387,lstm
2020-12-09 05:15:00,0.0,2.9146671e-05,lstm
2020-12-09 05:30:00,0.0,-0.0014127493,lstm
2020-12-09 05:30:00,0.0,-0.0034537315,lstm
2020-12-09 05:30:00,0.0,-0.002264008,lstm
2020-12-09 05:30:00,0.0,-6.8843365e-06,lstm
2020-12-09 05:45:00,0.0,-0.0014250427,lstm
2020-12-09 05:45:00,0.0,-0.0034683049,lstm
2020-12-09 05:45:00,0.0,-0.0023007393,lstm
2020-12-09 05:45:00,0.0,-2.3648143e-05,lstm
2020-12-09 06:00:00,0.0,-0.0014136732,lstm
2020-12-09 06:00:00,0.0,-0.0035249144,lstm
2020-12-09 06:00:00,0.0,-0.0023424774,lstm
2020-12-09 06:00:00,0.0,-5.108118e-05,lstm
2020-12-09 06:15:00,0.0,-0.0013781041,lstm
2020-12-09 06:15:00,0.0,-0.0035804063,lstm
2020-12-09 06:15:00,0.0,-0.002401486,lstm
2020-12-09 06:15:00,0.0,-7.9229474e-05,lstm
2020-12-09 06:30:00,0.0,-0.0013407022,lstm
2020-12-09 06:30:00,0.0,-0.0036269426,lstm
2020-12-09 06:30:00,0.0,-0.002447784,lstm
2020-12-09 06:30:00,0.0,-8.624792e-05,lstm
2020-12-09 06:45:00,0.0,-0.0013376474,lstm
2020-12-09 06:45:00,0.0,-0.0036447048,lstm
2020-12-09 06:45:00,0.0,-0.002459824,lstm
2020-12-09 06:45:00,0.0,-4.1097403e-05,lstm
2020-12-09 07:00:00,0.0,-0.0013279766,lstm
2020-12-09 07:00:00,0.0,-0.0037332624,lstm
2020-12-09 07:00:00,0.0,-0.0025152564,lstm
2020-12-09 07:00:00,0.0,-3.2752752e-05,lstm
2020-12-09 07:15:00,0.0,-0.0012890399,lstm
2020-12-09 07:15:00,0.0,-0.0038186163,lstm
2020-12-09 07:15:00,0.0,-0.0025763363,lstm
2020-12-09 07:15:00,0.0,-3.2633543e-06,lstm
2020-12-09 07:30:00,0.0,-0.0012282133,lstm
2020-12-09 07:30:00,0.0,-0.0038932562,lstm
2020-12-09 07:30:00,0.0,-0.0026308745,lstm
2020-12-09 07:30:00,0.0,2.8774142e-05,lstm
2020-12-09 07:45:00,0.0,-0.001192674,lstm
2020-12-09 07:45:00,0.0,-0.0039125383,lstm
2020-12-09 07:45:00,0.0,-0.0026021153,lstm
2020-12-09 07:45:00,0.0,0.0001924485,lstm
2020-12-09 08:00:00,0.0,-0.001158312,lstm
2020-12-09 08:00:00,0.0,-0.00402686,lstm
2020-12-09 08:00:00,0.0,-0.0026281178,lstm
2020-12-09 08:00:00,0.0,0.0003335476,lstm
2020-12-09 08:15:00,0.0,-0.001075536,lstm
2020-12-09 08:15:00,0.0,-0.004150301,lstm
2020-12-09 08:15:00,0.0,-0.0026520789,lstm
2020-12-09 08:15:00,0.0,0.0005530566,lstm
2020-12-09 08:30:00,0.0,-0.0009382367,lstm
2020-12-09 08:30:00,0.0,-0.004298508,lstm
2020-12-09 08:30:00,0.0,-0.0026500523,lstm
2020-12-09 08:30:00,0.0,0.00091971457,lstm
2020-12-09 08:45:00,0.0,-0.00076059997,lstm
2020-12-09 08:45:00,0.0,-0.004352197,lstm
2020-12-09 08:45:00,0.0,-0.002413988,lstm
2020-12-09 08:45:00,0.002000004,0.0018448979,lstm
2020-12-09 09:00:00,0.0,-0.00054596364,lstm
2020-12-09 09:00:00,0.0,-0.004500866,lstm
2020-12-09 09:00:00,0.002000004,-0.0017646998,lstm
2020-12-09 09:00:00,0.016200006,0.00432764,lstm
2020-12-09 09:15:00,0.0,-0.0002977699,lstm
2020-12-09 09:15:00,0.002000004,-0.0039013922,lstm
2020-12-09 09:15:00,0.016199991,0.001647681,lstm
2020-12-09 09:15:00,0.042799994,0.014218301,lstm
2020-12-09 09:30:00,0.002000004,-0.0006239414,lstm
2020-12-09 09:30:00,0.016200006,0.0029088408,lstm
2020-12-09 09:30:00,0.042799994,0.019053638,lstm
2020-12-09 09:30:00,0.08,0.05245763,lstm
2020-12-09 09:45:00,0.016200006,0.0008471608,lstm
2020-12-09 09:45:00,0.04280001,0.015248328,lstm
2020-12-09 09:45:00,0.08,0.0465668,lstm
2020-12-09 09:45:00,0.137,0.100594655,lstm
2020-12-09 10:00:00,0.04280001,0.029969051,lstm
2020-12-09 10:00:00,0.08,0.06739193,lstm
2020-12-09 10:00:00,0.137,0.1315084,lstm
2020-12-09 10:00:00,0.2554,0.21032652,lstm
2020-12-09 10:15:00,0.08,0.07834259,lstm
2020-12-09 10:15:00,0.137,0.14357159,lstm
2020-12-09 10:15:00,0.2554,0.23400524,lstm
2020-12-09 10:15:00,0.3708,0.3183779,lstm
2020-12-09 10:30:00,0.137,0.1389319,lstm
2020-12-09 10:30:00,0.2554,0.22616409,lstm
2020-12-09 10:30:00,0.3708,0.32467526,lstm
2020-12-09 10:30:00,0.45420003,0.40001255,lstm
2020-12-09 10:45:00,0.2554,0.2338802,lstm
2020-12-09 10:45:00,0.3708,0.32710397,lstm
2020-12-09 10:45:00,0.45420003,0.4110915,lstm
2020-12-09 10:45:00,0.5304,0.48069835,lstm
2020-12-09 11:00:00,0.3708,0.35699618,lstm
2020-12-09 11:00:00,0.4542,0.43634322,lstm
2020-12-09 11:00:00,0.5304,0.49565822,lstm
2020-12-09 11:00:00,0.5772,0.5676126,lstm
2020-12-09 11:15:00,0.4542,0.44711468,lstm
2020-12-09 11:15:00,0.5304,0.5097103,lstm
2020-12-09 11:15:00,0.5772,0.56079346,lstm
2020-12-09 11:15:00,0.6234,0.62236476,lstm
2020-12-09 11:30:00,0.5304,0.5277157,lstm
2020-12-09 11:30:00,0.5772,0.5741384,lstm
2020-12-09 11:30:00,0.6234,0.6196389,lstm
2020-12-09 11:30:00,0.6692,0.66036624,lstm
2020-12-09 11:45:00,0.5772,0.603352,lstm
2020-12-09 11:45:00,0.6234,0.63500774,lstm
2020-12-09 11:45:00,0.6692,0.6710986,lstm
2020-12-09 11:45:00,0.7016,0.69667035,lstm
2020-12-09 12:00:00,0.6234,0.64965844,lstm
2020-12-09 12:00:00,0.6692,0.6740018,lstm
2020-12-09 12:00:00,0.7016,0.6974178,lstm
2020-12-09 12:00:00,0.7296,0.71701425,lstm
2020-12-09 12:15:00,0.6692,0.69098437,lstm
2020-12-09 12:15:00,0.70159996,0.7090827,lstm
2020-12-09 12:15:00,0.7296,0.72412544,lstm
2020-12-09 12:15:00,0.7524,0.7431801,lstm
2020-12-09 12:30:00,0.7016,0.72444427,lstm
2020-12-09 12:30:00,0.72959995,0.7394674,lstm
2020-12-09 12:30:00,0.7524,0.74970776,lstm
2020-12-09 12:30:00,0.7754,0.7695036,lstm
2020-12-09 12:45:00,0.7296,0.7435686,lstm
2020-12-09 12:45:00,0.7523999,0.7561102,lstm
2020-12-09 12:45:00,0.7753999,0.7613236,lstm
2020-12-09 12:45:00,0.7852,0.7793365,lstm
2020-12-09 13:00:00,0.7524,0.76071805,lstm
2020-12-09 13:00:00,0.7753999,0.77007425,lstm
2020-12-09 13:00:00,0.7852,0.7731843,lstm
2020-12-09 13:00:00,0.7918,0.7899476,lstm
2020-12-09 13:15:00,0.7754,0.7770814,lstm
2020-12-09 13:15:00,0.7852,0.7834213,lstm
2020-12-09 13:15:00,0.7918,0.7856745,lstm
2020-12-09 13:15:00,0.7946,0.8009198,lstm
2020-12-09 13:30:00,0.78519994,0.80098456,lstm
2020-12-09 13:30:00,0.79180014,0.8035722,lstm
2020-12-09 13:30:00,0.7946,0.80643964,lstm
2020-12-09 13:30:00,0.7938,0.82026774,lstm
2020-12-09 13:45:00,0.7918,0.8151759,lstm
2020-12-09 13:45:00,0.7946,0.81302345,lstm
2020-12-09 13:45:00,0.7938,0.813432,lstm
2020-12-09 13:45:00,0.7868,0.82272804,lstm
2020-12-09 14:00:00,0.7946,0.8257602,lstm
2020-12-09 14:00:00,0.7938,0.8195572,lstm
2020-12-09 14:00:00,0.7868,0.81859595,lstm
2020-12-09 14:00:00,0.7728,0.8248661,lstm
2020-12-09 14:15:00,0.7938,0.82906896,lstm
2020-12-09 14:15:00,0.7868,0.8195859,lstm
2020-12-09 14:15:00,0.7728,0.8164451,lstm
2020-12-09 14:15:00,0.7546,0.81924945,lstm
2020-12-09 14:30:00,0.7868,0.827762,lstm
2020-12-09 14:30:00,0.77279997,0.81482744,lstm
2020-12-09 14:30:00,0.7546,0.808797,lstm
2020-12-09 14:30:00,0.7258,0.8076417,lstm
2020-12-09 14:45:00,0.7728,0.82616216,lstm
2020-12-09 14:45:00,0.7545999,0.80887973,lstm
2020-12-09 14:45:00,0.7258,0.79771173,lstm
2020-12-09 14:45:00,0.6992,0.79145837,lstm
2020-12-09 15:00:00,0.7546,0.8106564,lstm
2020-12-09 15:00:00,0.7257999,0.79034054,lstm
2020-12-09 15:00:00,0.6992,0.7733573,lstm
2020-12-09 15:00:00,0.668,0.7610215,lstm
2020-12-09 15:15:00,0.7258,0.7863978,lstm
2020-12-09 15:15:00,0.6991999,0.76270735,lstm
2020-12-09 15:15:00,0.668,0.74033284,lstm
2020-12-09 15:15:00,0.6332,0.72240096,lstm
2020-12-09 15:30:00,0.6992,0.75180274,lstm
2020-12-09 15:30:00,0.668,0.7230475,lstm
2020-12-09 15:30:00,0.6332,0.6956297,lstm
2020-12-09 15:30:00,0.5946,0.67163986,lstm
2020-12-09 15:45:00,0.668,0.7221818,lstm
2020-12-09 15:45:00,0.6332,0.6799057,lstm
2020-12-09 15:45:00,0.5946,0.6489192,lstm
2020-12-09 15:45:00,0.5432,0.6173096,lstm
2020-12-09 16:00:00,0.6332,0.6850538,lstm
2020-12-09 16:00:00,0.5946,0.6338486,lstm
2020-12-09 16:00:00,0.5432,0.5975709,lstm
2020-12-09 16:00:00,0.48540002,0.5585202,lstm
2020-12-09 16:15:00,0.5946,0.6021031,lstm
2020-12-09 16:15:00,0.5432,0.5540494,lstm
2020-12-09 16:15:00,0.48540002,0.50837535,lstm
2020-12-09 16:15:00,0.404,0.45796698,lstm
2020-12-09 16:30:00,0.5432,0.54286104,lstm
2020-12-09 16:30:00,0.4854,0.48942536,lstm
2020-12-09 16:30:00,0.404,0.43299496,lstm
2020-12-09 16:30:00,0.2876,0.37054366,lstm
2020-12-09 16:45:00,0.4854,0.4865398,lstm
2020-12-09 16:45:00,0.404,0.41229892,lstm
2020-12-09 16:45:00,0.2876,0.34623328,lstm
2020-12-09 16:45:00,0.1616,0.26821205,lstm
2020-12-09 17:00:00,0.404,0.42717564,lstm
2020-12-09 17:00:00,0.2876,0.3263756,lstm
2020-12-09 17:00:00,0.1616,0.24610019,lstm
2020-12-09 17:00:00,0.0928,0.1597571,lstm
2020-12-09 17:15:00,0.2876,0.3377385,lstm
2020-12-09 17:15:00,0.1616,0.22641228,lstm
2020-12-09 17:15:00,0.0928,0.14283168,lstm
2020-12-09 17:15:00,0.0476,0.07103205,lstm
2020-12-09 17:30:00,0.1616,0.21924451,lstm
2020-12-09 17:30:00,0.0928,0.119984396,lstm
2020-12-09 17:30:00,0.0476,0.06113383,lstm
2020-12-09 17:30:00,0.015000001,0.016614065,lstm
2020-12-09 17:45:00,0.0928,0.11271246,lstm
2020-12-09 17:45:00,0.0476,0.0474346,lstm
2020-12-09 17:45:00,0.015000001,0.015232384,lstm
2020-12-09 17:45:00,0.00020000339,-0.0030986816,lstm
2020-12-09 18:00:00,0.0476,0.054219037,lstm
2020-12-09 18:00:00,0.015000001,0.014365062,lstm
2020-12-09 18:00:00,0.00020000339,-0.0026153475,lstm
2020-12-09 18:00:00,0.0,-0.0072095543,lstm
2020-12-09 18:15:00,0.015000001,0.027565941,lstm
2020-12-09 18:15:00,0.00020000339,0.002391845,lstm
2020-12-09 18:15:00,0.0,-0.0061472952,lstm
2020-12-09 18:15:00,0.0,-0.0056588054,lstm
2020-12-09 18:30:00,0.00020000339,0.0136817545,lstm
2020-12-09 18:30:00,0.0,-0.0016245395,lstm
2020-12-09 18:30:00,0.0,-0.005378872,lstm
2020-12-09 18:30:00,0.0,-0.0031964034,lstm
2020-12-09 18:45:00,0.0,0.0060441345,lstm
2020-12-09 18:45:00,0.0,-0.0024538934,lstm
2020-12-09 18:45:00,0.0,-0.0038216114,lstm
2020-12-09 18:45:00,0.0,-0.0010655075,lstm
2020-12-09 19:00:00,0.0,0.0026663989,lstm
2020-12-09 19:00:00,0.0,-0.0025359392,lstm
2020-12-09 19:00:00,0.0,-0.00244461,lstm
2020-12-09 19:00:00,0.0,0.00014612079,lstm
2020-12-09 19:15:00,0.0,0.0008825213,lstm
2020-12-09 19:15:00,0.0,-0.0027642846,lstm
2020-12-09 19:15:00,0.0,-0.0018884987,lstm
2020-12-09 19:15:00,0.0,0.00043323636,lstm
2020-12-09 19:30:00,0.0,-1.7434359e-06,lstm
2020-12-09 19:30:00,0.0,-0.0029337704,lstm
2020-12-09 19:30:00,0.0,-0.0016710162,lstm
2020-12-09 19:30:00,0.0,0.0005082488,lstm
2020-12-09 19:45:00,0.0,-0.00051768124,lstm
2020-12-09 19:45:00,0.0,-0.0031588525,lstm
2020-12-09 19:45:00,0.0,-0.0017073452,lstm
2020-12-09 19:45:00,0.0,0.00048206747,lstm
2020-12-09 20:00:00,0.0,-0.0008671284,lstm
2020-12-09 20:00:00,0.0,-0.0033020526,lstm
2020-12-09 20:00:00,0.0,-0.0017291605,lstm
2020-12-09 20:00:00,0.0,0.0005070418,lstm
2020-12-09 20:15:00,0.0,-0.0010589659,lstm
2020-12-09 20:15:00,0.0,-0.003375113,lstm
2020-12-09 20:15:00,0.0,-0.0017378479,lstm
2020-12-09 20:15:00,0.0,0.0005184859,lstm
2020-12-09 20:30:00,0.0,-0.0011898726,lstm
2020-12-09 20:30:00,0.0,-0.0034223795,lstm
2020-12-09 20:30:00,0.0,-0.0017282963,lstm
2020-12-09 20:30:00,0.0,0.0005362481,lstm
2020-12-09 20:45:00,0.0,-0.0013874024,lstm
2020-12-09 20:45:00,0.0,-0.00357908,lstm
2020-12-09 20:45:00,0.0,-0.0018661171,lstm
2020-12-09 20:45:00,0.0,0.0004963279,lstm
2020-12-09 21:00:00,0.0,-0.0014837086,lstm
2020-12-09 21:00:00,0.0,-0.0036174804,lstm
2020-12-09 21:00:00,0.0,-0.0018844008,lstm
2020-12-09 21:00:00,0.0,0.0005262941,lstm
2020-12-09 21:15:00,0.0,-0.0015247315,lstm
2020-12-09 21:15:00,0.0,-0.003627658,lstm
2020-12-09 21:15:00,0.0,-0.0018775165,lstm
2020-12-09 21:15:00,0.0,0.00053837895,lstm
2020-12-09 21:30:00,0.0,-0.0015535057,lstm
2020-12-09 21:30:00,0.0,-0.0036259592,lstm
2020-12-09 21:30:00,0.0,-0.0018629283,lstm
2020-12-09 21:30:00,0.0,0.0005585104,lstm
2020-12-09 21:45:00,0.0,-0.0016981363,lstm
2020-12-09 21:45:00,0.0,-0.0037401915,lstm
2020-12-09 21:45:00,0.0,-0.0020115077,lstm
2020-12-09 21:45:00,0.0,0.00051158667,lstm
2020-12-09 22:00:00,0.0,-0.0017134398,lstm
2020-12-09 22:00:00,0.0,-0.003720224,lstm
2020-12-09 22:00:00,0.0,-0.0019918531,lstm
2020-12-09 22:00:00,0.0,0.0005566031,lstm
2020-12-09 22:15:00,0.0,-0.0017151535,lstm
2020-12-09 22:15:00,0.0,-0.0036898851,lstm
2020-12-09 22:15:00,0.0,-0.0019527376,lstm
2020-12-09 22:15:00,0.0,0.0005951524,lstm
2020-12-09 22:30:00,0.0,-0.0017157197,lstm
2020-12-09 22:30:00,0.0,-0.003663808,lstm
2020-12-09 22:30:00,0.0,-0.00192222,lstm
2020-12-09 22:30:00,0.0,0.0006260574,lstm
2020-12-09 22:45:00,0.0,-0.0018506497,lstm
2020-12-09 22:45:00,0.0,-0.0037464201,lstm
2020-12-09 22:45:00,0.0,-0.002058059,lstm
2020-12-09 22:45:00,0.0,0.0005841553,lstm
2020-12-09 23:00:00,0.0,-0.0018345267,lstm
2020-12-09 23:00:00,0.0,-0.0036933273,lstm
2020-12-09 23:00:00,0.0,-0.002011031,lstm
2020-12-09 23:00:00,0.0,0.00063438714,lstm
2020-12-09 23:15:00,0.0,-0.0018214285,lstm
2020-12-09 23:15:00,0.0,-0.0036630929,lstm
2020-12-09 23:15:00,0.0,-0.001977861,lstm
2020-12-09 23:15:00,0.0,0.0006582141,lstm
2020-12-09 23:30:00,0.0,-0.0018053055,lstm
2020-12-09 23:30:00,0.0,-0.0036372393,lstm
2020-12-09 23:30:00,0.0,-0.001952976,lstm
2020-12-09 23:30:00,0.0,0.00067564845,lstm
2020-12-09 23:45:00,0.0,-0.0019214898,lstm
2020-12-09 23:45:00,0.0,-0.0036862642,lstm
2020-12-09 23:45:00,0.0,-0.0020747632,lstm
2020-12-09 23:45:00,0.0,0.00063210726,lstm
2020-12-10 00:00:00,0.0,-0.0018821955,lstm
2020-12-10 00:00:00,0.0,-0.0036232919,lstm
2020-12-10 00:00:00,0.0,-0.0020183474,lstm
2020-12-10 00:00:00,0.0,0.00067058206,lstm
2020-12-10 00:15:00,0.0,-0.0018487871,lstm
2020-12-10 00:15:00,0.0,-0.00358738,lstm
2020-12-10 00:15:00,0.0,-0.001980424,lstm
2020-12-10 00:15:00,0.0,0.00068227947,lstm
2020-12-10 00:30:00,0.0,-0.0018276721,lstm
2020-12-10 00:30:00,0.0,-0.0035671592,lstm
2020-12-10 00:30:00,0.0,-0.0019606054,lstm
2020-12-10 00:30:00,0.0,0.00068733096,lstm
2020-12-10 00:45:00,0.0,-0.0019179881,lstm
2020-12-10 00:45:00,0.0,-0.0035869032,lstm
2020-12-10 00:45:00,0.0,-0.002063021,lstm
2020-12-10 00:45:00,0.0,0.0006445497,lstm
2020-12-10 01:00:00,0.0,-0.001848802,lstm
2020-12-10 01:00:00,0.0,-0.00351201,lstm
2020-12-10 01:00:00,0.0,-0.002000302,lstm
2020-12-10 01:00:00,0.0,0.0006647557,lstm
2020-12-10 01:15:00,0.0,-0.0018109381,lstm
2020-12-10 01:15:00,0.0,-0.0034882873,lstm
2020-12-10 01:15:00,0.0,-0.0019695312,lstm
2020-12-10 01:15:00,0.0,0.00066134334,lstm
2020-12-10 01:30:00,0.0,-0.0017863661,lstm
2020-12-10 01:30:00,0.0,-0.003476292,lstm
2020-12-10 01:30:00,0.0,-0.001954615,lstm
2020-12-10 01:30:00,0.0,0.00065484643,lstm
2020-12-10 01:45:00,0.0,-0.0018491149,lstm
2020-12-10 01:45:00,0.0,-0.003483981,lstm
2020-12-10 01:45:00,0.0,-0.0020424575,lstm
2020-12-10 01:45:00,0.0,0.00059971213,lstm
2020-12-10 02:00:00,0.0,-0.0017845482,lstm
2020-12-10 02:00:00,0.0,-0.0034233332,lstm
2020-12-10 02:00:00,0.0,-0.001987785,lstm
2020-12-10 02:00:00,0.0,0.0006047487,lstm
2020-12-10 02:15:00,0.0,-0.0017401427,lstm
2020-12-10 02:15:00,0.0,-0.0034008026,lstm
2020-12-10 02:15:00,0.0,-0.0019670725,lstm
2020-12-10 02:15:00,0.0,0.0005874634,lstm
2020-12-10 02:30:00,0.0,-0.0017154515,lstm
2020-12-10 02:30:00,0.0,-0.003394127,lstm
2020-12-10 02:30:00,0.0,-0.0019606948,lstm
2020-12-10 02:30:00,0.0,0.00057528913,lstm
2020-12-10 02:45:00,0.0,-0.0017475635,lstm
2020-12-10 02:45:00,0.0,-0.0033838898,lstm
2020-12-10 02:45:00,0.0,-0.002023816,lstm
2020-12-10 02:45:00,0.0,0.0005247295,lstm
2020-12-10 03:00:00,0.0,-0.0016809255,lstm
2020-12-10 03:00:00,0.0,-0.0033349097,lstm
2020-12-10 03:00:00,0.0,-0.0019821376,lstm
2020-12-10 03:00:00,0.0,0.00051112473,lstm
2020-12-10 03:15:00,0.0,-0.001629889,lstm
2020-12-10 03:15:00,0.0,-0.0033269823,lstm
2020-12-10 03:15:00,0.0,-0.0019794703,lstm
2020-12-10 03:15:00,0.0,0.00047181547,lstm
2020-12-10 03:30:00,0.0,-0.0016037971,lstm
2020-12-10 03:30:00,0.0,-0.0033288002,lstm
2020-12-10 03:30:00,0.0,-0.0019834787,lstm
2020-12-10 03:30:00,0.0,0.00045280159,lstm
2020-12-10 03:45:00,0.0,-0.0016121566,lstm
2020-12-10 03:45:00,0.0,-0.003315121,lstm
2020-12-10 03:45:00,0.0,-0.0020311177,lstm
2020-12-10 03:45:00,0.0,0.00039990246,lstm
2020-12-10 04:00:00,0.0,-0.0015549213,lstm
2020-12-10 04:00:00,0.0,-0.0032922477,lstm
2020-12-10 04:00:00,0.0,-0.0020101964,lstm
2020-12-10 04:00:00,0.0,0.00037404895,lstm
2020-12-10 04:15:00,0.0,-0.0015169978,lstm
2020-12-10 04:15:00,0.0,-0.0032989234,lstm
2020-12-10 04:15:00,0.0,-0.0020221025,lstm
2020-12-10 04:15:00,0.0,0.00034038723,lstm
2020-12-10 04:30:00,0.0,-0.0014891177,lstm
2020-12-10 04:30:00,0.0,-0.0033058226,lstm
2020-12-10 04:30:00,0.0,-0.0020401329,lstm
2020-12-10 04:30:00,0.0,0.000315547,lstm
2020-12-10 04:45:00,0.0,-0.0014975518,lstm
2020-12-10 04:45:00,0.0,-0.0032995045,lstm
2020-12-10 04:45:00,0.0,-0.0020760596,lstm
2020-12-10 04:45:00,0.0,0.0002811998,lstm
2020-12-10 05:00:00,0.0,-0.0014573783,lstm
2020-12-10 05:00:00,0.0,-0.003312081,lstm
2020-12-10 05:00:00,0.0,-0.0020886958,lstm
2020-12-10 05:00:00,0.0,0.00024010241,lstm
2020-12-10 05:15:00,0.0,-0.0014213175,lstm
2020-12-10 05:15:00,0.0,-0.0033434927,lstm
2020-12-10 05:15:00,0.0,-0.0021255165,lstm
2020-12-10 05:15:00,0.0,0.00019980967,lstm
2020-12-10 05:30:00,0.0,-0.0013938844,lstm
2020-12-10 05:30:00,0.0,-0.0033732653,lstm
2020-12-10 05:30:00,0.0,-0.0021608174,lstm
2020-12-10 05:30:00,0.0,0.0001757443,lstm
2020-12-10 05:45:00,0.0,-0.0014025122,lstm
2020-12-10 05:45:00,0.0,-0.0033817887,lstm
2020-12-10 05:45:00,0.0,-0.0021888316,lstm
2020-12-10 05:45:00,0.0,0.00016839802,lstm
2020-12-10 06:00:00,0.0,-0.0013859868,lstm
2020-12-10 06:00:00,0.0,-0.003429532,lstm
2020-12-10 06:00:00,0.0,-0.0022267401,lstm
2020-12-10 06:00:00,0.0,0.00014938414,lstm
2020-12-10 06:15:00,0.0,-0.0013578385,lstm
2020-12-10 06:15:00,0.0,-0.0034831613,lstm
2020-12-10 06:15:00,0.0,-0.0022810996,lstm
2020-12-10 06:15:00,0.0,0.0001348257,lstm
2020-12-10 06:30:00,0.0,-0.0013267696,lstm
2020-12-10 06:30:00,0.0,-0.0035293698,lstm
2020-12-10 06:30:00,0.0,-0.002328679,lstm
2020-12-10 06:30:00,0.0,0.00013172626,lstm
2020-12-10 06:45:00,0.0,-0.0013253093,lstm
2020-12-10 06:45:00,0.0,-0.0035487115,lstm
2020-12-10 06:45:00,0.0,-0.0023446232,lstm
2020-12-10 06:45:00,0.0,0.00017216802,lstm
2020-12-10 07:00:00,0.0,-0.0013101995,lstm
2020-12-10 07:00:00,0.0,-0.0036304444,lstm
2020-12-10 07:00:00,0.0,-0.002385378,lstm
2020-12-10 07:00:00,0.0,0.00019736588,lstm
2020-12-10 07:15:00,0.0,-0.0012703985,lstm
2020-12-10 07:15:00,0.0,-0.0037085563,lstm
2020-12-10 07:15:00,0.0,-0.0024383962,lstm
2020-12-10 07:15:00,0.0,0.00023691356,lstm
2020-12-10 07:30:00,0.0,-0.0012154877,lstm
2020-12-10 07:30:00,0.0,-0.0037790835,lstm
2020-12-10 07:30:00,0.0,-0.0024840832,lstm
2020-12-10 07:30:00,0.0,0.0002811104,lstm
2020-12-10 07:45:00,0.0,-0.0011805147,lstm
2020-12-10 07:45:00,0.0,-0.0037984848,lstm
2020-12-10 07:45:00,0.0,-0.0024508983,lstm
2020-12-10 07:45:00,0.0,0.00044804811,lstm
2020-12-10 08:00:00,0.0,-0.0011501014,lstm
2020-12-10 08:00:00,0.0,-0.0038964301,lstm
2020-12-10 08:00:00,0.0,-0.002450332,lstm
2020-12-10 08:00:00,0.0,0.00062705576,lstm
2020-12-10 08:15:00,0.0,-0.0010598898,lstm
2020-12-10 08:15:00,0.0,-0.0040096343,lstm
2020-12-10 08:15:00,0.0,-0.0024561137,lstm
2020-12-10 08:15:00,0.0,0.00086037815,lstm
2020-12-10 08:30:00,0.0,-0.0009172261,lstm
2020-12-10 08:30:00,0.0,-0.004135892,lstm
2020-12-10 08:30:00,0.0,-0.0024288893,lstm
2020-12-10 08:30:00,0.0,0.0012502074,lstm
2020-12-10 08:45:00,0.0,-0.00073865056,lstm
2020-12-10 08:45:00,0.0,-0.004165828,lstm
2020-12-10 08:45:00,0.0,-0.0021618903,lstm
2020-12-10 08:45:00,0.00079999864,0.0021977574,lstm
2020-12-10 09:00:00,0.0,-0.00049838424,lstm
2020-12-10 09:00:00,0.0,-0.0042384416,lstm
2020-12-10 09:00:00,0.00079999864,-0.0014385432,lstm
2020-12-10 09:00:00,0.009200007,0.004685074,lstm
2020-12-10 09:15:00,0.0,-0.00016532838,lstm
2020-12-10 09:15:00,0.00079999864,-0.0035386235,lstm
2020-12-10 09:15:00,0.009200007,0.001972273,lstm
2020-12-10 09:15:00,0.039199993,0.014205679,lstm
2020-12-10 09:30:00,0.00079999864,-0.000114262104,lstm
2020-12-10 09:30:00,0.009200007,0.0035371631,lstm
2020-12-10 09:30:00,0.039199993,0.019493982,lstm
2020-12-10 09:30:00,0.0668,0.05174251,lstm
2020-12-10 09:45:00,0.009200007,0.0010136962,lstm
2020-12-10 09:45:00,0.039200008,0.015541583,lstm
2020-12-10 09:45:00,0.0668,0.04626456,lstm
2020-12-10 09:45:00,0.1252,0.09889005,lstm
2020-12-10 10:00:00,0.039200008,0.021056205,lstm
2020-12-10 10:00:00,0.0668,0.05674164,lstm
2020-12-10 10:00:00,0.1252,0.11703883,lstm
2020-12-10 10:00:00,0.2394,0.19292583,lstm
2020-12-10 10:15:00,0.0668,0.07039028,lstm
2020-12-10 10:15:00,0.1252,0.13287851,lstm
2020-12-10 10:15:00,0.2394,0.21935,lstm
2020-12-10 10:15:00,0.3384,0.30243814,lstm
2020-12-10 10:30:00,0.1252,0.11030334,lstm
2020-12-10 10:30:00,0.2394,0.19264424,lstm
2020-12-10 10:30:00,0.3384,0.2838407,lstm
2020-12-10 10:30:00,0.4148,0.3558771,lstm
2020-12-10 10:45:00,0.2394,0.21096611,lstm
2020-12-10 10:45:00,0.3384,0.3000126,lstm
2020-12-10 10:45:00,0.4148,0.38028693,lstm
2020-12-10 10:45:00,0.48300004,0.44656885,lstm
2020-12-10 11:00:00,0.3384,0.32381228,lstm
2020-12-10 11:00:00,0.4148,0.39930302,lstm
2020-12-10 11:00:00,0.48300004,0.45488048,lstm
2020-12-10 11:00:00,0.5304,0.52430433,lstm
2020-12-10 11:15:00,0.4148,0.40530524,lstm
2020-12-10 11:15:00,0.483,0.46636242,lstm
2020-12-10 11:15:00,0.5304,0.51197237,lstm
2020-12-10 11:15:00,0.5836,0.57441795,lstm
2020-12-10 11:30:00,0.483,0.4763333,lstm
2020-12-10 11:30:00,0.5304,0.52350515,lstm
2020-12-10 11:30:00,0.5836,0.56414515,lstm
2020-12-10 11:30:00,0.64,0.6093182,lstm
2020-12-10 11:45:00,0.5304,0.5483345,lstm
2020-12-10 11:45:00,0.5835999,0.58326685,lstm
2020-12-10 11:45:00,0.64,0.61709684,lstm
2020-12-10 11:45:00,0.6772,0.6472269,lstm
2020-12-10 12:00:00,0.5836,0.5985882,lstm
2020-12-10 12:00:00,0.64,0.62638426,lstm
2020-12-10 12:00:00,0.6772,0.6504173,lstm
2020-12-10 12:00:00,0.6996,0.673166,lstm
2020-12-10 12:15:00,0.64,0.6482351,lstm
2020-12-10 12:15:00,0.6772,0.6707231,lstm
2020-12-10 12:15:00,0.6996,0.68822795,lstm
2020-12-10 12:15:00,0.7226,0.71048915,lstm
2020-12-10 12:30:00,0.6772,0.6925912,lstm
2020-12-10 12:30:00,0.6996,0.71316767,lstm
2020-12-10 12:30:00,0.7226,0.7263617,lstm
2020-12-10 12:30:00,0.7436,0.74980277,lstm
2020-12-10 12:45:00,0.6996,0.7170053,lstm
2020-12-10 12:45:00,0.7226,0.73554504,lstm
2020-12-10 12:45:00,0.7436,0.7428176,lstm
2020-12-10 12:45:00,0.7618,0.7627619,lstm
2020-12-10 13:00:00,0.7226,0.72723585,lstm
2020-12-10 13:00:00,0.7436,0.7407377,lstm
2020-12-10 13:00:00,0.7618,0.7426551,lstm
2020-12-10 13:00:00,0.7648,0.7576523,lstm
2020-12-10 13:15:00,0.7436,0.74451417,lstm
2020-12-10 13:15:00,0.76179993,0.7524245,lstm
2020-12-10 13:15:00,0.7648,0.75303143,lstm
2020-12-10 13:15:00,0.7676,0.7658015,lstm
2020-12-10 13:30:00,0.7618,0.7625861,lstm
2020-12-10 13:30:00,0.76479995,0.76665974,lstm
2020-12-10 13:30:00,0.7676,0.76698554,lstm
2020-12-10 13:30:00,0.7644,0.7777758,lstm
2020-12-10 13:45:00,0.7648,0.7849445,lstm
2020-12-10 13:45:00,0.76759994,0.7847229,lstm
2020-12-10 13:45:00,0.7644,0.7846065,lstm
2020-12-10 13:45:00,0.7506,0.7927923,lstm
2020-12-10 14:00:00,0.7676,0.7877831,lstm
2020-12-10 14:00:00,0.7644,0.78438616,lstm
2020-12-10 14:00:00,0.7506,0.7818934,lstm
2020-12-10 14:00:00,0.7346,0.7855162,lstm
2020-12-10 14:15:00,0.7644,0.79257756,lstm
2020-12-10 14:15:00,0.7506,0.7856277,lstm
2020-12-10 14:15:00,0.7346,0.78178483,lstm
2020-12-10 14:15:00,0.729,0.78307676,lstm
2020-12-10 14:30:00,0.7506,0.79001486,lstm
2020-12-10 14:30:00,0.73459995,0.78019595,lstm
2020-12-10 14:30:00,0.729,0.773414,lstm
2020-12-10 14:30:00,0.7128,0.77103627,lstm
2020-12-10 14:45:00,0.7346,0.77336234,lstm
2020-12-10 14:45:00,0.729,0.75938916,lstm
2020-12-10 14:45:00,0.7128,0.74628675,lstm
2020-12-10 14:45:00,0.6846,0.73802596,lstm
2020-12-10 15:00:00,0.729,0.7526892,lstm
2020-12-10 15:00:00,0.7128,0.7350428,lstm
2020-12-10 15:00:00,0.6846,0.7162221,lstm
2020-12-10 15:00:00,0.6534,0.7036894,lstm
2020-12-10 15:15:00,0.7128,0.7413174,lstm
2020-12-10 15:15:00,0.6846,0.7174127,lstm
2020-12-10 15:15:00,0.6534,0.69470096,lstm
2020-12-10 15:15:00,0.6138,0.6782674,lstm
2020-12-10 15:30:00,0.6846,0.7152143,lstm
2020-12-10 15:30:00,0.6534,0.68217194,lstm
2020-12-10 15:30:00,0.6138,0.6551565,lstm
2020-12-10 15:30:00,0.5718,0.6308168,lstm
2020-12-10 15:45:00,0.6534,0.67837465,lstm
2020-12-10 15:45:00,0.6138,0.6342077,lstm
2020-12-10 15:45:00,0.5718,0.5990188,lstm
2020-12-10 15:45:00,0.48760003,0.5644144,lstm
2020-12-10 16:00:00,0.6137999,0.639457,lstm
2020-12-10 16:00:00,0.5718,0.5876241,lstm
2020-12-10 16:00:00,0.48759997,0.5416823,lstm
2020-12-10 16:00:00,0.4366,0.4966637,lstm
2020-12-10 16:15:00,0.5718,0.5379915,lstm
2020-12-10 16:15:00,0.4876,0.4881965,lstm
2020-12-10 16:15:00,0.4366,0.4340522,lstm
2020-12-10 16:15:00,0.3844,0.37441403,lstm
2020-12-10 16:30:00,0.4876,0.47920692,lstm
2020-12-10 16:30:00,0.4366,0.4118275,lstm
2020-12-10 16:30:00,0.3844,0.34842715,lstm
2020-12-10 16:30:00,0.2728,0.27650017,lstm
2020-12-10 16:45:00,0.4366,0.40568882,lstm
2020-12-10 16:45:00,0.3844,0.31720397,lstm
2020-12-10 16:45:00,0.2728,0.24582408,lstm
2020-12-10 16:45:00,0.1494,0.16818774,lstm
2020-12-10 17:00:00,0.3844,0.35167313,lstm
2020-12-10 17:00:00,0.2728,0.24638453,lstm
2020-12-10 17:00:00,0.1494,0.16576988,lstm
2020-12-10 17:00:00,0.0874,0.09369894,lstm
2020-12-10 17:15:00,0.2728,0.29025215,lstm
2020-12-10 17:15:00,0.1494,0.18306611,lstm
2020-12-10 17:15:00,0.0874,0.10365882,lstm
2020-12-10 17:15:00,0.046800002,0.04589966,lstm
2020-12-10 17:30:00,0.1494,0.18602604,lstm
2020-12-10 17:30:00,0.0874,0.09617134,lstm
2020-12-10 17:30:00,0.046800002,0.044296935,lstm
2020-12-10 17:30:00,0.017000005,0.010589808,lstm
2020-12-10 17:45:00,0.0874,0.08801583,lstm
2020-12-10 17:45:00,0.046800002,0.03373258,lstm
2020-12-10 17:45:00,0.017000005,0.006442398,lstm
2020-12-10 17:45:00,0.00059999526,-0.0044486225,lstm
2020-12-10 18:00:00,0.046800017,0.043694034,lstm
2020-12-10 18:00:00,0.017000005,0.009758741,lstm
2020-12-10 18:00:00,0.00059999526,-0.004385531,lstm
2020-12-10 18:00:00,0.0,-0.0064938515,lstm
2020-12-10 18:15:00,0.017000005,0.023293719,lstm
2020-12-10 18:15:00,0.00059999526,0.0012898892,lstm
2020-12-10 18:15:00,0.0,-0.005793914,lstm
2020-12-10 18:15:00,0.0,-0.004540786,lstm
2020-12-10 18:30:00,0.00059999526,0.011975795,lstm
2020-12-10 18:30:00,0.0,-0.0018479973,lstm
2020-12-10 18:30:00,0.0,-0.0048941225,lstm
2020-12-10 18:30:00,0.0,-0.0025967062,lstm
2020-12-10 18:45:00,0.0,0.0053403378,lstm
2020-12-10 18:45:00,0.0,-0.002589181,lstm
2020-12-10 18:45:00,0.0,-0.003657475,lstm
2020-12-10 18:45:00,0.0,-0.0008959472,lstm
2020-12-10 19:00:00,0.0,0.0023804307,lstm
2020-12-10 19:00:00,0.0,-0.0026331693,lstm
2020-12-10 19:00:00,0.0,-0.0023845881,lstm
2020-12-10 19:00:00,0.0,0.00017857552,lstm
2020-12-10 19:15:00,0.0,0.0007311404,lstm
2020-12-10 19:15:00,0.0,-0.0028657168,lstm
2020-12-10 19:15:00,0.0,-0.0018996298,lstm
2020-12-10 19:15:00,0.0,0.00041808188,lstm
2020-12-10 19:30:00,0.0,-0.00012229383,lstm
2020-12-10 19:30:00,0.0,-0.0030311048,lstm
2020-12-10 19:30:00,0.0,-0.0017067045,lstm
2020-12-10 19:30:00,0.0,0.00050748885,lstm
2020-12-10 19:45:00,0.0,-0.0006380826,lstm
2020-12-10 19:45:00,0.0,-0.003253296,lstm
2020-12-10 19:45:00,0.0,-0.0017417073,lstm
2020-12-10 19:45:00,0.0,0.00049857795,lstm
2020-12-10 20:00:00,0.0,-0.0009637475,lstm
2020-12-10 20:00:00,0.0,-0.0033872873,lstm
2020-12-10 20:00:00,0.0,-0.0017684102,lstm
2020-12-10 20:00:00,0.0,0.0005121678,lstm
2020-12-10 20:15:00,0.0,-0.0011535734,lstm
2020-12-10 20:15:00,0.0,-0.0034602731,lstm
2020-12-10 20:15:00,0.0,-0.0017748177,lstm
2020-12-10 20:15:00,0.0,0.00052572787,lstm
2020-12-10 20:30:00,0.0,-0.0012767911,lstm
2020-12-10 20:30:00,0.0,-0.0035008937,lstm
2020-12-10 20:30:00,0.0,-0.0017607808,lstm
2020-12-10 20:30:00,0.0,0.0005454272,lstm
2020-12-10 20:45:00,0.0,-0.0014405549,lstm
2020-12-10 20:45:00,0.0,-0.003646329,lstm
2020-12-10 20:45:00,0.0,-0.0018963963,lstm
2020-12-10 20:45:00,0.0,0.0004890859,lstm
2020-12-10 21:00:00,0.0,-0.0015228987,lstm
2020-12-10 21:00:00,0.0,-0.0036654025,lstm
2020-12-10 21:00:00,0.0,-0.0019015819,lstm
2020-12-10 21:00:00,0.0,0.00053165853,lstm
2020-12-10 21:15:00,0.0,-0.0015432835,lstm
2020-12-10 21:15:00,0.0,-0.003651917,lstm
2020-12-10 21:15:00,0.0,-0.001883164,lstm
2020-12-10 21:15:00,0.0,0.00055384636,lstm
2020-12-10 21:30:00,0.0,-0.0015542805,lstm
2020-12-10 21:30:00,0.0,-0.003643006,lstm
2020-12-10 21:30:00,0.0,-0.0018626302,lstm
2020-12-10 21:30:00,0.0,0.00057038665,lstm
2020-12-10 21:45:00,0.0,-0.0016899407,lstm
2020-12-10 21:45:00,0.0,-0.0037513822,lstm
2020-12-10 21:45:00,0.0,-0.0020111054,lstm
2020-12-10 21:45:00,0.0,0.0005210489,lstm
2020-12-10 22:00:00,0.0,-0.0016953945,lstm
2020-12-10 22:00:00,0.0,-0.0037192851,lstm
2020-12-10 22:00:00,0.0,-0.0019867718,lstm
2020-12-10 22:00:00,0.0,0.00056798756,lstm
2020-12-10 22:15:00,0.0,-0.0016825944,lstm
2020-12-10 22:15:00,0.0,-0.0036872327,lstm
2020-12-10 22:15:00,0.0,-0.0019495785,lstm
2020-12-10 22:15:00,0.0,0.0005951822,lstm
2020-12-10 22:30:00,0.0,-0.0016724169,lstm
2020-12-10 22:30:00,0.0,-0.003657177,lstm
2020-12-10 22:30:00,0.0,-0.0019206405,lstm
2020-12-10 22:30:00,0.0,0.000618279,lstm
2020-12-10 22:45:00,0.0,-0.0018170625,lstm
2020-12-10 22:45:00,0.0,-0.003736481,lstm
2020-12-10 22:45:00,0.0,-0.002052769,lstm
2020-12-10 22:45:00,0.0,0.00058560073,lstm
2020-12-10 23:00:00,0.0,-0.0017997622,lstm
2020-12-10 23:00:00,0.0,-0.0036821514,lstm
2020-12-10 23:00:00,0.0,-0.0020050257,lstm
2020-12-10 23:00:00,0.0,0.0006324947,lstm
2020-12-10 23:15:00,0.0,-0.0017882586,lstm
2020-12-10 23:15:00,0.0,-0.003651753,lstm
2020-12-10 23:15:00,0.0,-0.001968503,lstm
2020-12-10 23:15:00,0.0,0.00065663457,lstm
2020-12-10 23:30:00,0.0,-0.0017719716,lstm
2020-12-10 23:30:00,0.0,-0.003625363,lstm
2020-12-10 23:30:00,0.0,-0.0019477457,lstm
2020-12-10 23:30:00,0.0,0.0006682426,lstm
2020-12-10 23:45:00,0.0,-0.001899004,lstm
2020-12-10 23:45:00,0.0,-0.0036806613,lstm
2020-12-10 23:45:00,0.0,-0.002072513,lstm
2020-12-10 23:45:00,0.0,0.0006273091,lstm
2020-12-11 00:00:00,0.0,-0.0018545091,lstm
2020-12-11 00:00:00,0.0,-0.003618002,lstm
2020-12-11 00:00:00,0.0,-0.002016887,lstm
2020-12-11 00:00:00,0.0,0.0006593019,lstm
2020-12-11 00:15:00,0.0,-0.0018323511,lstm
2020-12-11 00:15:00,0.0,-0.0035850257,lstm
2020-12-11 00:15:00,0.0,-0.0019774586,lstm
2020-12-11 00:15:00,0.0,0.000678733,lstm
2020-12-11 00:30:00,0.0,-0.0018091798,lstm
2020-12-11 00:30:00,0.0,-0.0035591424,lstm
2020-12-11 00:30:00,0.0,-0.0019528419,lstm
2020-12-11 00:30:00,0.0,0.0006863922,lstm
2020-12-11 00:45:00,0.0,-0.0019034147,lstm
2020-12-11 00:45:00,0.0,-0.0035853237,lstm
2020-12-11 00:45:00,0.0,-0.0020564795,lstm
2020-12-11 00:45:00,0.0,0.000642553,lstm
2020-12-11 01:00:00,0.0,-0.0018549114,lstm
2020-12-11 01:00:00,0.0,-0.0035179406,lstm
2020-12-11 01:00:00,0.0,-0.001993969,lstm
2020-12-11 01:00:00,0.0,0.0006736219,lstm
2020-12-11 01:15:00,0.0,-0.0018145889,lstm
2020-12-11 01:15:00,0.0,-0.0034870058,lstm
2020-12-11 01:15:00,0.0,-0.0019661784,lstm
2020-12-11 01:15:00,0.0,0.000666067,lstm
2020-12-11 01:30:00,0.0,-0.0017848611,lstm
2020-12-11 01:30:00,0.0,-0.003471434,lstm
2020-12-11 01:30:00,0.0,-0.0019531697,lstm
2020-12-11 01:30:00,0.0,0.0006579608,lstm
2020-12-11 01:45:00,0.0,-0.0018460602,lstm
2020-12-11 01:45:00,0.0,-0.0034807026,lstm
2020-12-11 01:45:00,0.0,-0.0020416677,lstm
2020-12-11 01:45:00,0.0,0.0006015003,lstm
2020-12-11 02:00:00,0.0,-0.0017806888,lstm
2020-12-11 02:00:00,0.0,-0.0034218878,lstm
2020-12-11 02:00:00,0.0,-0.0019882172,lstm
2020-12-11 02:00:00,0.0,0.000603199,lstm
2020-12-11 02:15:00,0.0,-0.0017402768,lstm
2020-12-11 02:15:00,0.0,-0.0034040213,lstm
2020-12-11 02:15:00,0.0,-0.0019701421,lstm
2020-12-11 02:15:00,0.0,0.00058445334,lstm
2020-12-11 02:30:00,0.0,-0.0017170757,lstm
2020-12-11 02:30:00,0.0,-0.003395021,lstm
2020-12-11 02:30:00,0.0,-0.0019634217,lstm
2020-12-11 02:30:00,0.0,0.00057405233,lstm
2020-12-11 02:45:00,0.0,-0.0017482489,lstm
2020-12-11 02:45:00,0.0,-0.0033834726,lstm
2020-12-11 02:45:00,0.0,-0.0020287186,lstm
2020-12-11 02:45:00,0.0,0.0005207211,lstm
2020-12-11 03:00:00,0.0,-0.0016784221,lstm
2020-12-11 03:00:00,0.0,-0.00333637,lstm
2020-12-11 03:00:00,0.0,-0.0019865632,lstm
2020-12-11 03:00:00,0.0,0.00050492585,lstm
2020-12-11 03:15:00,0.0,-0.0016306788,lstm
2020-12-11 03:15:00,0.0,-0.0033267736,lstm
2020-12-11 03:15:00,0.0,-0.0019801706,lstm
2020-12-11 03:15:00,0.0,0.0004723817,lstm
2020-12-11 03:30:00,0.0,-0.0016043782,lstm
2020-12-11 03:30:00,0.0,-0.0033297837,lstm
2020-12-11 03:30:00,0.0,-0.0019848794,lstm
2020-12-11 03:30:00,0.0,0.0004505962,lstm
2020-12-11 03:45:00,0.0,-0.001614064,lstm
2020-12-11 03:45:00,0.0,-0.0033173263,lstm
2020-12-11 03:45:00,0.0,-0.0020350367,lstm
2020-12-11 03:45:00,0.0,0.00039596856,lstm
2020-12-11 04:00:00,0.0,-0.0015598685,lstm
2020-12-11 04:00:00,0.0,-0.0032941103,lstm
2020-12-11 04:00:00,0.0,-0.002015531,lstm
2020-12-11 04:00:00,0.0,0.0003707856,lstm
2020-12-11 04:15:00,0.0,-0.0015223324,lstm
2020-12-11 04:15:00,0.0,-0.0033025295,lstm
2020-12-11 04:15:00,0.0,-0.002030328,lstm
2020-12-11 04:15:00,0.0,0.00033172965,lstm
2020-12-11 04:30:00,0.0,-0.0014960021,lstm
2020-12-11 04:30:00,0.0,-0.0033171773,lstm
2020-12-11 04:30:00,0.0,-0.002052471,lstm
2020-12-11 04:30:00,0.0,0.00029994547,lstm
2020-12-11 04:45:00,0.0,-0.0015037209,lstm
2020-12-11 04:45:00,0.0,-0.0033115149,lstm
2020-12-11 04:45:00,0.0,-0.0020940006,lstm
2020-12-11 04:45:00,0.0,0.00025773048,lstm
2020-12-11 05:00:00,0.0,-0.001468122,lstm
2020-12-11 05:00:00,0.0,-0.00332731,lstm
2020-12-11 05:00:00,0.0,-0.0021098852,lstm
2020-12-11 05:00:00,0.0,0.00021448731,lstm
2020-12-11 05:15:00,0.0,-0.0014365613,lstm
2020-12-11 05:15:00,0.0,-0.0033620447,lstm
2020-12-11 05:15:00,0.0,-0.00215064,lstm
2020-12-11 05:15:00,0.0,0.0001681894,lstm
2020-12-11 05:30:00,0.0,-0.0014102608,lstm
2020-12-11 05:30:00,0.0,-0.0033970624,lstm
2020-12-11 05:30:00,0.0,-0.0021884143,lstm
2020-12-11 05:30:00,0.0,0.00013780594,lstm
2020-12-11 05:45:00,0.0,-0.0014201701,lstm
2020-12-11 05:45:00,0.0,-0.0034074634,lstm
2020-12-11 05:45:00,0.0,-0.0022228807,lstm
2020-12-11 05:45:00,0.0,0.00012215972,lstm
2020-12-11 06:00:00,0.0,-0.0013997108,lstm
2020-12-11 06:00:00,0.0,-0.0034605563,lstm
2020-12-11 06:00:00,0.0,-0.0022665262,lstm
2020-12-11 06:00:00,0.0,8.608401e-05,lstm
2020-12-11 06:15:00,0.0,-0.0013718903,lstm
2020-12-11 06:15:00,0.0,-0.003521219,lstm
2020-12-11 06:15:00,0.0,-0.00232248,lstm
2020-12-11 06:15:00,0.0,6.464124e-05,lstm
2020-12-11 06:30:00,0.0,-0.0013373941,lstm
2020-12-11 06:30:00,0.0,-0.0035702586,lstm
2020-12-11 06:30:00,0.0,-0.0023730248,lstm
2020-12-11 06:30:00,0.0,5.1245093e-05,lstm
2020-12-11 06:45:00,0.0,-0.0013365,lstm
2020-12-11 06:45:00,0.0,-0.0035906732,lstm
2020-12-11 06:45:00,0.0,-0.0023839474,lstm
2020-12-11 06:45:00,0.0,9.889901e-05,lstm
2020-12-11 07:00:00,0.0,-0.00132294,lstm
2020-12-11 07:00:00,0.0,-0.0036724806,lstm
2020-12-11 07:00:00,0.0,-0.0024273396,lstm
2020-12-11 07:00:00,0.0,0.00012378395,lstm
2020-12-11 07:15:00,0.0,-0.0012886524,lstm
2020-12-11 07:15:00,0.0,-0.0037504435,lstm
2020-12-11 07:15:00,0.0,-0.0024840832,lstm
2020-12-11 07:15:00,0.0,0.00016374886,lstm
2020-12-11 07:30:00,0.0,-0.001238063,lstm
2020-12-11 07:30:00,0.0,-0.0038232356,lstm
2020-12-11 07:30:00,0.0,-0.0025333017,lstm
2020-12-11 07:30:00,0.0,0.00020460784,lstm
2020-12-11 07:45:00,0.0,-0.0012023449,lstm
2020-12-11 07:45:00,0.0,-0.003844291,lstm
2020-12-11 07:45:00,0.0,-0.0025022477,lstm
2020-12-11 07:45:00,0.0,0.00036607683,lstm
2020-12-11 08:00:00,0.0,-0.0011698753,lstm
2020-12-11 08:00:00,0.0,-0.0039445907,lstm
2020-12-11 08:00:00,0.0,-0.0025049448,lstm
2020-12-11 08:00:00,0.0,0.0005348474,lstm
2020-12-11 08:15:00,0.0,-0.0010875762,lstm
2020-12-11 08:15:00,0.0,-0.004054174,lstm
2020-12-11 08:15:00,0.0,-0.0025081038,lstm
2020-12-11 08:15:00,0.0,0.00077070296,lstm
2020-12-11 08:30:00,0.0,-0.0009458065,lstm
2020-12-11 08:30:00,0.0,-0.004181966,lstm
2020-12-11 08:30:00,0.0,-0.0024888366,lstm
2020-12-11 08:30:00,0.0,0.0011340082,lstm
2020-12-11 08:45:00,0.0,-0.00076904893,lstm
2020-12-11 08:45:00,0.0,-0.00421378,lstm
2020-12-11 08:45:00,0.0,-0.0022340417,lstm
2020-12-11 08:45:00,0.001000002,0.0020329207,lstm
2020-12-11 09:00:00,0.0,-0.0005480498,lstm
2020-12-11 09:00:00,0.0,-0.0042913407,lstm
2020-12-11 09:00:00,0.001000002,-0.0015502125,lstm
2020-12-11 09:00:00,0.012799993,0.004390076,lstm
2020-12-11 09:15:00,0.0,-0.00020359457,lstm
2020-12-11 09:15:00,0.001000002,-0.003669098,lstm
2020-12-11 09:15:00,0.012799993,0.00165084,lstm
2020-12-11 09:15:00,0.037,0.013343483,lstm
2020-12-11 09:30:00,0.001000002,-0.00019545853,lstm
2020-12-11 09:30:00,0.012800008,0.0028435886,lstm
2020-12-11 09:30:00,0.037,0.018107757,lstm
2020-12-11 09:30:00,0.0728,0.049136594,lstm
2020-12-11 09:45:00,0.012799993,0.0009737313,lstm
2020-12-11 09:45:00,0.037,0.015047148,lstm
2020-12-11 09:45:00,0.0728,0.045160383,lstm
2020-12-11 09:45:00,0.1174,0.09708571,lstm
2020-12-11 10:00:00,0.037,0.025503859,lstm
2020-12-11 10:00:00,0.07280001,0.06252307,lstm
2020-12-11 10:00:00,0.1174,0.1244016,lstm
2020-12-11 10:00:00,0.2172,0.20136355,lstm
2020-12-11 10:15:00,0.0728,0.06714344,lstm
2020-12-11 10:15:00,0.1174,0.13009451,lstm
2020-12-11 10:15:00,0.2172,0.2167951,lstm
2020-12-11 10:15:00,0.3222,0.29894885,lstm
2020-12-11 10:30:00,0.1174,0.123286545,lstm
2020-12-11 10:30:00,0.2172,0.20664732,lstm
2020-12-11 10:30:00,0.3222,0.29966187,lstm
2020-12-11 10:30:00,0.40000004,0.3715303,lstm
2020-12-11 10:45:00,0.2172,0.19557874,lstm
2020-12-11 10:45:00,0.3222,0.28449062,lstm
2020-12-11 10:45:00,0.4,0.36200866,lstm
2020-12-11 10:45:00,0.45640004,0.42558485,lstm
2020-12-11 11:00:00,0.3222,0.3189451,lstm
2020-12-11 11:00:00,0.4,0.39504054,lstm
2020-12-11 11:00:00,0.45640004,0.45051336,lstm
2020-12-11 11:00:00,0.5176,0.5162621,lstm
2020-12-11 11:15:00,0.4,0.39819366,lstm
2020-12-11 11:15:00,0.4564,0.45971414,lstm
2020-12-11 11:15:00,0.51759994,0.5047762,lstm
2020-12-11 11:15:00,0.5746,0.5666476,lstm
2020-12-11 11:30:00,0.4564,0.46898186,lstm
2020-12-11 11:30:00,0.5176,0.51690125,lstm
2020-12-11 11:30:00,0.5746,0.557464,lstm
2020-12-11 11:30:00,0.6144,0.6042277,lstm
2020-12-11 11:45:00,0.5176,0.5300989,lstm
2020-12-11 11:45:00,0.5746,0.5671593,lstm
2020-12-11 11:45:00,0.6144,0.6005504,lstm
2020-12-11 11:45:00,0.6434,0.6317847,lstm
2020-12-11 12:00:00,0.5746,0.5926286,lstm
2020-12-11 12:00:00,0.6144,0.6205069,lstm
2020-12-11 12:00:00,0.6434,0.64671934,lstm
2020-12-11 12:00:00,0.5798,0.67151445,lstm
2020-12-11 12:15:00,0.6144,0.6434362,lstm
2020-12-11 12:15:00,0.6434,0.6673206,lstm
2020-12-11 12:15:00,0.5798,0.6864996,lstm
2020-12-11 12:15:00,0.55859995,0.7100057,lstm
2020-12-11 12:30:00,0.6434,0.67478245,lstm
2020-12-11 12:30:00,0.5798,0.696262,lstm
2020-12-11 12:30:00,0.5586,0.70820993,lstm
2020-12-11 12:30:00,0.5454,0.7293879,lstm
2020-12-11 12:45:00,0.5798,0.69563,lstm
2020-12-11 12:45:00,0.5586,0.71231127,lstm
2020-12-11 12:45:00,0.5454,0.7179388,lstm
2020-12-11 12:45:00,0.5062,0.7355669,lstm
2020-12-11 13:00:00,0.5586,0.56346196,lstm
2020-12-11 13:00:00,0.5454,0.55939186,lstm
2020-12-11 13:00:00,0.5062,0.5491749,lstm
2020-12-11 13:00:00,0.5024,0.54553586,lstm
2020-12-11 13:15:00,0.5454,0.5366168,lstm
2020-12-11 13:15:00,0.5062,0.5122607,lstm
2020-12-11 13:15:00,0.5024,0.4991005,lstm
2020-12-11 13:15:00,0.525,0.50141275,lstm
2020-12-11 13:30:00,0.50619996,0.5186502,lstm
2020-12-11 13:30:00,0.5024,0.49856153,lstm
2020-12-11 13:30:00,0.525,0.48463762,lstm
2020-12-11 13:30:00,0.5638,0.49306357,lstm
2020-12-11 13:45:00,0.5024,0.465708,lstm
2020-12-11 13:45:00,0.525,0.4502966,lstm
2020-12-11 13:45:00,0.5638,0.43175787,lstm
2020-12-11 13:45:00,0.5498,0.43930128,lstm
2020-12-11 14:00:00,0.525,0.47837818,lstm
2020-12-11 14:00:00,0.5638,0.47184885,lstm
2020-12-11 14:00:00,0.5498,0.4591695,lstm
2020-12-11 14:00:00,0.5482,0.4742297,lstm
2020-12-11 14:15:00,0.5638,0.5099003,lstm
2020-12-11 14:15:00,0.5498,0.5227266,lstm
2020-12-11 14:15:00,0.5482,0.5154311,lstm
2020-12-11 14:15:00,0.582,0.53698766,lstm
2020-12-11 14:30:00,0.5498,0.55256474,lstm
2020-12-11 14:30:00,0.5482,0.5748484,lstm
2020-12-11 14:30:00,0.582,0.5640725,lstm
2020-12-11 14:30:00,0.6136,0.5821312,lstm
2020-12-11 14:45:00,0.5482,0.5226991,lstm
2020-12-11 14:45:00,0.582,0.53976333,lstm
2020-12-11 14:45:00,0.6136,0.52792025,lstm
2020-12-11 14:45:00,0.6148,0.5406924,lstm
2020-12-11 15:00:00,0.582,0.5276364,lstm
2020-12-11 15:00:00,0.6136,0.5368058,lstm
2020-12-11 15:00:00,0.6147999,0.5213157,lstm
2020-12-11 15:00:00,0.597,0.5292223,lstm
2020-12-11 15:15:00,0.6136,0.5606556,lstm
2020-12-11 15:15:00,0.6148,0.56478757,lstm
2020-12-11 15:15:00,0.597,0.5441292,lstm
2020-12-11 15:15:00,0.5542,0.5444823,lstm
2020-12-11 15:30:00,0.6148,0.5644083,lstm
2020-12-11 15:30:00,0.597,0.5628126,lstm
2020-12-11 15:30:00,0.5542,0.53816235,lstm
2020-12-11 15:30:00,0.4832,0.5297405,lstm
2020-12-11 15:45:00,0.597,0.53528214,lstm
2020-12-11 15:45:00,0.55419993,0.5222368,lstm
2020-12-11 15:45:00,0.4832,0.49206483,lstm
2020-12-11 15:45:00,0.44780004,0.47118795,lstm
2020-12-11 16:00:00,0.5542,0.4921275,lstm
2020-12-11 16:00:00,0.4832,0.46836504,lstm
2020-12-11 16:00:00,0.44780004,0.42689866,lstm
2020-12-11 16:00:00,0.3832,0.38883787,lstm
2020-12-11 16:15:00,0.4832,0.4212972,lstm
2020-12-11 16:15:00,0.4478,0.38007876,lstm
2020-12-11 16:15:00,0.3832,0.32193357,lstm
2020-12-11 16:15:00,0.3188,0.25924772,lstm
2020-12-11 16:30:00,0.4478,0.3759598,lstm
2020-12-11 16:30:00,0.3832,0.3055766,lstm
2020-12-11 16:30:00,0.3188,0.2387493,lstm
2020-12-11 16:30:00,0.2238,0.16849422,lstm
2020-12-11 16:45:00,0.3832,0.34889305,lstm
2020-12-11 16:45:00,0.3188,0.2574448,lstm
2020-12-11 16:45:00,0.2238,0.18239002,lstm
2020-12-11 16:45:00,0.1324,0.113490775,lstm
2020-12-11 17:00:00,0.3188,0.29625386,lstm
2020-12-11 17:00:00,0.2238,0.19710185,lstm
2020-12-11 17:00:00,0.1324,0.122237794,lstm
2020-12-11 17:00:00,0.0792,0.06229259,lstm
2020-12-11 17:15:00,0.2238,0.23152159,lstm
2020-12-11 17:15:00,0.1324,0.13700664,lstm
2020-12-11 17:15:00,0.0792,0.073555686,lstm
2020-12-11 17:15:00,0.042799994,0.028689966,lstm
2020-12-11 17:30:00,0.1324,0.14654934,lstm
2020-12-11 17:30:00,0.0792,0.071664125,lstm
2020-12-11 17:30:00,0.042799994,0.030323103,lstm
2020-12-11 17:30:00,0.015000001,0.0072401613,lstm
2020-12-11 17:45:00,0.0792,0.08603627,lstm
2020-12-11 17:45:00,0.04280001,0.033737227,lstm
2020-12-11 17:45:00,0.015000001,0.008149788,lstm
2020-12-11 17:45:00,0.00059999526,-0.00068485737,lstm
2020-12-11 18:00:00,0.04280001,0.04490696,lstm
2020-12-11 18:00:00,0.015000001,0.011456221,lstm
2020-12-11 18:00:00,0.00059999526,-0.0023310333,lstm
2020-12-11 18:00:00,0.0,-0.0032402575,lstm
2020-12-11 18:15:00,0.015000001,0.022248462,lstm
2020-12-11 18:15:00,0.00059999526,0.0016959757,lstm
2020-12-11 18:15:00,0.0,-0.004676491,lstm
2020-12-11 18:15:00,0.0,-0.0029005855,lstm
2020-12-11 18:30:00,0.00059999526,0.009941503,lstm
2020-12-11 18:30:00,0.0,-0.0021989197,lstm
2020-12-11 18:30:00,0.0,-0.004408583,lstm
2020-12-11 18:30:00,0.0,-0.0019616485,lstm
2020-12-11 18:45:00,0.0,0.00468719,lstm
2020-12-11 18:45:00,0.0,-0.0026747733,lstm
2020-12-11 18:45:00,0.0,-0.003315717,lstm
2020-12-11 18:45:00,0.0,-0.00065267086,lstm
2020-12-11 19:00:00,0.0,0.0020117015,lstm
2020-12-11 19:00:00,0.0,-0.0027953684,lstm
2020-12-11 19:00:00,0.0,-0.002276644,lstm
2020-12-11 19:00:00,0.0,0.00016784668,lstm
2020-12-11 19:15:00,0.0,0.0004580468,lstm
2020-12-11 19:15:00,0.0,-0.0030472428,lstm
2020-12-11 19:15:00,0.0,-0.0018894672,lstm
2020-12-11 19:15:00,0.0,0.00035597384,lstm
2020-12-11 19:30:00,0.0,-0.0003360361,lstm
2020-12-11 19:30:00,0.0,-0.0031983554,lstm
2020-12-11 19:30:00,0.0,-0.0017422587,lstm
2020-12-11 19:30:00,0.0,0.00044465065,lstm
2020-12-11 19:45:00,0.0,-0.00077435374,lstm
2020-12-11 19:45:00,0.0,-0.0033843815,lstm
2020-12-11 19:45:00,0.0,-0.0017938316,lstm
2020-12-11 19:45:00,0.0,0.0004425943,lstm
2020-12-11 20:00:00,0.0,-0.0010538846,lstm
2020-12-11 20:00:00,0.0,-0.0034843236,lstm
2020-12-11 20:00:00,0.0,-0.0018192381,lstm
2020-12-11 20:00:00,0.0,0.0004749745,lstm
2020-12-11 20:15:00,0.0,-0.0012150705,lstm
2020-12-11 20:15:00,0.0,-0.0035321265,lstm
2020-12-11 20:15:00,0.0,-0.0018158257,lstm
2020-12-11 20:15:00,0.0,0.0005028546,lstm
2020-12-11 20:30:00,0.0,-0.0013152659,lstm
2020-12-11 20:30:00,0.0,-0.0035535693,lstm
2020-12-11 20:30:00,0.0,-0.0017945766,lstm
2020-12-11 20:30:00,0.0,0.00052808225,lstm
2020-12-11 20:45:00,0.0,-0.0014648587,lstm
2020-12-11 20:45:00,0.0,-0.0036706626,lstm
2020-12-11 20:45:00,0.0,-0.0019111931,lstm
2020-12-11 20:45:00,0.0,0.0004955679,lstm
2020-12-11 21:00:00,0.0,-0.001540795,lstm
2020-12-11 21:00:00,0.0,-0.0036876798,lstm
2020-12-11 21:00:00,0.0,-0.001915276,lstm
2020-12-11 21:00:00,0.0,0.0005341023,lstm
2020-12-11 21:15:00,0.0,-0.0015559644,lstm
2020-12-11 21:15:00,0.0,-0.0036693215,lstm
2020-12-11 21:15:00,0.0,-0.0018915087,lstm
2020-12-11 21:15:00,0.0,0.0005566925,lstm
2020-12-11 21:30:00,0.0,-0.0015556365,lstm
2020-12-11 21:30:00,0.0,-0.0036521703,lstm
2020-12-11 21:30:00,0.0,-0.0018744916,lstm
2020-12-11 21:30:00,0.0,0.00057026744,lstm
2020-12-11 21:45:00,0.0,-0.0016937107,lstm
2020-12-11 21:45:00,0.0,-0.0037557334,lstm
2020-12-11 21:45:00,0.0,-0.002012968,lstm
2020-12-11 21:45:00,0.0,0.00053301454,lstm
2020-12-11 22:00:00,0.0,-0.0016946793,lstm
2020-12-11 22:00:00,0.0,-0.0037205368,lstm
2020-12-11 22:00:00,0.0,-0.0019853264,lstm
2020-12-11 22:00:00,0.0,0.0005765408,lstm
2020-12-11 22:15:00,0.0,-0.0016888976,lstm
2020-12-11 22:15:00,0.0,-0.003692165,lstm
2020-12-11 22:15:00,0.0,-0.001954019,lstm
2020-12-11 22:15:00,0.0,0.0006033331,lstm
2020-12-11 22:30:00,0.0,-0.0016827583,lstm
2020-12-11 22:30:00,0.0,-0.0036660135,lstm
2020-12-11 22:30:00,0.0,-0.0019255877,lstm
2020-12-11 22:30:00,0.0,0.00062817335,lstm
2020-12-11 22:45:00,0.0,-0.0018219948,lstm
2020-12-11 22:45:00,0.0,-0.0037427843,lstm
2020-12-11 22:45:00,0.0,-0.002055198,lstm
2020-12-11 22:45:00,0.0,0.0005931407,lstm
2020-12-11 23:00:00,0.0,-0.0018145889,lstm
2020-12-11 23:00:00,0.0,-0.003692016,lstm
2020-12-11 23:00:00,0.0,-0.002008751,lstm
2020-12-11 23:00:00,0.0,0.00064507127,lstm
2020-12-11 23:15:00,0.0,-0.0017950833,lstm
2020-12-11 23:15:00,0.0,-0.0036560595,lstm
2020-12-11 23:15:00,0.0,-0.0019708574,lstm
2020-12-11 23:15:00,0.0,0.0006671101,lstm
2020-12-11 23:30:00,0.0,-0.001776576,lstm
2020-12-11 23:30:00,0.0,-0.0036303252,lstm
2020-12-11 23:30:00,0.0,-0.0019443333,lstm
2020-12-11 23:30:00,0.0,0.00068199635,lstm
2020-12-11 23:45:00,0.0,-0.0018905699,lstm
2020-12-11 23:45:00,0.0,-0.003676951,lstm
2020-12-11 23:45:00,0.0,-0.0020646602,lstm
2020-12-11 23:45:00,0.0,0.0006364286,lstm
2020-12-12 00:00:00,0.0,-0.0018512905,lstm
2020-12-12 00:00:00,0.0,-0.003611952,lstm
2020-12-12 00:00:00,0.0,-0.0020041317,lstm
2020-12-12 00:00:00,0.0,0.0006772131,lstm
2020-12-12 00:15:00,0.0,-0.0018357038,lstm
2020-12-12 00:15:00,0.0,-0.0035810173,lstm
2020-12-12 00:15:00,0.0,-0.0019646138,lstm
2020-12-12 00:15:00,0.0,0.0006979108,lstm
2020-12-12 00:30:00,0.0,-0.0018252283,lstm
2020-12-12 00:30:00,0.0,-0.0035572797,lstm
2020-12-12 00:30:00,0.0,-0.0019428879,lstm
2020-12-12 00:30:00,0.0,0.00071018934,lstm
2020-12-12 00:45:00,0.0,-0.0019139051,lstm
2020-12-12 00:45:00,0.0,-0.0035815388,lstm
2020-12-12 00:45:00,0.0,-0.0020459145,lstm
2020-12-12 00:45:00,0.0,0.00066417456,lstm
2020-12-12 01:00:00,0.0,-0.0018546432,lstm
2020-12-12 01:00:00,0.0,-0.0035117567,lstm
2020-12-12 01:00:00,0.0,-0.0019877404,lstm
2020-12-12 01:00:00,0.0,0.0006849617,lstm
2020-12-12 01:15:00,0.0,-0.0018083602,lstm
2020-12-12 01:15:00,0.0,-0.0034817457,lstm
2020-12-12 01:15:00,0.0,-0.001958266,lstm
2020-12-12 01:15:00,0.0,0.0006776601,lstm
2020-12-12 01:30:00,0.0,-0.0017729998,lstm
2020-12-12 01:30:00,0.0,-0.0034652948,lstm
2020-12-12 01:30:00,0.0,-0.0019449443,lstm
2020-12-12 01:30:00,0.0,0.0006650239,lstm
2020-12-12 01:45:00,0.0,-0.0018393099,lstm
2020-12-12 01:45:00,0.0,-0.003474325,lstm
2020-12-12 01:45:00,0.0,-0.0020322502,lstm
2020-12-12 01:45:00,0.0,0.0006136447,lstm
2020-12-12 02:00:00,0.0,-0.001774475,lstm
2020-12-12 02:00:00,0.0,-0.003411889,lstm
2020-12-12 02:00:00,0.0,-0.0019773245,lstm
2020-12-12 02:00:00,0.0,0.00061674416,lstm
2020-12-12 02:15:00,0.0,-0.0017369837,lstm
2020-12-12 02:15:00,0.0,-0.003393501,lstm
2020-12-12 02:15:00,0.0,-0.0019572973,lstm
2020-12-12 02:15:00,0.0,0.0006016642,lstm
2020-12-12 02:30:00,0.0,-0.0017077178,lstm
2020-12-12 02:30:00,0.0,-0.0033793896,lstm
2020-12-12 02:30:00,0.0,-0.0019497275,lstm
2020-12-12 02:30:00,0.0,0.00058721006,lstm
2020-12-12 02:45:00,0.0,-0.001738131,lstm
2020-12-12 02:45:00,0.0,-0.0033795834,lstm
2020-12-12 02:45:00,0.0,-0.002021566,lstm
2020-12-12 02:45:00,0.0,0.0005233735,lstm
2020-12-12 03:00:00,0.0,-0.0016750246,lstm
2020-12-12 03:00:00,0.0,-0.0033370554,lstm
2020-12-12 03:00:00,0.0,-0.0019833297,lstm
2020-12-12 03:00:00,0.0,0.0005058199,lstm
2020-12-12 03:15:00,0.0,-0.0016313344,lstm
2020-12-12 03:15:00,0.0,-0.0033272505,lstm
2020-12-12 03:15:00,0.0,-0.0019793808,lstm
2020-12-12 03:15:00,0.0,0.00047382712,lstm
2020-12-12 03:30:00,0.0,-0.0016011149,lstm
2020-12-12 03:30:00,0.0,-0.0033295304,lstm
2020-12-12 03:30:00,0.0,-0.0019869953,lstm
2020-12-12 03:30:00,0.0,0.0004454106,lstm
2020-12-12 03:45:00,0.0,-0.0016144663,lstm
2020-12-12 03:45:00,0.0,-0.003324613,lstm
2020-12-12 03:45:00,0.0,-0.0020433813,lstm
2020-12-12 03:45:00,0.0,0.00038467348,lstm
2020-12-12 04:00:00,0.0,-0.0015693754,lstm
2020-12-12 04:00:00,0.0,-0.003307879,lstm
2020-12-12 04:00:00,0.0,-0.0020290464,lstm
2020-12-12 04:00:00,0.0,0.00035630167,lstm
2020-12-12 04:15:00,0.0,-0.0015350133,lstm
2020-12-12 04:15:00,0.0,-0.0033171922,lstm
2020-12-12 04:15:00,0.0,-0.0020469278,lstm
2020-12-12 04:15:00,0.0,0.00031410158,lstm
2020-12-12 04:30:00,0.0,-0.0014976114,lstm
2020-12-12 04:30:00,0.0,-0.0033314526,lstm
2020-12-12 04:30:00,0.0,-0.0020724833,lstm
2020-12-12 04:30:00,0.0,0.0002695471,lstm
2020-12-12 04:45:00,0.0,-0.001499638,lstm
2020-12-12 04:45:00,0.0,-0.003334567,lstm
2020-12-12 04:45:00,0.0,-0.0021196902,lstm
2020-12-12 04:45:00,0.0,0.00021444261,lstm
2020-12-12 05:00:00,0.0,-0.0014587492,lstm
2020-12-12 05:00:00,0.0,-0.003356427,lstm
2020-12-12 05:00:00,0.0,-0.0021401942,lstm
2020-12-12 05:00:00,0.0,0.00015720725,lstm
2020-12-12 05:15:00,0.0,-0.0014258623,lstm
2020-12-12 05:15:00,0.0,-0.0033947378,lstm
2020-12-12 05:15:00,0.0,-0.002184987,lstm
2020-12-12 05:15:00,0.0,0.00010420382,lstm
2020-12-12 05:30:00,0.0,-0.0014034063,lstm
2020-12-12 05:30:00,0.0,-0.003434822,lstm
2020-12-12 05:30:00,0.0,-0.002227351,lstm
2020-12-12 05:30:00,0.0,6.8217516e-05,lstm
2020-12-12 05:45:00,0.0,-0.0014222115,lstm
2020-12-12 05:45:00,0.0,-0.0034503937,lstm
2020-12-12 05:45:00,0.0,-0.002268672,lstm
2020-12-12 05:45:00,0.0,4.9471855e-05,lstm
2020-12-12 06:00:00,0.0,-0.0014112145,lstm
2020-12-12 06:00:00,0.0,-0.0035123527,lstm
2020-12-12 06:00:00,0.0,-0.002320841,lstm
2020-12-12 06:00:00,0.0,7.107854e-06,lstm
2020-12-12 06:15:00,0.0,-0.0013908893,lstm
2020-12-12 06:15:00,0.0,-0.0035781711,lstm
2020-12-12 06:15:00,0.0,-0.00238432,lstm
2020-12-12 06:15:00,0.0,-1.8119812e-05,lstm
2020-12-12 06:30:00,0.0,-0.0013495982,lstm
2020-12-12 06:30:00,0.0,-0.003636092,lstm
2020-12-12 06:30:00,0.0,-0.0024460256,lstm
2020-12-12 06:30:00,0.0,-5.1677227e-05,lstm
2020-12-12 06:45:00,0.0,-0.0013471693,lstm
2020-12-12 06:45:00,0.0,-0.0036655217,lstm
2020-12-12 06:45:00,0.0,-0.0024672449,lstm
2020-12-12 06:45:00,0.0,-1.8253922e-05,lstm
2020-12-12 07:00:00,0.0,-0.0013339072,lstm
2020-12-12 07:00:00,0.0,-0.0037597418,lstm
2020-12-12 07:00:00,0.0,-0.0025278032,lstm
2020-12-12 07:00:00,0.0,-2.001226e-05,lstm
2020-12-12 07:15:00,0.0,-0.0013041496,lstm
2020-12-12 07:15:00,0.0,-0.0038551092,lstm
2020-12-12 07:15:00,0.0,-0.0025934577,lstm
2020-12-12 07:15:00,0.0,4.604459e-06,lstm
2020-12-12 07:30:00,0.0,-0.00125058,lstm
2020-12-12 07:30:00,0.0,-0.0039456785,lstm
2020-12-12 07:30:00,0.0,-0.0026587993,lstm
2020-12-12 07:30:00,0.0,1.770258e-05,lstm
2020-12-12 07:45:00,0.0,-0.0011905283,lstm
2020-12-12 07:45:00,0.0,-0.003968075,lstm
2020-12-12 07:45:00,0.0,-0.00263308,lstm
2020-12-12 07:45:00,0.0,0.0001604408,lstm
2020-12-12 08:00:00,0.0,-0.0011828095,lstm
2020-12-12 08:00:00,0.0,-0.004075587,lstm
2020-12-12 08:00:00,0.0,-0.0026390553,lstm
2020-12-12 08:00:00,0.0,0.000338614,lstm
2020-12-12 08:15:00,0.0,-0.0011030138,lstm
2020-12-12 08:15:00,0.0,-0.004207179,lstm
2020-12-12 08:15:00,0.0,-0.0026605576,lstm
2020-12-12 08:15:00,0.0,0.00053812563,lstm
2020-12-12 08:30:00,0.0,-0.0009549707,lstm
2020-12-12 08:30:00,0.0,-0.0043433905,lstm
2020-12-12 08:30:00,0.0,-0.0026368499,lstm
2020-12-12 08:30:00,0.0,0.0008933544,lstm
2020-12-12 08:45:00,0.0,-0.00075758994,lstm
2020-12-12 08:45:00,0.0,-0.004380271,lstm
2020-12-12 08:45:00,0.0,-0.0023935884,lstm
2020-12-12 08:45:00,0.001000002,0.001733765,lstm
2020-12-12 09:00:00,0.0,-0.00048334897,lstm
2020-12-12 09:00:00,0.0,-0.0044885427,lstm
2020-12-12 09:00:00,0.001000002,-0.001803577,lstm
2020-12-12 09:00:00,0.01440002,0.0037992746,lstm
2020-12-12 09:15:00,0.0,-5.8874488e-05,lstm
2020-12-12 09:15:00,0.001000002,-0.0041015,lstm
2020-12-12 09:15:00,0.014400005,0.00083217025,lstm
2020-12-12 09:15:00,0.0458,0.011419401,lstm
2020-12-12 09:30:00,0.001000002,4.4465065e-05,lstm
2020-12-12 09:30:00,0.01439999,0.0015530288,lstm
2020-12-12 09:30:00,0.0458,0.015786186,lstm
2020-12-12 09:30:00,0.097200006,0.044674456,lstm
2020-12-12 09:45:00,0.014400005,0.0011814684,lstm
2020-12-12 09:45:00,0.0458,0.014223307,lstm
2020-12-12 09:45:00,0.0972,0.04386045,lstm
2020-12-12 09:45:00,0.1524,0.095327996,lstm
2020-12-12 10:00:00,0.0458,0.02965793,lstm
2020-12-12 10:00:00,0.0972,0.06773476,lstm
2020-12-12 10:00:00,0.1524,0.13235924,lstm
2020-12-12 10:00:00,0.2884,0.21215865,lstm
2020-12-12 10:15:00,0.097200006,0.09137745,lstm
2020-12-12 10:15:00,0.1524,0.16053158,lstm
2020-12-12 10:15:00,0.2884,0.25651586,lstm
2020-12-12 10:15:00,0.4336,0.34353316,lstm
2020-12-12 10:30:00,0.1524,0.1773364,lstm
2020-12-12 10:30:00,0.2884,0.27036446,lstm
2020-12-12 10:30:00,0.4336,0.37295663,lstm
2020-12-12 10:30:00,0.4996,0.4499358,lstm
2020-12-12 10:45:00,0.2884,0.2606657,lstm
2020-12-12 10:45:00,0.4336,0.3551731,lstm
2020-12-12 10:45:00,0.4996,0.43344048,lstm
2020-12-12 10:45:00,0.5704,0.5032678,lstm
2020-12-12 11:00:00,0.4336,0.39043832,lstm
2020-12-12 11:00:00,0.4996,0.46545896,lstm
2020-12-12 11:00:00,0.5704,0.5227831,lstm
2020-12-12 11:00:00,0.637,0.5916707,lstm
2020-12-12 11:15:00,0.4996,0.48668957,lstm
2020-12-12 11:15:00,0.5704,0.54083276,lstm
2020-12-12 11:15:00,0.637,0.5930337,lstm
2020-12-12 11:15:00,0.597,0.64599365,lstm
2020-12-12 11:30:00,0.5704,0.55360746,lstm
2020-12-12 11:30:00,0.637,0.59313625,lstm
2020-12-12 11:30:00,0.597,0.6368246,lstm
2020-12-12 11:30:00,0.49660003,0.66764164,lstm
2020-12-12 11:45:00,0.637,0.61676246,lstm
2020-12-12 11:45:00,0.597,0.64279974,lstm
2020-12-12 11:45:00,0.49660003,0.6772254,lstm
2020-12-12 11:45:00,0.4264,0.69752276,lstm
2020-12-12 12:00:00,0.597,0.6640775,lstm
2020-12-12 12:00:00,0.4966,0.6837691,lstm
2020-12-12 12:00:00,0.4264,0.7090729,lstm
2020-12-12 12:00:00,0.3548,0.728101,lstm
2020-12-12 12:15:00,0.4966,0.58765996,lstm
2020-12-12 12:15:00,0.4264,0.6016623,lstm
2020-12-12 12:15:00,0.3548,0.6011622,lstm
2020-12-12 12:15:00,0.316,0.6043424,lstm
2020-12-12 12:30:00,0.4264,0.42066938,lstm
2020-12-12 12:30:00,0.3548,0.40761825,lstm
2020-12-12 12:30:00,0.316,0.39730436,lstm
2020-12-12 12:30:00,0.3102,0.389479,lstm
2020-12-12 12:45:00,0.3548,0.29277706,lstm
2020-12-12 12:45:00,0.316,0.2650025,lstm
2020-12-12 12:45:00,0.3102,0.2554581,lstm
2020-12-12 12:45:00,0.2942,0.26014096,lstm
2020-12-12 13:00:00,0.316,0.20259447,lstm
2020-12-12 13:00:00,0.3102,0.17809723,lstm
2020-12-12 13:00:00,0.2942,0.16591841,lstm
2020-12-12 13:00:00,0.2944,0.17123096,lstm
2020-12-12 13:15:00,0.3102,0.1646976,lstm
2020-12-12 13:15:00,0.2942,0.15130532,lstm
2020-12-12 13:15:00,0.2944,0.1380769,lstm
2020-12-12 13:15:00,0.2946,0.13867188,lstm
2020-12-12 13:30:00,0.2942,0.14989251,lstm
2020-12-12 13:30:00,0.2944,0.15088944,lstm
2020-12-12 13:30:00,0.2946,0.13648269,lstm
2020-12-12 13:30:00,0.2964,0.13946725,lstm
2020-12-12 13:45:00,0.2944,0.122241795,lstm
2020-12-12 13:45:00,0.2946,0.13125092,lstm
2020-12-12 13:45:00,0.2964,0.115747474,lstm
2020-12-12 13:45:00,0.3296,0.12050137,lstm
2020-12-12 14:00:00,0.2946,0.11583009,lstm
2020-12-12 14:00:00,0.2964,0.12745649,lstm
2020-12-12 14:00:00,0.3296,0.11160729,lstm
2020-12-12 14:00:00,0.419,0.11878983,lstm
2020-12-12 14:15:00,0.2964,0.107434824,lstm
2020-12-12 14:15:00,0.3296,0.11722799,lstm
2020-12-12 14:15:00,0.419,0.10276048,lstm
2020-12-12 14:15:00,0.424,0.10969783,lstm
2020-12-12 14:30:00,0.3296,0.10289141,lstm
2020-12-12 14:30:00,0.419,0.11086117,lstm
2020-12-12 14:30:00,0.424,0.098305464,lstm
2020-12-12 14:30:00,0.4242,0.10408726,lstm
2020-12-12 14:45:00,0.419,0.12659413,lstm
2020-12-12 14:45:00,0.424,0.14009465,lstm
2020-12-12 14:45:00,0.4242,0.12936245,lstm
2020-12-12 14:45:00,0.4262,0.13932398,lstm
2020-12-12 15:00:00,0.424,0.23311691,lstm
2020-12-12 15:00:00,0.4242,0.25544754,lstm
2020-12-12 15:00:00,0.4262,0.2633708,lstm
2020-12-12 15:00:00,0.3606,0.2572553,lstm
2020-12-12 15:15:00,0.4242,0.21869235,lstm
2020-12-12 15:15:00,0.4262,0.24370931,lstm
2020-12-12 15:15:00,0.3606,0.25959003,lstm
2020-12-12 15:15:00,0.3462,0.24880694,lstm
2020-12-12 15:30:00,0.4262,0.21558574,lstm
2020-12-12 15:30:00,0.3606,0.23446976,lstm
2020-12-12 15:30:00,0.3462,0.23909715,lstm
2020-12-12 15:30:00,0.3514,0.22498582,lstm
2020-12-12 15:45:00,0.3606,0.23847704,lstm
2020-12-12 15:45:00,0.3462,0.25156558,lstm
2020-12-12 15:45:00,0.3514,0.24248874,lstm
2020-12-12 15:45:00,0.4002,0.22544882,lstm
2020-12-12 16:00:00,0.3462,0.23561324,lstm
2020-12-12 16:00:00,0.3514,0.22445951,lstm
2020-12-12 16:00:00,0.4002,0.19582456,lstm
2020-12-12 16:00:00,0.44840002,0.17813492,lstm
2020-12-12 16:15:00,0.3514,0.23041238,lstm
2020-12-12 16:15:00,0.4002,0.20799096,lstm
2020-12-12 16:15:00,0.44840002,0.16521037,lstm
2020-12-12 16:15:00,0.45100003,0.14491874,lstm
2020-12-12 16:30:00,0.4002,0.22936234,lstm
2020-12-12 16:30:00,0.4484,0.20548807,lstm
2020-12-12 16:30:00,0.45100003,0.15726472,lstm
2020-12-12 16:30:00,0.34400004,0.13053188,lstm
2020-12-12 16:45:00,0.4484,0.17948425,lstm
2020-12-12 16:45:00,0.451,0.17728439,lstm
2020-12-12 16:45:00,0.344,0.1344532,lstm
2020-12-12 16:45:00,0.2006,0.108427465,lstm
2020-12-12 17:00:00,0.451,0.16128033,lstm
2020-12-12 17:00:00,0.344,0.16989109,lstm
2020-12-12 17:00:00,0.2006,0.1269888,lstm
2020-12-12 17:00:00,0.123799995,0.09871237,lstm
2020-12-12 17:15:00,0.34399998,0.15334184,lstm
2020-12-12 17:15:00,0.2006,0.14186727,lstm
2020-12-12 17:15:00,0.1238,0.08266909,lstm
2020-12-12 17:15:00,0.0682,0.051066846,lstm
2020-12-12 17:30:00,0.2006,0.1455839,lstm
2020-12-12 17:30:00,0.1238,0.09983292,lstm
2020-12-12 17:30:00,0.0682,0.036964238,lstm
2020-12-12 17:30:00,0.020600006,0.016530082,lstm
2020-12-12 17:45:00,0.123799995,0.120803274,lstm
2020-12-12 17:45:00,0.0682,0.056090206,lstm
2020-12-12 17:45:00,0.020600006,0.009960994,lstm
2020-12-12 17:45:00,0.001000002,-0.0013440996,lstm
2020-12-12 18:00:00,0.0682,0.07054448,lstm
2020-12-12 18:00:00,0.020600006,0.018415794,lstm
2020-12-12 18:00:00,0.001000002,-0.0066705346,lstm
2020-12-12 18:00:00,0.0,-0.009475544,lstm
2020-12-12 18:15:00,0.020600006,0.041656032,lstm
2020-12-12 18:15:00,0.001000002,0.0036426038,lstm
2020-12-12 18:15:00,0.0,-0.009603724,lstm
2020-12-12 18:15:00,0.0,-0.009048685,lstm
2020-12-12 18:30:00,0.001000002,0.023559079,lstm
2020-12-12 18:30:00,0.0,-0.0022133887,lstm
2020-12-12 18:30:00,0.0,-0.008862704,lstm
2020-12-12 18:30:00,0.0,-0.0067708194,lstm
2020-12-12 18:45:00,0.0,0.011798859,lstm
2020-12-12 18:45:00,0.0,-0.0037070662,lstm
2020-12-12 18:45:00,0.0,-0.005946249,lstm
2020-12-12 18:45:00,0.0,-0.0038703084,lstm
2020-12-12 19:00:00,0.0,0.0042887777,lstm
2020-12-12 19:00:00,0.0,-0.003932208,lstm
2020-12-12 19:00:00,0.0,-0.0037804246,lstm
2020-12-12 19:00:00,0.0,-0.001630649,lstm
2020-12-12 19:15:00,0.0,0.0015115142,lstm
2020-12-12 19:15:00,0.0,-0.003670007,lstm
2020-12-12 19:15:00,0.0,-0.0025385022,lstm
2020-12-12 19:15:00,0.0,-0.00054462254,lstm
2020-12-12 19:30:00,0.0,0.0002347529,lstm
2020-12-12 19:30:00,0.0,-0.0035486817,lstm
2020-12-12 19:30:00,0.0,-0.001889661,lstm
2020-12-12 19:30:00,0.0,-0.00011141598,lstm
2020-12-12 19:45:00,0.0,-0.00041347742,lstm
2020-12-12 19:45:00,0.0,-0.0035966486,lstm
2020-12-12 19:45:00,0.0,-0.001707539,lstm
2020-12-12 19:45:00,0.0,4.9442053e-05,lstm
2020-12-12 20:00:00,0.0,-0.00070539117,lstm
2020-12-12 20:00:00,0.0,-0.0035918057,lstm
2020-12-12 20:00:00,0.0,-0.001638174,lstm
2020-12-12 20:00:00,0.0,0.00014746189,lstm
2020-12-12 20:15:00,0.0,-0.0008723438,lstm
2020-12-12 20:15:00,0.0,-0.0035799295,lstm
2020-12-12 20:15:00,0.0,-0.0015897751,lstm
2020-12-12 20:15:00,0.0,0.00021757185,lstm
2020-12-12 20:30:00,0.0,-0.0009936839,lstm
2020-12-12 20:30:00,0.0,-0.003585443,lstm
2020-12-12 20:30:00,0.0,-0.0015538484,lstm
2020-12-12 20:30:00,0.0,0.000255242,lstm
2020-12-12 20:45:00,0.0,-0.0011516511,lstm
2020-12-12 20:45:00,0.0,-0.0037023276,lstm
2020-12-12 20:45:00,0.0,-0.0016733408,lstm
2020-12-12 20:45:00,0.0,0.00022831559,lstm
2020-12-12 21:00:00,0.0,-0.0012494326,lstm
2020-12-12 21:00:00,0.0,-0.0037092268,lstm
2020-12-12 21:00:00,0.0,-0.0016797036,lstm
2020-12-12 21:00:00,0.0,0.00029458106,lstm
2020-12-12 21:15:00,0.0,-0.0012967288,lstm
2020-12-12 21:15:00,0.0,-0.0036897361,lstm
2020-12-12 21:15:00,0.0,-0.0016577095,lstm
2020-12-12 21:15:00,0.0,0.00035513937,lstm
2020-12-12 21:30:00,0.0,-0.0013278276,lstm
2020-12-12 21:30:00,0.0,-0.0036916286,lstm
2020-12-12 21:30:00,0.0,-0.001652211,lstm
2020-12-12 21:30:00,0.0,0.00037448108,lstm
2020-12-12 21:45:00,0.0,-0.0014326572,lstm
2020-12-12 21:45:00,0.0,-0.0037825108,lstm
2020-12-12 21:45:00,0.0,-0.0017941892,lstm
2020-12-12 21:45:00,0.0,0.00033804774,lstm
2020-12-12 22:00:00,0.0,-0.0014589727,lstm
2020-12-12 22:00:00,0.0,-0.0037480146,lstm
2020-12-12 22:00:00,0.0,-0.0017862469,lstm
2020-12-12 22:00:00,0.0,0.0004017502,lstm
2020-12-12 22:15:00,0.0,-0.0014705062,lstm
2020-12-12 22:15:00,0.0,-0.0037142187,lstm
2020-12-12 22:15:00,0.0,-0.001759395,lstm
2020-12-12 22:15:00,0.0,0.00045596063,lstm
2020-12-12 22:30:00,0.0,-0.001469776,lstm
2020-12-12 22:30:00,0.0,-0.0036754757,lstm
2020-12-12 22:30:00,0.0,-0.001733616,lstm
2020-12-12 22:30:00,0.0,0.0004994571,lstm
2020-12-12 22:45:00,0.0,-0.0015644729,lstm
2020-12-12 22:45:00,0.0,-0.003730461,lstm
2020-12-12 22:45:00,0.0,-0.0018534213,lstm
2020-12-12 22:45:00,0.0,0.00047409534,lstm
2020-12-12 23:00:00,0.0,-0.0015699565,lstm
2020-12-12 23:00:00,0.0,-0.0036775768,lstm
2020-12-12 23:00:00,0.0,-0.0018165559,lstm
2020-12-12 23:00:00,0.0,0.0005404204,lstm
2020-12-12 23:15:00,0.0,-0.0015673935,lstm
2020-12-12 23:15:00,0.0,-0.0036382228,lstm
2020-12-12 23:15:00,0.0,-0.0017901212,lstm
2020-12-12 23:15:00,0.0,0.0005822927,lstm
2020-12-12 23:30:00,0.0,-0.0015637279,lstm
2020-12-12 23:30:00,0.0,-0.003605023,lstm
2020-12-12 23:30:00,0.0,-0.0017651767,lstm
2020-12-12 23:30:00,0.0,0.00061906874,lstm
2020-12-12 23:45:00,0.0,-0.0016523898,lstm
2020-12-12 23:45:00,0.0,-0.0036465675,lstm
2020-12-12 23:45:00,0.0,-0.0018754452,lstm
2020-12-12 23:45:00,0.0,0.00057964027,lstm
2020-12-13 00:00:00,0.0,-0.0016394407,lstm
2020-12-13 00:00:00,0.0,-0.0035867095,lstm
2020-12-13 00:00:00,0.0,-0.0018201917,lstm
2020-12-13 00:00:00,0.0,0.00063098967,lstm
2020-12-13 00:15:00,0.0,-0.0016204864,lstm
2020-12-13 00:15:00,0.0,-0.0035481304,lstm
2020-12-13 00:15:00,0.0,-0.0017923266,lstm
2020-12-13 00:15:00,0.0,0.0006492436,lstm
2020-12-13 00:30:00,0.0,-0.0016114563,lstm
2020-12-13 00:30:00,0.0,-0.003530383,lstm
2020-12-13 00:30:00,0.0,-0.0017761737,lstm
2020-12-13 00:30:00,0.0,0.0006621033,lstm
2020-12-13 00:45:00,0.0,-0.0016748011,lstm
2020-12-13 00:45:00,0.0,-0.0035654306,lstm
2020-12-13 00:45:00,0.0,-0.0018783957,lstm
2020-12-13 00:45:00,0.0,0.00059966743,lstm
2020-12-13 01:00:00,0.0,-0.0016471446,lstm
2020-12-13 01:00:00,0.0,-0.003511265,lstm
2020-12-13 01:00:00,0.0,-0.001840815,lstm
2020-12-13 01:00:00,0.0,0.00062033534,lstm
2020-12-13 01:15:00,0.0,-0.0016206354,lstm
2020-12-13 01:15:00,0.0,-0.0034809709,lstm
2020-12-13 01:15:00,0.0,-0.0018064976,lstm
2020-12-13 01:15:00,0.0,0.00063306093,lstm
2020-12-13 01:30:00,0.0,-0.0016049445,lstm
2020-12-13 01:30:00,0.0,-0.0034665763,lstm
2020-12-13 01:30:00,0.0,-0.0017811507,lstm
2020-12-13 01:30:00,0.0,0.0006342977,lstm
2020-12-13 01:45:00,0.0,-0.0016532689,lstm
2020-12-13 01:45:00,0.0,-0.0035004318,lstm
2020-12-13 01:45:00,0.0,-0.0018795878,lstm
2020-12-13 01:45:00,0.0,0.0005402267,lstm
2020-12-13 02:00:00,0.0,-0.0016195327,lstm
2020-12-13 02:00:00,0.0,-0.0034626722,lstm
2020-12-13 02:00:00,0.0,-0.0018590242,lstm
2020-12-13 02:00:00,0.0,0.00052313507,lstm
2020-12-13 02:15:00,0.0,-0.0015952438,lstm
2020-12-13 02:15:00,0.0,-0.0034612566,lstm
2020-12-13 02:15:00,0.0,-0.0018652976,lstm
2020-12-13 02:15:00,0.0,0.0004950017,lstm
2020-12-13 02:30:00,0.0,-0.0015748441,lstm
2020-12-13 02:30:00,0.0,-0.0034568757,lstm
2020-12-13 02:30:00,0.0,-0.0018697977,lstm
2020-12-13 02:30:00,0.0,0.00047664344,lstm
2020-12-13 02:45:00,0.0,-0.001602307,lstm
2020-12-13 02:45:00,0.0,-0.0034793913,lstm
2020-12-13 02:45:00,0.0,-0.0019566864,lstm
2020-12-13 02:45:00,0.0,0.0003810525,lstm
2020-12-13 03:00:00,0.0,-0.0015706122,lstm
2020-12-13 03:00:00,0.0,-0.0034644455,lstm
2020-12-13 03:00:00,0.0,-0.0019476861,lstm
2020-12-13 03:00:00,0.0,0.00034154952,lstm
2020-12-13 03:15:00,0.0,-0.0015411824,lstm
2020-12-13 03:15:00,0.0,-0.0034719557,lstm
2020-12-13 03:15:00,0.0,-0.001957953,lstm
2020-12-13 03:15:00,0.0,0.0002991259,lstm
2020-12-13 03:30:00,0.0,-0.0015192926,lstm
2020-12-13 03:30:00,0.0,-0.0034850687,lstm
2020-12-13 03:30:00,0.0,-0.0019856095,lstm
2020-12-13 03:30:00,0.0,0.00025638938,lstm
2020-12-13 03:45:00,0.0,-0.0015364289,lstm
2020-12-13 03:45:00,0.0,-0.0035101026,lstm
2020-12-13 03:45:00,0.0,-0.0020560175,lstm
2020-12-13 03:45:00,0.0,0.00016233325,lstm
2020-12-13 04:00:00,0.0,-0.0015108138,lstm
2020-12-13 04:00:00,0.0,-0.0035216957,lstm
2020-12-13 04:00:00,0.0,-0.0020598322,lstm
2020-12-13 04:00:00,0.0,0.00010049343,lstm
2020-12-13 04:15:00,0.0,-0.0014794767,lstm
2020-12-13 04:15:00,0.0,-0.0035523176,lstm
2020-12-13 04:15:00,0.0,-0.0020892918,lstm
2020-12-13 04:15:00,0.0,3.145635e-05,lstm
2020-12-13 04:30:00,0.0,-0.0014527887,lstm
2020-12-13 04:30:00,0.0,-0.0035860986,lstm
2020-12-13 04:30:00,0.0,-0.0021152347,lstm
2020-12-13 04:30:00,0.0,-2.5704503e-05,lstm
2020-12-13 04:45:00,0.0,-0.0014749467,lstm
2020-12-13 04:45:00,0.0,-0.0036345124,lstm
2020-12-13 04:45:00,0.0,-0.0021882504,lstm
2020-12-13 04:45:00,0.0,-0.00014273822,lstm
2020-12-13 05:00:00,0.0,-0.00146088,lstm
2020-12-13 05:00:00,0.0,-0.003699407,lstm
2020-12-13 05:00:00,0.0,-0.0022354573,lstm
2020-12-13 05:00:00,0.0,-0.00025255978,lstm
2020-12-13 05:15:00,0.0,-0.001428917,lstm
2020-12-13 05:15:00,0.0,-0.003774479,lstm
2020-12-13 05:15:00,0.0,-0.0022926629,lstm
2020-12-13 05:15:00,0.0,-0.000350371,lstm
2020-12-13 05:30:00,0.0,-0.0013904572,lstm
2020-12-13 05:30:00,0.0,-0.0038408637,lstm
2020-12-13 05:30:00,0.0,-0.0023514777,lstm
2020-12-13 05:30:00,0.0,-0.00043433905,lstm
2020-12-13 05:45:00,0.0,-0.0013927221,lstm
2020-12-13 05:45:00,0.0,-0.0039010197,lstm
2020-12-13 05:45:00,0.0,-0.0024135113,lstm
2020-12-13 05:45:00,0.0,-0.0005213469,lstm
2020-12-13 06:00:00,0.0,-0.0013640821,lstm
2020-12-13 06:00:00,0.0,-0.003993213,lstm
2020-12-13 06:00:00,0.0,-0.002462715,lstm
2020-12-13 06:00:00,0.0,-0.000596419,lstm
2020-12-13 06:15:00,0.0,-0.0012967587,lstm
2020-12-13 06:15:00,0.0,-0.0040773153,lstm
2020-12-13 06:15:00,0.0,-0.0025175512,lstm
2020-12-13 06:15:00,0.0,-0.0006521344,lstm
2020-12-13 06:30:00,0.0,-0.0012204796,lstm
2020-12-13 06:30:00,0.0,-0.004159555,lstm
2020-12-13 06:30:00,0.0,-0.0025710166,lstm
2020-12-13 06:30:00,0.0,-0.0006944686,lstm
2020-12-13 06:45:00,0.0,-0.0011798441,lstm
2020-12-13 06:45:00,0.0,-0.004202798,lstm
2020-12-13 06:45:00,0.0,-0.002560228,lstm
2020-12-13 06:45:00,0.0,-0.0006547719,lstm
2020-12-13 07:00:00,0.0,-0.0011107922,lstm
2020-12-13 07:00:00,0.0,-0.004304081,lstm
2020-12-13 07:00:00,0.0,-0.0025452077,lstm
2020-12-13 07:00:00,0.0,-0.00060500205,lstm
2020-12-13 07:15:00,0.0,-0.0009846389,lstm
2020-12-13 07:15:00,0.0,-0.004415542,lstm
2020-12-13 07:15:00,0.0,-0.002569005,lstm
2020-12-13 07:15:00,0.0,-0.00053834915,lstm
2020-12-13 07:30:00,0.0,-0.00082056224,lstm
2020-12-13 07:30:00,0.0,-0.0045157224,lstm
2020-12-13 07:30:00,0.0,-0.0025645494,lstm
2020-12-13 07:30:00,0.0,-0.00043964386,lstm
2020-12-13 07:45:00,0.0,-0.0006529987,lstm
2020-12-13 07:45:00,0.0,-0.0045295805,lstm
2020-12-13 07:45:00,0.0,-0.0024281144,lstm
2020-12-13 07:45:00,0.0,-0.00012199581,lstm
2020-12-13 08:00:00,0.0,-0.00046177208,lstm
2020-12-13 08:00:00,0.0,-0.004609108,lstm
2020-12-13 08:00:00,0.0,-0.002272457,lstm
2020-12-13 08:00:00,0.0,0.00028000772,lstm
2020-12-13 08:15:00,0.0,-0.00020074844,lstm
2020-12-13 08:15:00,0.0,-0.004693553,lstm
2020-12-13 08:15:00,0.0,-0.00206469,lstm
2020-12-13 08:15:00,0.0,0.0008198619,lstm
2020-12-13 08:30:00,0.0,0.00013513863,lstm
2020-12-13 08:30:00,0.0,-0.00482437,lstm
2020-12-13 08:30:00,0.0,-0.0019206703,lstm
2020-12-13 08:30:00,0.0,0.0014216304,lstm
2020-12-13 08:45:00,0.0,0.0005454123,lstm
2020-12-13 08:45:00,0.0,-0.0047445297,lstm
2020-12-13 08:45:00,0.0,-0.0014518797,lstm
2020-12-13 08:45:00,0.00059999526,0.0026163459,lstm
2020-12-13 09:00:00,0.0,0.0010001361,lstm
2020-12-13 09:00:00,0.0,-0.0046149194,lstm
2020-12-13 09:00:00,0.00059999526,-0.00052173436,lstm
2020-12-13 09:00:00,0.012799993,0.004918799,lstm
2020-12-13 09:15:00,0.0,0.0017051846,lstm
2020-12-13 09:15:00,0.00059999526,-0.004013419,lstm
2020-12-13 09:15:00,0.012799993,0.0021155179,lstm
2020-12-13 09:15:00,0.0626,0.0112326,lstm
2020-12-13 09:30:00,0.00059999526,0.0025220662,lstm
2020-12-13 09:30:00,0.012800008,0.0004556924,lstm
2020-12-13 09:30:00,0.0626,0.014799446,lstm
2020-12-13 09:30:00,0.122,0.03861341,lstm
2020-12-13 09:45:00,0.012799993,0.0026472956,lstm
2020-12-13 09:45:00,0.0626,0.015200868,lstm
2020-12-13 09:45:00,0.122,0.047905684,lstm
2020-12-13 09:45:00,0.1866,0.10066965,lstm
2020-12-13 10:00:00,0.0626,0.034424216,lstm
2020-12-13 10:00:00,0.121999994,0.079721384,lstm
2020-12-13 10:00:00,0.1866,0.15529646,lstm
2020-12-13 10:00:00,0.327,0.24519107,lstm
2020-12-13 10:15:00,0.122,0.14802644,lstm
2020-12-13 10:15:00,0.1866,0.22879149,lstm
2020-12-13 10:15:00,0.327,0.34267762,lstm
2020-12-13 10:15:00,0.477,0.4338716,lstm
2020-12-13 10:30:00,0.1866,0.2472376,lstm
2020-12-13 10:30:00,0.327,0.34504312,lstm
2020-12-13 10:30:00,0.477,0.44618845,lstm
2020-12-13 10:30:00,0.3908,0.51631683,lstm
2020-12-13 10:45:00,0.327,0.33140486,lstm
2020-12-13 10:45:00,0.477,0.4212024,lstm
2020-12-13 10:45:00,0.3908,0.4897474,lstm
2020-12-13 10:45:00,0.6004,0.553017,lstm
2020-12-13 11:00:00,0.477,0.44285175,lstm
2020-12-13 11:00:00,0.3908,0.5131047,lstm
2020-12-13 11:00:00,0.6004,0.5697256,lstm
2020-12-13 11:00:00,0.6576,0.6297907,lstm
2020-12-13 11:15:00,0.3908,0.5325422,lstm
2020-12-13 11:15:00,0.6004,0.5815911,lstm
2020-12-13 11:15:00,0.6576,0.6363487,lstm
2020-12-13 11:15:00,0.6958,0.6779345,lstm
2020-12-13 11:30:00,0.6004,0.44585362,lstm
2020-12-13 11:30:00,0.6576,0.5043348,lstm
2020-12-13 11:30:00,0.6958,0.5294178,lstm
2020-12-13 11:30:00,0.7278,0.55049443,lstm
2020-12-13 11:45:00,0.6576,0.6347314,lstm
2020-12-13 11:45:00,0.69579995,0.65567094,lstm
2020-12-13 11:45:00,0.7278,0.68819654,lstm
2020-12-13 11:45:00,0.7532,0.7134491,lstm
2020-12-13 12:00:00,0.6958,0.67985404,lstm
2020-12-13 12:00:00,0.7278,0.70578563,lstm
2020-12-13 12:00:00,0.7532,0.72911936,lstm
2020-12-13 12:00:00,0.7764,0.752102,lstm
2020-12-13 12:15:00,0.7278,0.7111469,lstm
2020-12-13 12:15:00,0.75319993,0.7362206,lstm
2020-12-13 12:15:00,0.7764,0.7535075,lstm
2020-12-13 12:15:00,0.79520005,0.7745796,lstm
2020-12-13 12:30:00,0.7532,0.7281889,lstm
2020-12-13 12:30:00,0.77639997,0.7495413,lstm
2020-12-13 12:30:00,0.7952,0.76061046,lstm
2020-12-13 12:30:00,0.8128,0.77763766,lstm
2020-12-13 12:45:00,0.7764,0.7338451,lstm
2020-12-13 12:45:00,0.7952,0.74674714,lstm
2020-12-13 12:45:00,0.8128,0.7505466,lstm
2020-12-13 12:45:00,0.827,0.7605242,lstm
2020-12-13 13:00:00,0.7952,0.7352863,lstm
2020-12-13 13:00:00,0.81279993,0.7390505,lstm
2020-12-13 13:00:00,0.827,0.7381375,lstm
2020-12-13 13:00:00,0.8392,0.7405216,lstm
2020-12-13 13:15:00,0.8128,0.73486906,lstm
2020-12-13 13:15:00,0.827,0.7307261,lstm
2020-12-13 13:15:00,0.8392,0.7273962,lstm
2020-12-13 13:15:00,0.8088,0.72271943,lstm
2020-12-13 13:30:00,0.82699996,0.7516068,lstm
2020-12-13 13:30:00,0.8392,0.7429621,lstm
2020-12-13 13:30:00,0.8088,0.7400385,lstm
2020-12-13 13:30:00,0.685,0.7344881,lstm
2020-12-13 13:45:00,0.8392,0.78363276,lstm
2020-12-13 13:45:00,0.8088,0.77294743,lstm
2020-12-13 13:45:00,0.68499994,0.7703645,lstm
2020-12-13 13:45:00,0.6876,0.76938695,lstm
2020-12-13 14:00:00,0.8088,0.80040705,lstm
2020-12-13 14:00:00,0.685,0.78985953,lstm
2020-12-13 14:00:00,0.6876,0.7888608,lstm
2020-12-13 14:00:00,0.7966,0.78949165,lstm
2020-12-13 14:15:00,0.685,0.738688,lstm
2020-12-13 14:15:00,0.6876,0.7216885,lstm
2020-12-13 14:15:00,0.7966,0.7117074,lstm
2020-12-13 14:15:00,0.8026,0.7034809,lstm
2020-12-13 14:30:00,0.6876,0.5563554,lstm
2020-12-13 14:30:00,0.7966,0.53951323,lstm
2020-12-13 14:30:00,0.80259997,0.51161313,lstm
2020-12-13 14:30:00,0.774,0.49853754,lstm
2020-12-13 14:45:00,0.7966,0.6001024,lstm
2020-12-13 14:45:00,0.8026,0.57265526,lstm
2020-12-13 14:45:00,0.774,0.5522541,lstm
2020-12-13 14:45:00,0.745,0.55522346,lstm
2020-12-13 15:00:00,0.8026,0.66738,lstm
2020-12-13 15:00:00,0.7739999,0.65296495,lstm
2020-12-13 15:00:00,0.745,0.62402225,lstm
2020-12-13 15:00:00,0.7156,0.617998,lstm
2020-12-13 15:15:00,0.774,0.5882656,lstm
2020-12-13 15:15:00,0.745,0.58227384,lstm
2020-12-13 15:15:00,0.7156,0.5385559,lstm
2020-12-13 15:15:00,0.673,0.52342206,lstm
2020-12-13 15:30:00,0.745,0.68575895,lstm
2020-12-13 15:30:00,0.7156,0.67519486,lstm
2020-12-13 15:30:00,0.673,0.64662343,lstm
2020-12-13 15:30:00,0.6292,0.6272389,lstm
2020-12-13 15:45:00,0.7156,0.5509814,lstm
2020-12-13 15:45:00,0.673,0.51096165,lstm
2020-12-13 15:45:00,0.6292,0.44786716,lstm
2020-12-13 15:45:00,0.5784,0.40612411,lstm
2020-12-13 16:00:00,0.673,0.49355704,lstm
2020-12-13 16:00:00,0.6292,0.44289684,lstm
2020-12-13 16:00:00,0.5784,0.37556908,lstm
2020-12-13 16:00:00,0.5218,0.3227658,lstm
2020-12-13 16:15:00,0.6292,0.41255146,lstm
2020-12-13 16:15:00,0.5784,0.35935265,lstm
2020-12-13 16:15:00,0.5218,0.29675254,lstm
2020-12-13 16:15:00,0.4414,0.24397606,lstm
2020-12-13 16:30:00,0.5784,0.31409198,lstm
2020-12-13 16:30:00,0.5218,0.26372537,lstm
2020-12-13 16:30:00,0.4414,0.20213093,lstm
2020-12-13 16:30:00,0.3126,0.16575287,lstm
2020-12-13 16:45:00,0.5218,0.22425263,lstm
2020-12-13 16:45:00,0.4414,0.18322293,lstm
2020-12-13 16:45:00,0.3126,0.12157209,lstm
2020-12-13 16:45:00,0.1784,0.104015715,lstm
2020-12-13 17:00:00,0.4414,0.16100636,lstm
2020-12-13 17:00:00,0.3126,0.13339089,lstm
2020-12-13 17:00:00,0.1784,0.0727722,lstm
2020-12-13 17:00:00,0.1102,0.06858033,lstm
2020-12-13 17:15:00,0.3126,0.13356753,lstm
2020-12-13 17:15:00,0.1784,0.11250952,lstm
2020-12-13 17:15:00,0.1102,0.050926358,lstm
2020-12-13 17:15:00,0.056799993,0.055772126,lstm
2020-12-13 17:30:00,0.1784,0.097462915,lstm
2020-12-13 17:30:00,0.1102,0.069999926,lstm
2020-12-13 17:30:00,0.056799993,0.024904415,lstm
2020-12-13 17:30:00,0.018600002,0.033310473,lstm
2020-12-13 17:45:00,0.110199995,0.053410813,lstm
2020-12-13 17:45:00,0.056800008,0.020647496,lstm
2020-12-13 17:45:00,0.018600002,0.0018936843,lstm
2020-12-13 17:45:00,0.0013999939,0.0017644763,lstm
2020-12-13 18:00:00,0.056800008,0.035432294,lstm
2020-12-13 18:00:00,0.018600002,0.0036346316,lstm
2020-12-13 18:00:00,0.0013999939,-0.0056667626,lstm
2020-12-13 18:00:00,0.0,-0.00839223,lstm
2020-12-13 18:15:00,0.018600002,0.025343806,lstm
2020-12-13 18:15:00,0.0013999939,-0.0012293607,lstm
2020-12-13 18:15:00,0.0,-0.0073848814,lstm
2020-12-13 18:15:00,0.0,-0.0078442395,lstm
2020-12-13 18:30:00,0.0013999939,0.020355642,lstm
2020-12-13 18:30:00,0.0,-0.0020809472,lstm
2020-12-13 18:30:00,0.0,-0.007440388,lstm
2020-12-13 18:30:00,0.0,-0.0056570023,lstm
2020-12-13 18:45:00,0.0,0.010408536,lstm
2020-12-13 18:45:00,0.0,-0.0031329095,lstm
2020-12-13 18:45:00,0.0,-0.00495784,lstm
2020-12-13 18:45:00,0.0,-0.003099963,lstm
2020-12-13 19:00:00,0.0,0.0037506819,lstm
2020-12-13 19:00:00,0.0,-0.0032901764,lstm
2020-12-13 19:00:00,0.0,-0.0030690432,lstm
2020-12-13 19:00:00,0.0,-0.001048103,lstm
2020-12-13 19:15:00,0.0,0.0013165772,lstm
2020-12-13 19:15:00,0.0,-0.0032410175,lstm
2020-12-13 19:15:00,0.0,-0.0021211058,lstm
2020-12-13 19:15:00,0.0,-0.00015871227,lstm
2020-12-13 19:30:00,0.0,0.0002181232,lstm
2020-12-13 19:30:00,0.0,-0.0032518357,lstm
2020-12-13 19:30:00,0.0,-0.0016464144,lstm
2020-12-13 19:30:00,0.0,0.000113874674,lstm
2020-12-13 19:45:00,0.0,-0.00036533177,lstm
2020-12-13 19:45:00,0.0,-0.0033674687,lstm
2020-12-13 19:45:00,0.0,-0.0015539974,lstm
2020-12-13 19:45:00,0.0,0.00019045174,lstm
2020-12-13 20:00:00,0.0,-0.00070641935,lstm
2020-12-13 20:00:00,0.0,-0.003427282,lstm
2020-12-13 20:00:00,0.0,-0.0015016645,lstm
2020-12-13 20:00:00,0.0,0.0002629608,lstm
2020-12-13 20:15:00,0.0,-0.00088982284,lstm
2020-12-13 20:15:00,0.0,-0.00346227,lstm
2020-12-13 20:15:00,0.0,-0.0014718473,lstm
2020-12-13 20:15:00,0.0,0.00029577315,lstm
2020-12-13 20:30:00,0.0,-0.0009908974,lstm
2020-12-13 20:30:00,0.0,-0.003488019,lstm
2020-12-13 20:30:00,0.0,-0.0014596134,lstm
2020-12-13 20:30:00,0.0,0.0003081411,lstm
2020-12-13 20:45:00,0.0,-0.0011200607,lstm
2020-12-13 20:45:00,0.0,-0.0036092103,lstm
2020-12-13 20:45:00,0.0,-0.0015988052,lstm
2020-12-13 20:45:00,0.0,0.00026728213,lstm
2020-12-13 21:00:00,0.0,-0.0011965781,lstm
2020-12-13 21:00:00,0.0,-0.0036321282,lstm
2020-12-13 21:00:00,0.0,-0.0016192645,lstm
2020-12-13 21:00:00,0.0,0.00030340254,lstm
2020-12-13 21:15:00,0.0,-0.0012363195,lstm
2020-12-13 21:15:00,0.0,-0.0036315024,lstm
2020-12-13 21:15:00,0.0,-0.0016233474,lstm
2020-12-13 21:15:00,0.0,0.0003324151,lstm
2020-12-13 21:30:00,0.0,-0.0012617856,lstm
2020-12-13 21:30:00,0.0,-0.003626302,lstm
2020-12-13 21:30:00,0.0,-0.0016153753,lstm
2020-12-13 21:30:00,0.0,0.0003617555,lstm
2020-12-13 21:45:00,0.0,-0.0013741404,lstm
2020-12-13 21:45:00,0.0,-0.003719896,lstm
2020-12-13 21:45:00,0.0,-0.0017588437,lstm
2020-12-13 21:45:00,0.0,0.00033174455,lstm
2020-12-13 22:00:00,0.0,-0.0014191419,lstm
2020-12-13 22:00:00,0.0,-0.0037033856,lstm
2020-12-13 22:00:00,0.0,-0.001744926,lstm
2020-12-13 22:00:00,0.0,0.00039619207,lstm
2020-12-13 22:15:00,0.0,-0.0014408827,lstm
2020-12-13 22:15:00,0.0,-0.0036741942,lstm
2020-12-13 22:15:00,0.0,-0.0017220974,lstm
2020-12-13 22:15:00,0.0,0.0004441887,lstm
2020-12-13 22:30:00,0.0,-0.0014571398,lstm
2020-12-13 22:30:00,0.0,-0.0036554188,lstm
2020-12-13 22:30:00,0.0,-0.0016988069,lstm
2020-12-13 22:30:00,0.0,0.00048162043,lstm
2020-12-13 22:45:00,0.0,-0.0015570819,lstm
2020-12-13 22:45:00,0.0,-0.0037200004,lstm
2020-12-13 22:45:00,0.0,-0.0018274337,lstm
2020-12-13 22:45:00,0.0,0.0004466772,lstm
2020-12-13 23:00:00,0.0,-0.001563549,lstm
2020-12-13 23:00:00,0.0,-0.0036718696,lstm
2020-12-13 23:00:00,0.0,-0.0017896593,lstm
2020-12-13 23:00:00,0.0,0.0005119592,lstm
2020-12-13 23:15:00,0.0,-0.0015587956,lstm
2020-12-13 23:15:00,0.0,-0.0036328733,lstm
2020-12-13 23:15:00,0.0,-0.0017570853,lstm
2020-12-13 23:15:00,0.0,0.0005530268,lstm
2020-12-13 23:30:00,0.0,-0.0015495569,lstm
2020-12-13 23:30:00,0.0,-0.0036013871,lstm
2020-12-13 23:30:00,0.0,-0.0017322153,lstm
2020-12-13 23:30:00,0.0,0.0005836487,lstm
2020-12-13 23:45:00,0.0,-0.0016282201,lstm
2020-12-13 23:45:00,0.0,-0.0036475658,lstm
2020-12-13 23:45:00,0.0,-0.0018586665,lstm
2020-12-13 23:45:00,0.0,0.0005326867,lstm
2020-12-14 00:00:00,0.0,-0.0016173571,lstm
2020-12-14 00:00:00,0.0,-0.003594324,lstm
2020-12-14 00:00:00,0.0,-0.0018245131,lstm
2020-12-14 00:00:00,0.0,0.0005824864,lstm
2020-12-14 00:15:00,0.0,-0.0016109943,lstm
2020-12-14 00:15:00,0.0,-0.0035639554,lstm
2020-12-14 00:15:00,0.0,-0.0017986298,lstm
2020-12-14 00:15:00,0.0,0.00061385334,lstm
2020-12-14 00:30:00,0.0,-0.0016147643,lstm
2020-12-14 00:30:00,0.0,-0.0035461783,lstm
2020-12-14 00:30:00,0.0,-0.0017711222,lstm
2020-12-14 00:30:00,0.0,0.00063999,lstm
2020-12-14 00:45:00,0.0,-0.0016853362,lstm
2020-12-14 00:45:00,0.0,-0.0035777837,lstm
2020-12-14 00:45:00,0.0,-0.001885742,lstm
2020-12-14 00:45:00,0.0,0.0005734563,lstm
2020-12-14 01:00:00,0.0,-0.0016648769,lstm
2020-12-14 01:00:00,0.0,-0.00352408,lstm
2020-12-14 01:00:00,0.0,-0.0018534511,lstm
2020-12-14 01:00:00,0.0,0.00060097873,lstm
2020-12-14 01:15:00,0.0,-0.0016480088,lstm
2020-12-14 01:15:00,0.0,-0.0034981072,lstm
2020-12-14 01:15:00,0.0,-0.0018471479,lstm
2020-12-14 01:15:00,0.0,0.00060607493,lstm
2020-12-14 01:30:00,0.0,-0.001636818,lstm
2020-12-14 01:30:00,0.0,-0.0034794807,lstm
2020-12-14 01:30:00,0.0,-0.0018308312,lstm
2020-12-14 01:30:00,0.0,0.00062149763,lstm
2020-12-14 01:45:00,0.0,-0.0016695857,lstm
2020-12-14 01:45:00,0.0,-0.00348787,lstm
2020-12-14 01:45:00,0.0,-0.0019480437,lstm
2020-12-14 01:45:00,0.0,0.0005322546,lstm
2020-12-14 02:00:00,0.0,-0.0016317666,lstm
2020-12-14 02:00:00,0.0,-0.0034428686,lstm
2020-12-14 02:00:00,0.0,-0.0019108206,lstm
2020-12-14 02:00:00,0.0,0.0005453825,lstm
2020-12-14 02:15:00,0.0,-0.0016022027,lstm
2020-12-14 02:15:00,0.0,-0.003425151,lstm
2020-12-14 02:15:00,0.0,-0.0018983334,lstm
2020-12-14 02:15:00,0.0,0.00053201616,lstm
2020-12-14 02:30:00,0.0,-0.0015790164,lstm
2020-12-14 02:30:00,0.0,-0.0034150183,lstm
2020-12-14 02:30:00,0.0,-0.0019021481,lstm
2020-12-14 02:30:00,0.0,0.0005169064,lstm
2020-12-14 02:45:00,0.0,-0.0016196817,lstm
2020-12-14 02:45:00,0.0,-0.003434509,lstm
2020-12-14 02:45:00,0.0,-0.001984194,lstm
2020-12-14 02:45:00,0.0,0.00044214725,lstm
2020-12-14 03:00:00,0.0,-0.0015839487,lstm
2020-12-14 03:00:00,0.0,-0.003407061,lstm
2020-12-14 03:00:00,0.0,-0.0019716471,lstm
2020-12-14 03:00:00,0.0,0.00040976703,lstm
2020-12-14 03:15:00,0.0,-0.0015565753,lstm
2020-12-14 03:15:00,0.0,-0.003407985,lstm
2020-12-14 03:15:00,0.0,-0.0019767284,lstm
2020-12-14 03:15:00,0.0,0.00037948787,lstm
2020-12-14 03:30:00,0.0,-0.0015353262,lstm
2020-12-14 03:30:00,0.0,-0.0034137368,lstm
2020-12-14 03:30:00,0.0,-0.0019886047,lstm
2020-12-14 03:30:00,0.0,0.00035186112,lstm
2020-12-14 03:45:00,0.0,-0.0015553087,lstm
2020-12-14 03:45:00,0.0,-0.0034284443,lstm
2020-12-14 03:45:00,0.0,-0.002059862,lstm
2020-12-14 03:45:00,0.0,0.0002708435,lstm
2020-12-14 04:00:00,0.0,-0.0015191883,lstm
2020-12-14 04:00:00,0.0,-0.0034282207,lstm
2020-12-14 04:00:00,0.0,-0.002063036,lstm
2020-12-14 04:00:00,0.0,0.00022098422,lstm
2020-12-14 04:15:00,0.0,-0.0014715791,lstm
2020-12-14 04:15:00,0.0,-0.0034416467,lstm
2020-12-14 04:15:00,0.0,-0.0020994395,lstm
2020-12-14 04:15:00,0.0,0.00015874207,lstm
2020-12-14 04:30:00,0.0,-0.0014335364,lstm
2020-12-14 04:30:00,0.0,-0.003459707,lstm
2020-12-14 04:30:00,0.0,-0.0021312982,lstm
2020-12-14 04:30:00,0.0,0.000117614865,lstm
2020-12-14 04:45:00,0.0,-0.0014438182,lstm
2020-12-14 04:45:00,0.0,-0.0034761876,lstm
2020-12-14 04:45:00,0.0,-0.0021834373,lstm
2020-12-14 04:45:00,0.0,5.4642558e-05,lstm
2020-12-14 05:00:00,0.0,-0.0014228374,lstm
2020-12-14 05:00:00,0.0,-0.0035115927,lstm
2020-12-14 05:00:00,0.0,-0.0022108257,lstm
2020-12-14 05:00:00,0.0,-7.0780516e-06,lstm
2020-12-14 05:15:00,0.0,-0.0013820976,lstm
2020-12-14 05:15:00,0.0,-0.0035588741,lstm
2020-12-14 05:15:00,0.0,-0.0022735894,lstm
2020-12-14 05:15:00,0.0,-8.200109e-05,lstm
2020-12-14 05:30:00,0.0,-0.001330629,lstm
2020-12-14 05:30:00,0.0,-0.0035987198,lstm
2020-12-14 05:30:00,0.0,-0.002330795,lstm
2020-12-14 05:30:00,0.0,-0.00013794005,lstm
2020-12-14 05:45:00,0.0,-0.0013371259,lstm
2020-12-14 05:45:00,0.0,-0.0036326796,lstm
2020-12-14 05:45:00,0.0,-0.0023849458,lstm
2020-12-14 05:45:00,0.0,-0.00017802417,lstm
2020-12-14 06:00:00,0.0,-0.001329571,lstm
2020-12-14 06:00:00,0.0,-0.0037096739,lstm
2020-12-14 06:00:00,0.0,-0.0024394542,lstm
2020-12-14 06:00:00,0.0,-0.00022730231,lstm
2020-12-14 06:15:00,0.0,-0.0012929887,lstm
2020-12-14 06:15:00,0.0,-0.0037882477,lstm
2020-12-14 06:15:00,0.0,-0.0025176704,lstm
2020-12-14 06:15:00,0.0,-0.0002758652,lstm
2020-12-14 06:30:00,0.0,-0.0012481064,lstm
2020-12-14 06:30:00,0.0,-0.0038552135,lstm
2020-12-14 06:30:00,0.0,-0.0025740713,lstm
2020-12-14 06:30:00,0.0,-0.0002964288,lstm
2020-12-14 06:45:00,0.0,-0.0012507439,lstm
2020-12-14 06:45:00,0.0,-0.0038971752,lstm
2020-12-14 06:45:00,0.0,-0.0025973618,lstm
2020-12-14 06:45:00,0.0,-0.00025689602,lstm
2020-12-14 07:00:00,0.0,-0.0012300014,lstm
2020-12-14 07:00:00,0.0,-0.004003346,lstm
2020-12-14 07:00:00,0.0,-0.0026509464,lstm
2020-12-14 07:00:00,0.0,-0.00024235249,lstm
2020-12-14 07:15:00,0.0,-0.0011591166,lstm
2020-12-14 07:15:00,0.0,-0.0041018724,lstm
2020-12-14 07:15:00,0.0,-0.002700612,lstm
2020-12-14 07:15:00,0.0,-0.00020048022,lstm
2020-12-14 07:30:00,0.0,-0.0010428727,lstm
2020-12-14 07:30:00,0.0,-0.004186526,lstm
2020-12-14 07:30:00,0.0,-0.0027547032,lstm
2020-12-14 07:30:00,0.0,-0.00017163157,lstm
2020-12-14 07:45:00,0.0,-0.0009408444,lstm
2020-12-14 07:45:00,0.0,-0.004204452,lstm
2020-12-14 07:45:00,0.0,-0.00271222,lstm
2020-12-14 07:45:00,0.0,1.360476e-05,lstm
2020-12-14 08:00:00,0.0,-0.0008636862,lstm
2020-12-14 08:00:00,0.0,-0.0043076277,lstm
2020-12-14 08:00:00,0.0,-0.0026783645,lstm
2020-12-14 08:00:00,0.0,0.00023028255,lstm
2020-12-14 08:15:00,0.0,-0.00073482096,lstm
2020-12-14 08:15:00,0.0,-0.004423231,lstm
2020-12-14 08:15:00,0.0,-0.0026346296,lstm
2020-12-14 08:15:00,0.0,0.00050744414,lstm
2020-12-14 08:30:00,0.0,-0.00054347515,lstm
2020-12-14 08:30:00,0.0,-0.004556,lstm
2020-12-14 08:30:00,0.0,-0.0025507063,lstm
2020-12-14 08:30:00,0.0,0.00090411305,lstm
2020-12-14 08:45:00,0.0,-0.00027269125,lstm
2020-12-14 08:45:00,0.0,-0.0045690984,lstm
2020-12-14 08:45:00,0.0,-0.0022720098,lstm
2020-12-14 08:45:00,0.00079999864,0.0017284155,lstm
2020-12-14 09:00:00,0.0,7.583201e-05,lstm
2020-12-14 09:00:00,0.0,-0.0046272427,lstm
2020-12-14 09:00:00,0.00079999864,-0.0016985685,lstm
2020-12-14 09:00:00,0.012600005,0.003476128,lstm
2020-12-14 09:15:00,0.0,0.0006535202,lstm
2020-12-14 09:15:00,0.00079999864,-0.004356131,lstm
2020-12-14 09:15:00,0.012600005,0.00035136938,lstm
2020-12-14 09:15:00,0.0484,0.009054095,lstm
2020-12-14 09:30:00,0.00079999864,0.0012256056,lstm
2020-12-14 09:30:00,0.012600005,-0.00050243735,lstm
2020-12-14 09:30:00,0.0484,0.0116667,lstm
2020-12-14 09:30:00,0.101399995,0.03473784,lstm
2020-12-14 09:45:00,0.012600005,0.0017459989,lstm
2020-12-14 09:45:00,0.0484,0.012088224,lstm
2020-12-14 09:45:00,0.1014,0.039984167,lstm
2020-12-14 09:45:00,0.1562,0.088203125,lstm
2020-12-14 10:00:00,0.0484,0.028172836,lstm
2020-12-14 10:00:00,0.10140001,0.06712122,lstm
2020-12-14 10:00:00,0.1562,0.13373761,lstm
2020-12-14 10:00:00,0.2796,0.21708925,lstm
2020-12-14 10:15:00,0.1014,0.106751904,lstm
2020-12-14 10:15:00,0.1562,0.17959194,lstm
2020-12-14 10:15:00,0.2796,0.2838883,lstm
2020-12-14 10:15:00,0.4242,0.37593994,lstm
2020-12-14 10:30:00,0.1562,0.19903865,lstm
2020-12-14 10:30:00,0.2796,0.29627648,lstm
2020-12-14 10:30:00,0.4242,0.40448314,lstm
2020-12-14 10:30:00,0.511,0.48260385,lstm
2020-12-14 10:45:00,0.2796,0.28008908,lstm
2020-12-14 10:45:00,0.4242,0.37744933,lstm
2020-12-14 10:45:00,0.511,0.45856303,lstm
2020-12-14 10:45:00,0.5714,0.52724814,lstm
2020-12-14 11:00:00,0.4242,0.4021968,lstm
2020-12-14 11:00:00,0.511,0.4815199,lstm
2020-12-14 11:00:00,0.5714,0.54196674,lstm
2020-12-14 11:00:00,0.62,0.6087892,lstm
2020-12-14 11:15:00,0.51100004,0.49506143,lstm
2020-12-14 11:15:00,0.5714,0.5540794,lstm
2020-12-14 11:15:00,0.62,0.60993594,lstm
2020-12-14 11:15:00,0.659,0.6619836,lstm
2020-12-14 11:30:00,0.5714,0.57083106,lstm
2020-12-14 11:30:00,0.62,0.61141753,lstm
2020-12-14 11:30:00,0.659,0.659624,lstm
2020-12-14 11:30:00,0.6923999,0.68870145,lstm
2020-12-14 11:45:00,0.62,0.6224489,lstm
2020-12-14 11:45:00,0.6589999,0.6501167,lstm
2020-12-14 11:45:00,0.6924,0.6867339,lstm
2020-12-14 11:45:00,0.7208,0.7037534,lstm
2020-12-14 12:00:00,0.659,0.65623665,lstm
2020-12-14 12:00:00,0.6924,0.6757375,lstm
2020-12-14 12:00:00,0.7208,0.7004061,lstm
2020-12-14 12:00:00,0.7458,0.71493155,lstm
2020-12-14 12:15:00,0.6924,0.6801841,lstm
2020-12-14 12:15:00,0.7207999,0.6936523,lstm
2020-12-14 12:15:00,0.7458,0.708278,lstm
2020-12-14 12:15:00,0.7684001,0.72223884,lstm
2020-12-14 12:30:00,0.7208,0.69972557,lstm
2020-12-14 12:30:00,0.7458,0.7081969,lstm
2020-12-14 12:30:00,0.7684,0.71603006,lstm
2020-12-14 12:30:00,0.787,0.72931665,lstm
2020-12-14 12:45:00,0.7458,0.7157535,lstm
2020-12-14 12:45:00,0.76839995,0.7205384,lstm
2020-12-14 12:45:00,0.787,0.72379935,lstm
2020-12-14 12:45:00,0.80140007,0.73577416,lstm
2020-12-14 13:00:00,0.7684,0.73076767,lstm
2020-12-14 13:00:00,0.78699994,0.7335285,lstm
2020-12-14 13:00:00,0.80139995,0.73503053,lstm
2020-12-14 13:00:00,0.809,0.7462946,lstm
2020-12-14 13:15:00,0.787,0.7487059,lstm
2020-12-14 13:15:00,0.80139995,0.7503824,lstm
2020-12-14 13:15:00,0.809,0.75170565,lstm
2020-12-14 13:15:00,0.8144,0.76313287,lstm
2020-12-14 13:30:00,0.8014,0.768195,lstm
2020-12-14 13:30:00,0.809,0.76817596,lstm
2020-12-14 13:30:00,0.8144,0.769524,lstm
2020-12-14 13:30:00,0.8122,0.7807175,lstm
2020-12-14 13:45:00,0.809,0.7894021,lstm
2020-12-14 13:45:00,0.81439996,0.7867954,lstm
2020-12-14 13:45:00,0.8122,0.7878268,lstm
2020-12-14 13:45:00,0.80639994,0.797639,lstm
2020-12-14 14:00:00,0.8144,0.8004981,lstm
2020-12-14 14:00:00,0.81219995,0.79646444,lstm
2020-12-14 14:00:00,0.8064,0.797209,lstm
2020-12-14 14:00:00,0.796,0.8050823,lstm
2020-12-14 14:15:00,0.8122,0.80780536,lstm
2020-12-14 14:15:00,0.80639994,0.8027625,lstm
2020-12-14 14:15:00,0.796,0.8033797,lstm
2020-12-14 14:15:00,0.7808,0.8094202,lstm
2020-12-14 14:30:00,0.8064,0.8053097,lstm
2020-12-14 14:30:00,0.796,0.79883635,lstm
2020-12-14 14:30:00,0.78080004,0.79762024,lstm
2020-12-14 14:30:00,0.7638,0.8001901,lstm
2020-12-14 14:45:00,0.796,0.80367714,lstm
2020-12-14 14:45:00,0.7808,0.79331946,lstm
2020-12-14 14:45:00,0.7638,0.7885894,lstm
2020-12-14 14:45:00,0.737,0.7864048,lstm
2020-12-14 15:00:00,0.7808,0.79666233,lstm
2020-12-14 15:00:00,0.7638,0.78316915,lstm
2020-12-14 15:00:00,0.737,0.7747049,lstm
2020-12-14 15:00:00,0.7016,0.76733196,lstm
2020-12-14 15:15:00,0.7638,0.7773422,lstm
2020-12-14 15:15:00,0.737,0.7616222,lstm
2020-12-14 15:15:00,0.7016,0.7487353,lstm
2020-12-14 15:15:00,0.6646,0.73640156,lstm
2020-12-14 15:30:00,0.737,0.7109391,lstm
2020-12-14 15:30:00,0.70159996,0.6981492,lstm
2020-12-14 15:30:00,0.6646,0.6730541,lstm
2020-12-14 15:30:00,0.625,0.6581891,lstm
2020-12-14 15:45:00,0.7016,0.6065614,lstm
2020-12-14 15:45:00,0.6646,0.56956017,lstm
2020-12-14 15:45:00,0.625,0.5134069,lstm
2020-12-14 15:45:00,0.5792,0.488797,lstm
2020-12-14 16:00:00,0.6646,0.57261777,lstm
2020-12-14 16:00:00,0.625,0.51799786,lstm
2020-12-14 16:00:00,0.5792,0.44644862,lstm
2020-12-14 16:00:00,0.5228,0.40048346,lstm
2020-12-14 16:15:00,0.625,0.5259279,lstm
2020-12-14 16:15:00,0.5792,0.46415684,lstm
2020-12-14 16:15:00,0.5228,0.39760733,lstm
2020-12-14 16:15:00,0.44520003,0.3424629,lstm
2020-12-14 16:30:00,0.5792,0.47627953,lstm
2020-12-14 16:30:00,0.5228,0.40236092,lstm
2020-12-14 16:30:00,0.44520003,0.3385441,lstm
2020-12-14 16:30:00,0.3162,0.27651602,lstm
2020-12-14 16:45:00,0.5228,0.4193017,lstm
2020-12-14 16:45:00,0.4452,0.33822203,lstm
2020-12-14 16:45:00,0.3162,0.27383924,lstm
2020-12-14 16:45:00,0.183,0.21122873,lstm
2020-12-14 17:00:00,0.4452,0.34580237,lstm
2020-12-14 17:00:00,0.3162,0.26742524,lstm
2020-12-14 17:00:00,0.183,0.1983694,lstm
2020-12-14 17:00:00,0.1132,0.14324197,lstm
2020-12-14 17:15:00,0.3162,0.24553473,lstm
2020-12-14 17:15:00,0.183,0.18645622,lstm
2020-12-14 17:15:00,0.1132,0.112144716,lstm
2020-12-14 17:15:00,0.0598,0.08366975,lstm
2020-12-14 17:30:00,0.183,0.13564718,lstm
2020-12-14 17:30:00,0.1132,0.0953424,lstm
2020-12-14 17:30:00,0.0598,0.040030956,lstm
2020-12-14 17:30:00,0.019199997,0.039582998,lstm
2020-12-14 17:45:00,0.1132,0.06690945,lstm
2020-12-14 17:45:00,0.0598,0.030653998,lstm
2020-12-14 17:45:00,0.019199997,0.006842166,lstm
2020-12-14 17:45:00,0.0015999973,0.0056414604,lstm
2020-12-14 18:00:00,0.0598,0.041753262,lstm
2020-12-14 18:00:00,0.019200012,0.0075252205,lstm
2020-12-14 18:00:00,0.0015999973,-0.0041119754,lstm
2020-12-14 18:00:00,0.0,-0.007231891,lstm
2020-12-14 18:15:00,0.019199997,0.02725543,lstm
2020-12-14 18:15:00,0.0015999824,-0.00017896295,lstm
2020-12-14 18:15:00,0.0,-0.0073162913,lstm
2020-12-14 18:15:00,0.0,-0.0077375323,lstm
2020-12-14 18:30:00,0.0015999973,0.016703382,lstm
2020-12-14 18:30:00,0.0,-0.0027427524,lstm
2020-12-14 18:30:00,0.0,-0.0067741126,lstm
2020-12-14 18:30:00,0.0,-0.0053521097,lstm
2020-12-14 18:45:00,0.0,0.008896932,lstm
2020-12-14 18:45:00,0.0,-0.0032175183,lstm
2020-12-14 18:45:00,0.0,-0.0045622885,lstm
2020-12-14 18:45:00,0.0,-0.0027199239,lstm
2020-12-14 19:00:00,0.0,0.0039049834,lstm
2020-12-14 19:00:00,0.0,-0.0031122565,lstm
2020-12-14 19:00:00,0.0,-0.0030655265,lstm
2020-12-14 19:00:00,0.0,-0.00085558,lstm
2020-12-14 19:15:00,0.0,0.0015161335,lstm
2020-12-14 19:15:00,0.0,-0.0030587763,lstm
2020-12-14 19:15:00,0.0,-0.0021128654,lstm
2020-12-14 19:15:00,0.0,-1.706183e-05,lstm
2020-12-14 19:30:00,0.0,0.0003360808,lstm
2020-12-14 19:30:00,0.0,-0.0030968487,lstm
2020-12-14 19:30:00,0.0,-0.0016234517,lstm
2020-12-14 19:30:00,0.0,0.00025445223,lstm
2020-12-14 19:45:00,0.0,-0.0003001392,lstm
2020-12-14 19:45:00,0.0,-0.0032455027,lstm
2020-12-14 19:45:00,0.0,-0.0015370548,lstm
2020-12-14 19:45:00,0.0,0.0003131032,lstm
2020-12-14 20:00:00,0.0,-0.0006520748,lstm
2020-12-14 20:00:00,0.0,-0.0033260882,lstm
2020-12-14 20:00:00,0.0,-0.0015121996,lstm
2020-12-14 20:00:00,0.0,0.00036147237,lstm
2020-12-14 20:15:00,0.0,-0.00085558,lstm
2020-12-14 20:15:00,0.0,-0.0033613592,lstm
2020-12-14 20:15:00,0.0,-0.0014792383,lstm
2020-12-14 20:15:00,0.0,0.00040869415,lstm
2020-12-14 20:30:00,0.0,-0.0009691417,lstm
2020-12-14 20:30:00,0.0,-0.0033844113,lstm
2020-12-14 20:30:00,0.0,-0.0014601946,lstm
2020-12-14 20:30:00,0.0,0.0004285425,lstm
2020-12-14 20:45:00,0.0,-0.0011274964,lstm
2020-12-14 20:45:00,0.0,-0.0035254806,lstm
2020-12-14 20:45:00,0.0,-0.0016056597,lstm
2020-12-14 20:45:00,0.0,0.00038087368,lstm
2020-12-14 21:00:00,0.0,-0.0012076348,lstm
2020-12-14 21:00:00,0.0,-0.0035510063,lstm
2020-12-14 21:00:00,0.0,-0.0016219467,lstm
2020-12-14 21:00:00,0.0,0.0004130304,lstm
2020-12-14 21:15:00,0.0,-0.0012535304,lstm
2020-12-14 21:15:00,0.0,-0.003556326,lstm
2020-12-14 21:15:00,0.0,-0.0016134977,lstm
2020-12-14 21:15:00,0.0,0.00043530762,lstm
2020-12-14 21:30:00,0.0,-0.0012777895,lstm
2020-12-14 21:30:00,0.0,-0.0035502464,lstm
2020-12-14 21:30:00,0.0,-0.0015972853,lstm
2020-12-14 21:30:00,0.0,0.0004517138,lstm
2020-12-14 21:45:00,0.0,-0.0013985336,lstm
2020-12-14 21:45:00,0.0,-0.0036621243,lstm
2020-12-14 21:45:00,0.0,-0.0017486513,lstm
2020-12-14 21:45:00,0.0,0.00040121377,lstm
2020-12-14 22:00:00,0.0,-0.0014237165,lstm
2020-12-14 22:00:00,0.0,-0.003634587,lstm
2020-12-14 22:00:00,0.0,-0.0017318279,lstm
2020-12-14 22:00:00,0.0,0.00045765936,lstm
2020-12-14 22:15:00,0.0,-0.0014240891,lstm
2020-12-14 22:15:00,0.0,-0.003597051,lstm
2020-12-14 22:15:00,0.0,-0.0017117709,lstm
2020-12-14 22:15:00,0.0,0.00049865246,lstm
2020-12-14 22:30:00,0.0,-0.0014303923,lstm
2020-12-14 22:30:00,0.0,-0.0035695434,lstm
2020-12-14 22:30:00,0.0,-0.0016853362,lstm
2020-12-14 22:30:00,0.0,0.0005391985,lstm
2020-12-14 22:45:00,0.0,-0.0015485883,lstm
2020-12-14 22:45:00,0.0,-0.00364618,lstm
2020-12-14 22:45:00,0.0,-0.0018156469,lstm
2020-12-14 22:45:00,0.0,0.00050257146,lstm
2020-12-14 23:00:00,0.0,-0.0015527159,lstm
2020-12-14 23:00:00,0.0,-0.0035984963,lstm
2020-12-14 23:00:00,0.0,-0.0017797798,lstm
2020-12-14 23:00:00,0.0,0.0005592108,lstm
2020-12-14 23:15:00,0.0,-0.0015522838,lstm
2020-12-14 23:15:00,0.0,-0.0035648942,lstm
2020-12-14 23:15:00,0.0,-0.0017483532,lstm
2020-12-14 23:15:00,0.0,0.00059598684,lstm
2020-12-14 23:30:00,0.0,-0.0015537292,lstm
2020-12-14 23:30:00,0.0,-0.0035425723,lstm
2020-12-14 23:30:00,0.0,-0.0017255247,lstm
2020-12-14 23:30:00,0.0,0.0006214231,lstm
2020-12-14 23:45:00,0.0,-0.0016474873,lstm
2020-12-14 23:45:00,0.0,-0.0036004335,lstm
2020-12-14 23:45:00,0.0,-0.001854226,lstm
2020-12-14 23:45:00,0.0,0.0005648583,lstm
2020-12-15 00:00:00,0.0,-0.0016323477,lstm
2020-12-15 00:00:00,0.0,-0.0035493672,lstm
2020-12-15 00:00:00,0.0,-0.0018239766,lstm
2020-12-15 00:00:00,0.0,0.00060251355,lstm
2020-12-15 00:15:00,0.0,-0.0016194284,lstm
2020-12-15 00:15:00,0.0,-0.003516525,lstm
2020-12-15 00:15:00,0.0,-0.0017970204,lstm
2020-12-15 00:15:00,0.0,0.00062932074,lstm
2020-12-15 00:30:00,0.0,-0.0016041696,lstm
2020-12-15 00:30:00,0.0,-0.003488332,lstm
2020-12-15 00:30:00,0.0,-0.0017803609,lstm
2020-12-15 00:30:00,0.0,0.0006455779,lstm
2020-12-15 00:45:00,0.0,-0.0016909689,lstm
2020-12-15 00:45:00,0.0,-0.0035401732,lstm
2020-12-15 00:45:00,0.0,-0.0018951148,lstm
2020-12-15 00:45:00,0.0,0.00058218837,lstm
2020-12-15 01:00:00,0.0,-0.0016786903,lstm
2020-12-15 01:00:00,0.0,-0.003494516,lstm
2020-12-15 01:00:00,0.0,-0.001846239,lstm
2020-12-15 01:00:00,0.0,0.00060893595,lstm
2020-12-15 01:15:00,0.0,-0.0016530007,lstm
2020-12-15 01:15:00,0.0,-0.0034660548,lstm
2020-12-15 01:15:00,0.0,-0.0018421412,lstm
2020-12-15 01:15:00,0.0,0.00059750676,lstm
2020-12-15 01:30:00,0.0,-0.0016322136,lstm
2020-12-15 01:30:00,0.0,-0.0034547895,lstm
2020-12-15 01:30:00,0.0,-0.0018504113,lstm
2020-12-15 01:30:00,0.0,0.0005902648,lstm
2020-12-15 01:45:00,0.0,-0.0016978979,lstm
2020-12-15 01:45:00,0.0,-0.0034913719,lstm
2020-12-15 01:45:00,0.0,-0.0019492954,lstm
2020-12-15 01:45:00,0.0,0.0005197674,lstm
2020-12-15 02:00:00,0.0,-0.0016611964,lstm
2020-12-15 02:00:00,0.0,-0.003446415,lstm
2020-12-15 02:00:00,0.0,-0.0019261092,lstm
2020-12-15 02:00:00,0.0,0.0005058199,lstm
2020-12-15 02:15:00,0.0,-0.001619041,lstm
2020-12-15 02:15:00,0.0,-0.0034303516,lstm
2020-12-15 02:15:00,0.0,-0.0019232482,lstm
2020-12-15 02:15:00,0.0,0.00048297644,lstm
2020-12-15 02:30:00,0.0,-0.0015922785,lstm
2020-12-15 02:30:00,0.0,-0.0034285337,lstm
2020-12-15 02:30:00,0.0,-0.0019376427,lstm
2020-12-15 02:30:00,0.0,0.00045712292,lstm
2020-12-15 02:45:00,0.0,-0.001618892,lstm
2020-12-15 02:45:00,0.0,-0.0034496635,lstm
2020-12-15 02:45:00,0.0,-0.0020460933,lstm
2020-12-15 02:45:00,0.0,0.00035649538,lstm
2020-12-15 03:00:00,0.0,-0.0015759021,lstm
2020-12-15 03:00:00,0.0,-0.0034284145,lstm
2020-12-15 03:00:00,0.0,-0.0020377636,lstm
2020-12-15 03:00:00,0.0,0.00031931698,lstm
2020-12-15 03:15:00,0.0,-0.0015519261,lstm
2020-12-15 03:15:00,0.0,-0.003433153,lstm
2020-12-15 03:15:00,0.0,-0.002044633,lstm
2020-12-15 03:15:00,0.0,0.0002837032,lstm
2020-12-15 03:30:00,0.0,-0.001532957,lstm
2020-12-15 03:30:00,0.0,-0.00343889,lstm
2020-12-15 03:30:00,0.0,-0.0020602643,lstm
2020-12-15 03:30:00,0.0,0.0002516955,lstm
2020-12-15 03:45:00,0.0,-0.0015560985,lstm
2020-12-15 03:45:00,0.0,-0.0034588277,lstm
2020-12-15 03:45:00,0.0,-0.0021479428,lstm
2020-12-15 03:45:00,0.0,0.00015726686,lstm
2020-12-15 04:00:00,0.0,-0.001525104,lstm
2020-12-15 04:00:00,0.0,-0.0034636557,lstm
2020-12-15 04:00:00,0.0,-0.002156347,lstm
2020-12-15 04:00:00,0.0,9.980798e-05,lstm
2020-12-15 04:15:00,0.0,-0.0014992505,lstm
2020-12-15 04:15:00,0.0,-0.0034905374,lstm
2020-12-15 04:15:00,0.0,-0.0021903366,lstm
2020-12-15 04:15:00,0.0,3.786385e-05,lstm
2020-12-15 04:30:00,0.0,-0.0014681518,lstm
2020-12-15 04:30:00,0.0,-0.0035148114,lstm
2020-12-15 04:30:00,0.0,-0.0022313148,lstm
2020-12-15 04:30:00,0.0,-1.8209219e-05,lstm
2020-12-15 04:45:00,0.0,-0.0014902949,lstm
2020-12-15 04:45:00,0.0,-0.0035493672,lstm
2020-12-15 04:45:00,0.0,-0.0023057312,lstm
2020-12-15 04:45:00,0.0,-9.943545e-05,lstm
2020-12-15 05:00:00,0.0,-0.0014750212,lstm
2020-12-15 05:00:00,0.0,-0.0035971403,lstm
2020-12-15 05:00:00,0.0,-0.0023527443,lstm
2020-12-15 05:00:00,0.0,-0.00018025935,lstm
2020-12-15 05:15:00,0.0,-0.0014457405,lstm
2020-12-15 05:15:00,0.0,-0.0036539882,lstm
2020-12-15 05:15:00,0.0,-0.0024205,lstm
2020-12-15 05:15:00,0.0,-0.00025719404,lstm
2020-12-15 05:30:00,0.0,-0.0014080405,lstm
2020-12-15 05:30:00,0.0,-0.0037019402,lstm
2020-12-15 05:30:00,0.0,-0.0024766922,lstm
2020-12-15 05:30:00,0.0,-0.00031259656,lstm
2020-12-15 05:45:00,0.0,-0.0014180094,lstm
2020-12-15 05:45:00,0.0,-0.0037412792,lstm
2020-12-15 05:45:00,0.0,-0.0025375187,lstm
2020-12-15 05:45:00,0.0,-0.00036031008,lstm
2020-12-15 06:00:00,0.0,-0.0014021397,lstm
2020-12-15 06:00:00,0.0,-0.0038260072,lstm
2020-12-15 06:00:00,0.0,-0.0026114136,lstm
2020-12-15 06:00:00,0.0,-0.0004285872,lstm
2020-12-15 06:15:00,0.0,-0.0013640672,lstm
2020-12-15 06:15:00,0.0,-0.003904134,lstm
2020-12-15 06:15:00,0.0,-0.002683133,lstm
2020-12-15 06:15:00,0.0,-0.0004657209,lstm
2020-12-15 06:30:00,0.0,-0.0013051182,lstm
2020-12-15 06:30:00,0.0,-0.003966272,lstm
2020-12-15 06:30:00,0.0,-0.0027448237,lstm
2020-12-15 06:30:00,0.0,-0.00049471855,lstm
2020-12-15 06:45:00,0.0,-0.0012884438,lstm
2020-12-15 06:45:00,0.0,-0.0039994866,lstm
2020-12-15 06:45:00,0.0,-0.0027740002,lstm
2020-12-15 06:45:00,0.0,-0.0004605949,lstm
2020-12-15 07:00:00,0.0,-0.0012656003,lstm
2020-12-15 07:00:00,0.0,-0.0041050613,lstm
2020-12-15 07:00:00,0.0,-0.0028325766,lstm
2020-12-15 07:00:00,0.0,-0.00044932961,lstm
2020-12-15 07:15:00,0.0,-0.0012048781,lstm
2020-12-15 07:15:00,0.0,-0.0042084903,lstm
2020-12-15 07:15:00,0.0,-0.0028917938,lstm
2020-12-15 07:15:00,0.0,-0.0004130304,lstm
2020-12-15 07:30:00,0.0,-0.0011202842,lstm
2020-12-15 07:30:00,0.0,-0.0043048263,lstm
2020-12-15 07:30:00,0.0,-0.00294365,lstm
2020-12-15 07:30:00,0.0,-0.000373438,lstm
2020-12-15 07:45:00,0.0,-0.001055032,lstm
2020-12-15 07:45:00,0.0,-0.004326582,lstm
2020-12-15 07:45:00,0.0,-0.0028823167,lstm
2020-12-15 07:45:00,0.0,-0.00016224384,lstm
2020-12-15 08:00:00,0.0,-0.0009820908,lstm
2020-12-15 08:00:00,0.0,-0.00444448,lstm
2020-12-15 08:00:00,0.0,-0.0028729588,lstm
2020-12-15 08:00:00,0.0,3.4481287e-05,lstm
2020-12-15 08:15:00,0.0,-0.000833109,lstm
2020-12-15 08:15:00,0.0,-0.0045725703,lstm
2020-12-15 08:15:00,0.0,-0.002850294,lstm
2020-12-15 08:15:00,0.0,0.0002989322,lstm
2020-12-15 08:30:00,0.0,-0.0006171465,lstm
2020-12-15 08:30:00,0.0,-0.004718721,lstm
2020-12-15 08:30:00,0.0,-0.0028084964,lstm
2020-12-15 08:30:00,0.0,0.00066024065,lstm
2020-12-15 08:45:00,0.0,-0.00035257638,lstm
2020-12-15 08:45:00,0.0,-0.004723817,lstm
2020-12-15 08:45:00,0.0,-0.0025270432,lstm
2020-12-15 08:45:00,0.00040002167,0.0014962256,lstm
2020-12-15 09:00:00,0.0,-3.401935e-05,lstm
2020-12-15 09:00:00,0.0,-0.004806921,lstm
2020-12-15 09:00:00,0.00040000677,-0.0019707382,lstm
2020-12-15 09:00:00,0.011199996,0.003274396,lstm
2020-12-15 09:15:00,0.0,0.0004708171,lstm
2020-12-15 09:15:00,0.00040000677,-0.0046111047,lstm
2020-12-15 09:15:00,0.011199996,1.4707446e-05,lstm
2020-12-15 09:15:00,0.047999993,0.008986771,lstm
2020-12-15 09:30:00,0.00040000677,0.00079984963,lstm
2020-12-15 09:30:00,0.011200011,-0.0007662475,lstm
2020-12-15 09:30:00,0.047999978,0.01148209,lstm
2020-12-15 09:30:00,0.1046,0.035463914,lstm
2020-12-15 09:45:00,0.011199996,0.0008047074,lstm
2020-12-15 09:45:00,0.048000008,0.011091322,lstm
2020-12-15 09:45:00,0.1046,0.038684726,lstm
2020-12-15 09:45:00,0.1606,0.08749461,lstm
2020-12-15 10:00:00,0.047999993,0.025451109,lstm
2020-12-15 10:00:00,0.1046,0.062304497,lstm
2020-12-15 10:00:00,0.1606,0.12776196,lstm
2020-12-15 10:00:00,0.2848,0.21043915,lstm
2020-12-15 10:15:00,0.104600005,0.10948919,lstm
2020-12-15 10:15:00,0.1606,0.18032268,lstm
2020-12-15 10:15:00,0.2848,0.2835157,lstm
2020-12-15 10:15:00,0.4346,0.37493056,lstm
2020-12-15 10:30:00,0.1606,0.20710166,lstm
2020-12-15 10:30:00,0.2848,0.30318385,lstm
2020-12-15 10:30:00,0.4346,0.41158715,lstm
2020-12-15 10:30:00,0.5238,0.4892975,lstm
2020-12-15 10:45:00,0.2848,0.28846958,lstm
2020-12-15 10:45:00,0.4346,0.38477176,lstm
2020-12-15 10:45:00,0.5238,0.46717495,lstm
2020-12-15 10:45:00,0.585,0.53489256,lstm
2020-12-15 11:00:00,0.4346,0.40783626,lstm
2020-12-15 11:00:00,0.5238,0.48660856,lstm
2020-12-15 11:00:00,0.585,0.5481193,lstm
2020-12-15 11:00:00,0.6332,0.61502033,lstm
2020-12-15 11:15:00,0.5238,0.49961963,lstm
2020-12-15 11:15:00,0.585,0.5587723,lstm
2020-12-15 11:15:00,0.6332,0.61582637,lstm
2020-12-15 11:15:00,0.675,0.6686623,lstm
2020-12-15 11:30:00,0.585,0.5753098,lstm
2020-12-15 11:30:00,0.6332,0.61681664,lstm
2020-12-15 11:30:00,0.67499995,0.6665959,lstm
2020-12-15 11:30:00,0.7096,0.6961182,lstm
2020-12-15 11:45:00,0.6332,0.6277003,lstm
2020-12-15 11:45:00,0.675,0.6563711,lstm
2020-12-15 11:45:00,0.7096,0.6938715,lstm
2020-12-15 11:45:00,0.738,0.7102008,lstm
2020-12-15 12:00:00,0.675,0.6604891,lstm
2020-12-15 12:00:00,0.7096,0.6807771,lstm
2020-12-15 12:00:00,0.738,0.7051959,lstm
2020-12-15 12:00:00,0.76220006,0.7184972,lstm
2020-12-15 12:15:00,0.7096,0.6860399,lstm
2020-12-15 12:15:00,0.7379999,0.69963694,lstm
2020-12-15 12:15:00,0.7622,0.7139521,lstm
2020-12-15 12:15:00,0.7798,0.726735,lstm
2020-12-15 12:30:00,0.738,0.7041858,lstm
2020-12-15 12:30:00,0.7622,0.71265566,lstm
2020-12-15 12:30:00,0.7798,0.71972907,lstm
2020-12-15 12:30:00,0.7946,0.73125327,lstm
2020-12-15 12:45:00,0.7622,0.7184748,lstm
2020-12-15 12:45:00,0.77979994,0.72244716,lstm
2020-12-15 12:45:00,0.7946,0.7246107,lstm
2020-12-15 12:45:00,0.8062,0.73412037,lstm
2020-12-15 13:00:00,0.77979994,0.73189116,lstm
2020-12-15 13:00:00,0.7946,0.7329842,lstm
2020-12-15 13:00:00,0.8062001,0.73335034,lstm
2020-12-15 13:00:00,0.8102,0.74160737,lstm
2020-12-15 13:15:00,0.7946,0.74340487,lstm
2020-12-15 13:15:00,0.8062,0.7421341,lstm
2020-12-15 13:15:00,0.8102,0.7418153,lstm
2020-12-15 13:15:00,0.8168,0.7493473,lstm
2020-12-15 13:30:00,0.8062,0.7622316,lstm
2020-12-15 13:30:00,0.8102,0.75866807,lstm
2020-12-15 13:30:00,0.8168,0.7592699,lstm
2020-12-15 13:30:00,0.8174,0.76733,lstm
2020-12-15 13:45:00,0.8102,0.78458786,lstm
2020-12-15 13:45:00,0.8168,0.77921605,lstm
2020-12-15 13:45:00,0.8174,0.78026503,lstm
2020-12-15 13:45:00,0.8102,0.7880472,lstm
2020-12-15 14:00:00,0.8168,0.7947525,lstm
2020-12-15 14:00:00,0.8174,0.7884686,lstm
2020-12-15 14:00:00,0.8102,0.7891666,lstm
2020-12-15 14:00:00,0.799,0.79536,lstm
2020-12-15 14:15:00,0.8174,0.80671257,lstm
2020-12-15 14:15:00,0.8102,0.80028987,lstm
2020-12-15 14:15:00,0.799,0.8016292,lstm
2020-12-15 14:15:00,0.7844,0.8071334,lstm
2020-12-15 14:30:00,0.8102,0.8075794,lstm
2020-12-15 14:30:00,0.799,0.80095613,lstm
2020-12-15 14:30:00,0.7844,0.8006683,lstm
2020-12-15 14:30:00,0.7658,0.8034069,lstm
2020-12-15 14:45:00,0.799,0.80455554,lstm
2020-12-15 14:45:00,0.7844,0.7938771,lstm
2020-12-15 14:45:00,0.7658,0.7887933,lstm
2020-12-15 14:45:00,0.7418,0.7860309,lstm
2020-12-15 15:00:00,0.7844,0.79815805,lstm
2020-12-15 15:00:00,0.7658,0.7830677,lstm
2020-12-15 15:00:00,0.7418,0.7733564,lstm
2020-12-15 15:00:00,0.7136,0.76505435,lstm
2020-12-15 15:15:00,0.7658,0.7472683,lstm
2020-12-15 15:15:00,0.74179995,0.73454607,lstm
2020-12-15 15:15:00,0.7136,0.7164041,lstm
2020-12-15 15:15:00,0.6782,0.70174617,lstm
2020-12-15 15:30:00,0.7418,0.602844,lstm
2020-12-15 15:30:00,0.7135999,0.5776824,lstm
2020-12-15 15:30:00,0.6782,0.5350207,lstm
2020-12-15 15:30:00,0.6372,0.52894247,lstm
2020-12-15 15:45:00,0.7136,0.5805821,lstm
2020-12-15 15:45:00,0.6782,0.5441719,lstm
2020-12-15 15:45:00,0.6372,0.481619,lstm
2020-12-15 15:45:00,0.5896,0.45334738,lstm
2020-12-15 16:00:00,0.6782,0.5519686,lstm
2020-12-15 16:00:00,0.6372,0.5060772,lstm
2020-12-15 16:00:00,0.5896,0.43632984,lstm
2020-12-15 16:00:00,0.5324,0.39078265,lstm
2020-12-15 16:15:00,0.6372,0.49402368,lstm
2020-12-15 16:15:00,0.5896,0.45076165,lstm
2020-12-15 16:15:00,0.5324,0.39113873,lstm
2020-12-15 16:15:00,0.4504,0.3398397,lstm
2020-12-15 16:30:00,0.5896,0.4153952,lstm
2020-12-15 16:30:00,0.5324,0.373724,lstm
2020-12-15 16:30:00,0.4504,0.32384735,lstm
2020-12-15 16:30:00,0.3218,0.27413514,lstm
2020-12-15 16:45:00,0.5324,0.30436674,lstm
2020-12-15 16:45:00,0.4504,0.26933947,lstm
2020-12-15 16:45:00,0.3218,0.22722712,lstm
2020-12-15 16:45:00,0.1868,0.19576077,lstm
2020-12-15 17:00:00,0.4504,0.17058982,lstm
2020-12-15 17:00:00,0.3218,0.14878611,lstm
2020-12-15 17:00:00,0.1868,0.10362147,lstm
2020-12-15 17:00:00,0.115399994,0.09834139,lstm
2020-12-15 17:15:00,0.3218,0.13018668,lstm
2020-12-15 17:15:00,0.1868,0.11413752,lstm
2020-12-15 17:15:00,0.1154,0.06264718,lstm
2020-12-15 17:15:00,0.061000004,0.06607391,lstm
2020-12-15 17:30:00,0.1868,0.10169906,lstm
2020-12-15 17:30:00,0.1154,0.0833786,lstm
2020-12-15 17:30:00,0.061000004,0.035705328,lstm
2020-12-15 17:30:00,0.016000003,0.04626736,lstm
2020-12-15 17:45:00,0.1154,0.0641631,lstm
2020-12-15 17:45:00,0.061000004,0.03956209,lstm
2020-12-15 17:45:00,0.016000003,0.012666777,lstm
2020-12-15 17:45:00,0.00020000339,0.018176287,lstm
2020-12-15 18:00:00,0.061000004,0.043112084,lstm
2020-12-15 18:00:00,0.015999988,0.011825994,lstm
2020-12-15 18:00:00,0.00020000339,-3.5375357e-05,lstm
2020-12-15 18:00:00,0.0,-0.0029670447,lstm
2020-12-15 18:15:00,0.016000003,0.028020218,lstm
2020-12-15 18:15:00,0.00020000339,0.0011879206,lstm
2020-12-15 18:15:00,0.0,-0.005482316,lstm
2020-12-15 18:15:00,0.0,-0.0069811195,lstm
2020-12-15 18:30:00,0.00020000339,0.01703608,lstm
2020-12-15 18:30:00,0.0,-0.0025206953,lstm
2020-12-15 18:30:00,0.0,-0.006417811,lstm
2020-12-15 18:30:00,0.0,-0.005514726,lstm
2020-12-15 18:45:00,0.0,0.008426622,lstm
2020-12-15 18:45:00,0.0,-0.0027786046,lstm
2020-12-15 18:45:00,0.0,-0.004556611,lstm
2020-12-15 18:45:00,0.0,-0.0025231242,lstm
2020-12-15 19:00:00,0.0,0.0039983243,lstm
2020-12-15 19:00:00,0.0,-0.002603203,lstm
2020-12-15 19:00:00,0.0,-0.0026816428,lstm
2020-12-15 19:00:00,0.0,-0.0005503893,lstm
2020-12-15 19:15:00,0.0,0.0016666502,lstm
2020-12-15 19:15:00,0.0,-0.0027499348,lstm
2020-12-15 19:15:00,0.0,-0.0018517077,lstm
2020-12-15 19:15:00,0.0,1.6093254e-05,lstm
2020-12-15 19:30:00,0.0,0.00050497055,lstm
2020-12-15 19:30:00,0.0,-0.0028769076,lstm
2020-12-15 19:30:00,0.0,-0.0014818907,lstm
2020-12-15 19:30:00,0.0,0.00021547079,lstm
2020-12-15 19:45:00,0.0,-0.00016902387,lstm
2020-12-15 19:45:00,0.0,-0.0030870438,lstm
2020-12-15 19:45:00,0.0,-0.0014483035,lstm
2020-12-15 19:45:00,0.0,0.00026506186,lstm
2020-12-15 20:00:00,0.0,-0.0005373508,lstm
2020-12-15 20:00:00,0.0,-0.003184408,lstm
2020-12-15 20:00:00,0.0,-0.0014289916,lstm
2020-12-15 20:00:00,0.0,0.00032410026,lstm
2020-12-15 20:15:00,0.0,-0.00073736906,lstm
2020-12-15 20:15:00,0.0,-0.0032301992,lstm
2020-12-15 20:15:00,0.0,-0.0014129281,lstm
2020-12-15 20:15:00,0.0,0.0003629923,lstm
2020-12-15 20:30:00,0.0,-0.00087058544,lstm
2020-12-15 20:30:00,0.0,-0.0032724887,lstm
2020-12-15 20:30:00,0.0,-0.0013980567,lstm
2020-12-15 20:30:00,0.0,0.00038416684,lstm
2020-12-15 20:45:00,0.0,-0.0010480285,lstm
2020-12-15 20:45:00,0.0,-0.003434509,lstm
2020-12-15 20:45:00,0.0,-0.0015596598,lstm
2020-12-15 20:45:00,0.0,0.00032949448,lstm
2020-12-15 21:00:00,0.0,-0.0011401176,lstm
2020-12-15 21:00:00,0.0,-0.003474921,lstm
2020-12-15 21:00:00,0.0,-0.0015827715,lstm
2020-12-15 21:00:00,0.0,0.0003591925,lstm
2020-12-15 21:15:00,0.0,-0.0011900067,lstm
2020-12-15 21:15:00,0.0,-0.0034870952,lstm
2020-12-15 21:15:00,0.0,-0.0015841722,lstm
2020-12-15 21:15:00,0.0,0.0003800094,lstm
2020-12-15 21:30:00,0.0,-0.0012230873,lstm
2020-12-15 21:30:00,0.0,-0.0034940243,lstm
2020-12-15 21:30:00,0.0,-0.0015761405,lstm
2020-12-15 21:30:00,0.0,0.00039842725,lstm
2020-12-15 21:45:00,0.0,-0.0013587922,lstm
2020-12-15 21:45:00,0.0,-0.003621623,lstm
2020-12-15 21:45:00,0.0,-0.0017422438,lstm
2020-12-15 21:45:00,0.0,0.00034873188,lstm
2020-12-15 22:00:00,0.0,-0.0013831705,lstm
2020-12-15 22:00:00,0.0,-0.003593102,lstm
2020-12-15 22:00:00,0.0,-0.0017305762,lstm
2020-12-15 22:00:00,0.0,0.0004132986,lstm
2020-12-15 22:15:00,0.0,-0.0013944507,lstm
2020-12-15 22:15:00,0.0,-0.003562063,lstm
2020-12-15 22:15:00,0.0,-0.0017040223,lstm
2020-12-15 22:15:00,0.0,0.00046628714,lstm
2020-12-15 22:30:00,0.0,-0.0014016926,lstm
2020-12-15 22:30:00,0.0,-0.0035363138,lstm
2020-12-15 22:30:00,0.0,-0.0016805977,lstm
2020-12-15 22:30:00,0.0,0.0005069524,lstm
2020-12-15 22:45:00,0.0,-0.0015273243,lstm
2020-12-15 22:45:00,0.0,-0.003622681,lstm
2020-12-15 22:45:00,0.0,-0.0018292814,lstm
2020-12-15 22:45:00,0.0,0.00046887994,lstm
2020-12-15 23:00:00,0.0,-0.0015279502,lstm
2020-12-15 23:00:00,0.0,-0.0035693645,lstm
2020-12-15 23:00:00,0.0,-0.0017924458,lstm
2020-12-15 23:00:00,0.0,0.0005354881,lstm
2020-12-15 23:15:00,0.0,-0.0015230328,lstm
2020-12-15 23:15:00,0.0,-0.003531009,lstm
2020-12-15 23:15:00,0.0,-0.0017606616,lstm
2020-12-15 23:15:00,0.0,0.00057822466,lstm
2020-12-15 23:30:00,0.0,-0.0015185326,lstm
2020-12-15 23:30:00,0.0,-0.0035004616,lstm
2020-12-15 23:30:00,0.0,-0.0017383248,lstm
2020-12-15 23:30:00,0.0,0.00060892105,lstm
2020-12-15 23:45:00,0.0,-0.0016461015,lstm
2020-12-15 23:45:00,0.0,-0.003580436,lstm
2020-12-15 23:45:00,0.0,-0.0018692315,lstm
2020-12-15 23:45:00,0.0,0.0005581975,lstm
2020-12-16 00:00:00,0.0,-0.0016225725,lstm
2020-12-16 00:00:00,0.0,-0.003517449,lstm
2020-12-16 00:00:00,0.0,-0.001836881,lstm
2020-12-16 00:00:00,0.0,0.00059211254,lstm
2020-12-16 00:15:00,0.0,-0.001610145,lstm
2020-12-16 00:15:00,0.0,-0.0034905523,lstm
2020-12-16 00:15:00,0.0,-0.0018194616,lstm
2020-12-16 00:15:00,0.0,0.00061158836,lstm
2020-12-16 00:30:00,0.0,-0.0016074479,lstm
2020-12-16 00:30:00,0.0,-0.003468573,lstm
2020-12-16 00:30:00,0.0,-0.0017994195,lstm
2020-12-16 00:30:00,0.0,0.00063194335,lstm
2020-12-16 00:45:00,0.0,-0.0017150939,lstm
2020-12-16 00:45:00,0.0,-0.0035331398,lstm
2020-12-16 00:45:00,0.0,-0.0019227564,lstm
2020-12-16 00:45:00,0.0,0.00056271255,lstm
2020-12-16 01:00:00,0.0,-0.0017038882,lstm
2020-12-16 01:00:00,0.0,-0.0034912825,lstm
2020-12-16 01:00:00,0.0,-0.0018755198,lstm
2020-12-16 01:00:00,0.0,0.0005854815,lstm
2020-12-16 01:15:00,0.0,-0.0016877353,lstm
2020-12-16 01:15:00,0.0,-0.0034720302,lstm
2020-12-16 01:15:00,0.0,-0.0018604696,lstm
2020-12-16 01:15:00,0.0,0.0005773604,lstm
2020-12-16 01:30:00,0.0,-0.0016613156,lstm
2020-12-16 01:30:00,0.0,-0.0034562647,lstm
2020-12-16 01:30:00,0.0,-0.001860857,lstm
2020-12-16 01:30:00,0.0,0.00056542456,lstm
2020-12-16 01:45:00,0.0,-0.0017174929,lstm
2020-12-16 01:45:00,0.0,-0.0035036653,lstm
2020-12-16 01:45:00,0.0,-0.0019932985,lstm
2020-12-16 01:45:00,0.0,0.00046235323,lstm
2020-12-16 02:00:00,0.0,-0.0016805083,lstm
2020-12-16 02:00:00,0.0,-0.0034637153,lstm
2020-12-16 02:00:00,0.0,-0.0019714236,lstm
2020-12-16 02:00:00,0.0,0.00045512617,lstm
2020-12-16 02:15:00,0.0,-0.0016582012,lstm
2020-12-16 02:15:00,0.0,-0.003455028,lstm
2020-12-16 02:15:00,0.0,-0.001960352,lstm
2020-12-16 02:15:00,0.0,0.00044178963,lstm
2020-12-16 02:30:00,0.0,-0.0016279817,lstm
2020-12-16 02:30:00,0.0,-0.00344795,lstm
2020-12-16 02:30:00,0.0,-0.0019687563,lstm
2020-12-16 02:30:00,0.0,0.00041493773,lstm
2020-12-16 02:45:00,0.0,-0.0016447306,lstm
2020-12-16 02:45:00,0.0,-0.0034771115,lstm
2020-12-16 02:45:00,0.0,-0.0021018088,lstm
2020-12-16 02:45:00,0.0,0.00028951466,lstm
2020-12-16 03:00:00,0.0,-0.0015991777,lstm
2020-12-16 03:00:00,0.0,-0.0034568906,lstm
2020-12-16 03:00:00,0.0,-0.0020887703,lstm
2020-12-16 03:00:00,0.0,0.0002580881,lstm
2020-12-16 03:15:00,0.0,-0.0015704334,lstm
2020-12-16 03:15:00,0.0,-0.003461644,lstm
2020-12-16 03:15:00,0.0,-0.0020944327,lstm
2020-12-16 03:15:00,0.0,0.00021828711,lstm
2020-12-16 03:30:00,0.0,-0.001572743,lstm
2020-12-16 03:30:00,0.0,-0.0034811199,lstm
2020-12-16 03:30:00,0.0,-0.0021055192,lstm
2020-12-16 03:30:00,0.0,0.00019364059,lstm
2020-12-16 03:45:00,0.0,-0.0016205162,lstm
2020-12-16 03:45:00,0.0,-0.0035185814,lstm
2020-12-16 03:45:00,0.0,-0.0021949708,lstm
2020-12-16 03:45:00,0.0,9.611249e-05,lstm
2020-12-16 04:00:00,0.0,-0.0015842319,lstm
2020-12-16 04:00:00,0.0,-0.0035261214,lstm
2020-12-16 04:00:00,0.0,-0.0022209734,lstm
2020-12-16 04:00:00,0.0,1.8417835e-05,lstm
2020-12-16 04:15:00,0.0,-0.0015473664,lstm
2020-12-16 04:15:00,0.0,-0.0035529435,lstm
2020-12-16 04:15:00,0.0,-0.0022585094,lstm
2020-12-16 04:15:00,0.0,-4.4941902e-05,lstm
2020-12-16 04:30:00,0.0,-0.0015193522,lstm
2020-12-16 04:30:00,0.0,-0.0035779327,lstm
2020-12-16 04:30:00,0.0,-0.002292633,lstm
2020-12-16 04:30:00,0.0,-9.1180205e-05,lstm
2020-12-16 04:45:00,0.0,-0.0015402734,lstm
2020-12-16 04:45:00,0.0,-0.0036124438,lstm
2020-12-16 04:45:00,0.0,-0.002367124,lstm
2020-12-16 04:45:00,0.0,-0.00017617643,lstm
2020-12-16 05:00:00,0.0,-0.0015423745,lstm
2020-12-16 05:00:00,0.0,-0.0036702752,lstm
2020-12-16 05:00:00,0.0,-0.0024097264,lstm
2020-12-16 05:00:00,0.0,-0.00025331974,lstm
2020-12-16 05:15:00,0.0,-0.001478076,lstm
2020-12-16 05:15:00,0.0,-0.0037205815,lstm
2020-12-16 05:15:00,0.0,-0.0024986714,lstm
2020-12-16 05:15:00,0.0,-0.00036372244,lstm
2020-12-16 05:30:00,0.0,-0.0014157444,lstm
2020-12-16 05:30:00,0.0,-0.003761068,lstm
2020-12-16 05:30:00,0.0,-0.0025521666,lstm
2020-12-16 05:30:00,0.0,-0.00041416287,lstm
2020-12-16 05:45:00,0.0,-0.0014313906,lstm
2020-12-16 05:45:00,0.0,-0.0038028508,lstm
2020-12-16 05:45:00,0.0,-0.00261271,lstm
2020-12-16 05:45:00,0.0,-0.00045862794,lstm
2020-12-16 06:00:00,0.0,-0.0014423132,lstm
2020-12-16 06:00:00,0.0,-0.0038911998,lstm
2020-12-16 06:00:00,0.0,-0.0026765168,lstm
2020-12-16 06:00:00,0.0,-0.00051636994,lstm
2020-12-16 06:15:00,0.0,-0.0014273524,lstm
2020-12-16 06:15:00,0.0,-0.003986627,lstm
2020-12-16 06:15:00,0.0,-0.0027557313,lstm
2020-12-16 06:15:00,0.0,-0.0005682707,lstm
2020-12-16 06:30:00,0.0,-0.0014152229,lstm
2020-12-16 06:30:00,0.0,-0.004080355,lstm
2020-12-16 06:30:00,0.0,-0.0028175116,lstm
2020-12-16 06:30:00,0.0,-0.0005937815,lstm
2020-12-16 06:45:00,0.0,-0.0013958961,lstm
2020-12-16 06:45:00,0.0,-0.004122883,lstm
2020-12-16 06:45:00,0.0,-0.002848491,lstm
2020-12-16 06:45:00,0.0,-0.0005777329,lstm
2020-12-16 07:00:00,0.0,-0.001317814,lstm
2020-12-16 07:00:00,0.0,-0.0042324364,lstm
2020-12-16 07:00:00,0.0,-0.002950117,lstm
2020-12-16 07:00:00,0.0,-0.0006133169,lstm
2020-12-16 07:15:00,0.0,-0.0012044162,lstm
2020-12-16 07:15:00,0.0,-0.0043255985,lstm
2020-12-16 07:15:00,0.0,-0.0030062497,lstm
2020-12-16 07:15:00,0.0,-0.0005745888,lstm
2020-12-16 07:30:00,0.0,-0.0010820925,lstm
2020-12-16 07:30:00,0.0,-0.0044043064,lstm
2020-12-16 07:30:00,0.0,-0.0030542612,lstm
2020-12-16 07:30:00,0.0,-0.0005367249,lstm
2020-12-16 07:45:00,0.0,-0.0010038614,lstm
2020-12-16 07:45:00,0.0,-0.0044164956,lstm
2020-12-16 07:45:00,0.0,-0.002994448,lstm
2020-12-16 07:45:00,0.0,-0.00032910705,lstm
2020-12-16 08:00:00,0.0,-0.00094279647,lstm
2020-12-16 08:00:00,0.0,-0.0045309663,lstm
2020-12-16 08:00:00,0.0,-0.0029816926,lstm
2020-12-16 08:00:00,0.0,-0.00011524558,lstm
2020-12-16 08:15:00,0.0,-0.0008186102,lstm
2020-12-16 08:15:00,0.0,-0.004660398,lstm
2020-12-16 08:15:00,0.0,-0.002953127,lstm
2020-12-16 08:15:00,0.0,0.00017285347,lstm
2020-12-16 08:30:00,0.0,-0.00062316656,lstm
2020-12-16 08:30:00,0.0,-0.004803121,lstm
2020-12-16 08:30:00,0.0,-0.0028982759,lstm
2020-12-16 08:30:00,0.0,0.00056412816,lstm
2020-12-16 08:45:00,0.0,-0.00036856532,lstm
2020-12-16 08:45:00,0.0,-0.0047920793,lstm
2020-12-16 08:45:00,0.0,-0.0025818795,lstm
2020-12-16 08:45:00,0.00020000339,0.0014578998,lstm
2020-12-16 09:00:00,0.0,-5.595386e-05,lstm
2020-12-16 09:00:00,0.0,-0.0048603266,lstm
2020-12-16 09:00:00,0.00020000339,-0.0019927174,lstm
2020-12-16 09:00:00,0.010800004,0.0032835752,lstm
2020-12-16 09:15:00,0.0,0.00045724213,lstm
2020-12-16 09:15:00,0.00020000339,-0.004608333,lstm
2020-12-16 09:15:00,0.010800004,9.389222e-05,lstm
2020-12-16 09:15:00,0.044599995,0.009079382,lstm
2020-12-16 09:30:00,0.00020000339,0.00078086555,lstm
2020-12-16 09:30:00,0.010800004,-0.0007484704,lstm
2020-12-16 09:30:00,0.044599995,0.011596143,lstm
2020-12-16 09:30:00,0.1018,0.035576195,lstm
2020-12-16 09:45:00,0.010799989,0.0007926971,lstm
2020-12-16 09:45:00,0.044599995,0.011516988,lstm
2020-12-16 09:45:00,0.1018,0.039799705,lstm
2020-12-16 09:45:00,0.1558,0.08937647,lstm
2020-12-16 10:00:00,0.044599995,0.024297878,lstm
2020-12-16 10:00:00,0.1018,0.061246023,lstm
2020-12-16 10:00:00,0.1558,0.12732914,lstm
2020-12-16 10:00:00,0.2734,0.21053998,lstm
2020-12-16 10:15:00,0.1018,0.10198174,lstm
2020-12-16 10:15:00,0.1558,0.17160346,lstm
2020-12-16 10:15:00,0.2734,0.2740599,lstm
2020-12-16 10:15:00,0.4274,0.36446798,lstm
2020-12-16 10:30:00,0.1558,0.20402202,lstm
2020-12-16 10:30:00,0.2734,0.29904002,lstm
2020-12-16 10:30:00,0.4274,0.4078932,lstm
2020-12-16 10:30:00,0.49160004,0.48456925,lstm
2020-12-16 10:45:00,0.2734,0.28203732,lstm
2020-12-16 10:45:00,0.4274,0.37846297,lstm
2020-12-16 10:45:00,0.49160004,0.46161383,lstm
2020-12-16 10:45:00,0.5862,0.527969,lstm
2020-12-16 11:00:00,0.4274,0.40211862,lstm
2020-12-16 11:00:00,0.49159998,0.48158613,lstm
2020-12-16 11:00:00,0.5862,0.5428114,lstm
2020-12-16 11:00:00,0.6382,0.6087008,lstm
2020-12-16 11:15:00,0.4916,0.49468496,lstm
2020-12-16 11:15:00,0.5862,0.5546402,lstm
2020-12-16 11:15:00,0.6382,0.6111128,lstm
2020-12-16 11:15:00,0.6788,0.66495895,lstm
2020-12-16 11:30:00,0.5862,0.557788,lstm
2020-12-16 11:30:00,0.6382,0.6040753,lstm
2020-12-16 11:30:00,0.6788,0.6528145,lstm
2020-12-16 11:30:00,0.7132,0.6849159,lstm
2020-12-16 11:45:00,0.6382,0.6324551,lstm
2020-12-16 11:45:00,0.6788,0.66004413,lstm
2020-12-16 11:45:00,0.7132,0.70057005,lstm
2020-12-16 11:45:00,0.7456,0.71876425,lstm
2020-12-16 12:00:00,0.6788,0.6653689,lstm
2020-12-16 12:00:00,0.7132,0.6870351,lstm
2020-12-16 12:00:00,0.7456,0.71441424,lstm
2020-12-16 12:00:00,0.77,0.72831595,lstm
2020-12-16 12:15:00,0.7132,0.6881551,lstm
2020-12-16 12:15:00,0.7456,0.7039044,lstm
2020-12-16 12:15:00,0.77,0.7198164,lstm
2020-12-16 12:15:00,0.7914,0.73246104,lstm
2020-12-16 12:30:00,0.7456,0.70512456,lstm
2020-12-16 12:30:00,0.77,0.7148912,lstm
2020-12-16 12:30:00,0.7914,0.72238463,lstm
2020-12-16 12:30:00,0.805,0.7332368,lstm
2020-12-16 12:45:00,0.77,0.7224775,lstm
2020-12-16 12:45:00,0.79139996,0.7274569,lstm
2020-12-16 12:45:00,0.80500007,0.7303418,lstm
2020-12-16 12:45:00,0.815,0.7395475,lstm
2020-12-16 13:00:00,0.7914,0.7319693,lstm
2020-12-16 13:00:00,0.80499995,0.7337134,lstm
2020-12-16 13:00:00,0.815,0.73346186,lstm
2020-12-16 13:00:00,0.8194,0.7399489,lstm
2020-12-16 13:15:00,0.805,0.7477002,lstm
2020-12-16 13:15:00,0.81499994,0.74664927,lstm
2020-12-16 13:15:00,0.8194,0.7462741,lstm
2020-12-16 13:15:00,0.8108,0.752457,lstm
2020-12-16 13:30:00,0.815,0.7627703,lstm
2020-12-16 13:30:00,0.81939995,0.75881004,lstm
2020-12-16 13:30:00,0.8108,0.7583637,lstm
2020-12-16 13:30:00,0.7458,0.76473963,lstm
2020-12-16 13:45:00,0.8194,0.78488064,lstm
2020-12-16 13:45:00,0.81079996,0.7775955,lstm
2020-12-16 13:45:00,0.7458,0.7775615,lstm
2020-12-16 13:45:00,0.715,0.78359634,lstm
2020-12-16 14:00:00,0.8108,0.7965802,lstm
2020-12-16 14:00:00,0.7458,0.78815794,lstm
2020-12-16 14:00:00,0.715,0.7883209,lstm
2020-12-16 14:00:00,0.6852,0.7931522,lstm
2020-12-16 14:15:00,0.7458,0.7881744,lstm
2020-12-16 14:15:00,0.7149999,0.7778202,lstm
2020-12-16 14:15:00,0.6852,0.7752557,lstm
2020-12-16 14:15:00,0.6643999,0.7765288,lstm
2020-12-16 14:30:00,0.715,0.6810086,lstm
2020-12-16 14:30:00,0.6852,0.6667251,lstm
2020-12-16 14:30:00,0.6644,0.6507687,lstm
2020-12-16 14:30:00,0.6638,0.64756715,lstm
2020-12-16 14:45:00,0.6852,0.66753304,lstm
2020-12-16 14:45:00,0.6644,0.6456882,lstm
2020-12-16 14:45:00,0.6638,0.62681854,lstm
2020-12-16 14:45:00,0.6684,0.63246614,lstm
2020-12-16 15:00:00,0.6644,0.64187443,lstm
2020-12-16 15:00:00,0.6638,0.62804973,lstm
2020-12-16 15:00:00,0.6684,0.6066105,lstm
2020-12-16 15:00:00,0.6582,0.61595833,lstm
2020-12-16 15:15:00,0.6638,0.55262494,lstm
2020-12-16 15:15:00,0.6684,0.5314541,lstm
2020-12-16 15:15:00,0.6582,0.4939713,lstm
2020-12-16 15:15:00,0.6318,0.49862868,lstm
2020-12-16 15:30:00,0.6684,0.50759745,lstm
2020-12-16 15:30:00,0.6582,0.4908821,lstm
2020-12-16 15:30:00,0.6318,0.4477604,lstm
2020-12-16 15:30:00,0.6028,0.44718277,lstm
2020-12-16 15:45:00,0.6582,0.43354708,lstm
2020-12-16 15:45:00,0.6318,0.42976934,lstm
2020-12-16 15:45:00,0.6028,0.3951139,lstm
2020-12-16 15:45:00,0.6008,0.39090645,lstm
2020-12-16 16:00:00,0.6318,0.3654843,lstm
2020-12-16 16:00:00,0.6028,0.37199605,lstm
2020-12-16 16:00:00,0.6008,0.35248464,lstm
2020-12-16 16:00:00,0.5442,0.33945286,lstm
2020-12-16 16:15:00,0.6028,0.29230285,lstm
2020-12-16 16:15:00,0.6008,0.29934147,lstm
2020-12-16 16:15:00,0.5442,0.2851802,lstm
2020-12-16 16:15:00,0.46460003,0.2658014,lstm
2020-12-16 16:30:00,0.6008,0.19053748,lstm
2020-12-16 16:30:00,0.5442,0.18779284,lstm
2020-12-16 16:30:00,0.46460003,0.17061712,lstm
2020-12-16 16:30:00,0.3322,0.16641553,lstm
2020-12-16 16:45:00,0.5442,0.098462574,lstm
2020-12-16 16:45:00,0.4646,0.0973046,lstm
2020-12-16 16:45:00,0.3322,0.082404785,lstm
2020-12-16 16:45:00,0.1938,0.08596769,lstm
2020-12-16 17:00:00,0.4646,0.06787215,lstm
2020-12-16 17:00:00,0.3322,0.06568208,lstm
2020-12-16 17:00:00,0.1938,0.043529317,lstm
2020-12-16 17:00:00,0.1204,0.04631728,lstm
2020-12-16 17:15:00,0.3322,0.07041703,lstm
2020-12-16 17:15:00,0.1938,0.06869728,lstm
2020-12-16 17:15:00,0.1204,0.034062967,lstm
2020-12-16 17:15:00,0.06480001,0.040662408,lstm
2020-12-16 17:30:00,0.1938,0.07684035,lstm
2020-12-16 17:30:00,0.120400004,0.069012836,lstm
2020-12-16 17:30:00,0.06480001,0.024796933,lstm
2020-12-16 17:30:00,0.019600004,0.038481206,lstm
2020-12-16 17:45:00,0.1204,0.06383103,lstm
2020-12-16 17:45:00,0.064799994,0.044529557,lstm
2020-12-16 17:45:00,0.019600004,0.012207374,lstm
2020-12-16 17:45:00,0.0015999973,0.02281399,lstm
2020-12-16 18:00:00,0.064799994,0.043720186,lstm
2020-12-16 18:00:00,0.019600004,0.012078449,lstm
2020-12-16 18:00:00,0.0015999973,-0.0010543913,lstm
2020-12-16 18:00:00,0.0,-0.0029231012,lstm
2020-12-16 18:15:00,0.019600004,0.028543666,lstm
2020-12-16 18:15:00,0.0015999824,0.00076691806,lstm
2020-12-16 18:15:00,0.0,-0.006317109,lstm
2020-12-16 18:15:00,0.0,-0.007537514,lstm
2020-12-16 18:30:00,0.0015999973,0.018055141,lstm
2020-12-16 18:30:00,0.0,-0.002277106,lstm
2020-12-16 18:30:00,0.0,-0.00621368,lstm
2020-12-16 18:30:00,0.0,-0.0056604594,lstm
2020-12-16 18:45:00,0.0,0.009986967,lstm
2020-12-16 18:45:00,0.0,-0.002909422,lstm
2020-12-16 18:45:00,0.0,-0.0043002367,lstm
2020-12-16 18:45:00,0.0,-0.0029259324,lstm
2020-12-16 19:00:00,0.0,0.0045159906,lstm
2020-12-16 19:00:00,0.0,-0.0029395372,lstm
2020-12-16 19:00:00,0.0,-0.0030256063,lstm
2020-12-16 19:00:00,0.0,-0.0010210127,lstm
2020-12-16 19:15:00,0.0,0.002020359,lstm
2020-12-16 19:15:00,0.0,-0.0028917491,lstm
2020-12-16 19:15:00,0.0,-0.002129674,lstm
2020-12-16 19:15:00,0.0,-0.00013366342,lstm
2020-12-16 19:30:00,0.0,0.00067682564,lstm
2020-12-16 19:30:00,0.0,-0.0029360205,lstm
2020-12-16 19:30:00,0.0,-0.0016025007,lstm
2020-12-16 19:30:00,0.0,0.00018754601,lstm
2020-12-16 19:45:00,0.0,-7.593632e-05,lstm
2020-12-16 19:45:00,0.0,-0.003106624,lstm
2020-12-16 19:45:00,0.0,-0.001501888,lstm
2020-12-16 19:45:00,0.0,0.00026895106,lstm
2020-12-16 20:00:00,0.0,-0.0004952997,lstm
2020-12-16 20:00:00,0.0,-0.0032010078,lstm
2020-12-16 20:00:00,0.0,-0.0014568716,lstm
2020-12-16 20:00:00,0.0,0.00033710897,lstm
2020-12-16 20:15:00,0.0,-0.0007289648,lstm
2020-12-16 20:15:00,0.0,-0.003250301,lstm
2020-12-16 20:15:00,0.0,-0.001426816,lstm
2020-12-16 20:15:00,0.0,0.0003797859,lstm
2020-12-16 20:30:00,0.0,-0.0008637756,lstm
2020-12-16 20:30:00,0.0,-0.0032766163,lstm
2020-12-16 20:30:00,0.0,-0.0014058203,lstm
2020-12-16 20:30:00,0.0,0.00040492415,lstm
2020-12-16 20:45:00,0.0,-0.0010295063,lstm
2020-12-16 20:45:00,0.0,-0.0034125298,lstm
2020-12-16 20:45:00,0.0,-0.0015604496,lstm
2020-12-16 20:45:00,0.0,0.00036476552,lstm
2020-12-16 21:00:00,0.0,-0.0011224002,lstm
2020-12-16 21:00:00,0.0,-0.0034460574,lstm
2020-12-16 21:00:00,0.0,-0.0015782416,lstm
2020-12-16 21:00:00,0.0,0.0004003793,lstm
2020-12-16 21:15:00,0.0,-0.0011823624,lstm
2020-12-16 21:15:00,0.0,-0.0034615397,lstm
2020-12-16 21:15:00,0.0,-0.0015723854,lstm
2020-12-16 21:15:00,0.0,0.00042064488,lstm
2020-12-16 21:30:00,0.0,-0.0012172908,lstm
2020-12-16 21:30:00,0.0,-0.0034666955,lstm
2020-12-16 21:30:00,0.0,-0.0015637279,lstm
2020-12-16 21:30:00,0.0,0.0004310012,lstm
2020-12-16 21:45:00,0.0,-0.0013561398,lstm
2020-12-16 21:45:00,0.0,-0.0035969615,lstm
2020-12-16 21:45:00,0.0,-0.0017339587,lstm
2020-12-16 21:45:00,0.0,0.00037404895,lstm
2020-12-16 22:00:00,0.0,-0.0013820529,lstm
2020-12-16 22:00:00,0.0,-0.0035708696,lstm
2020-12-16 22:00:00,0.0,-0.0017216653,lstm
2020-12-16 22:00:00,0.0,0.00043442845,lstm
2020-12-16 22:15:00,0.0,-0.0013948679,lstm
2020-12-16 22:15:00,0.0,-0.0035419762,lstm
2020-12-16 22:15:00,0.0,-0.0016960055,lstm
2020-12-16 22:15:00,0.0,0.00048145652,lstm
2020-12-16 22:30:00,0.0,-0.0014093667,lstm
2020-12-16 22:30:00,0.0,-0.0035234243,lstm
2020-12-16 22:30:00,0.0,-0.0016707778,lstm
2020-12-16 22:30:00,0.0,0.00051787496,lstm
2020-12-16 22:45:00,0.0,-0.0015374124,lstm
2020-12-16 22:45:00,0.0,-0.0036164522,lstm
2020-12-16 22:45:00,0.0,-0.0018187612,lstm
2020-12-16 22:45:00,0.0,0.00047253072,lstm
2020-12-16 23:00:00,0.0,-0.0015479773,lstm
2020-12-16 23:00:00,0.0,-0.0035755038,lstm
2020-12-16 23:00:00,0.0,-0.001783371,lstm
2020-12-16 23:00:00,0.0,0.000533551,lstm
2020-12-16 23:15:00,0.0,-0.0015479773,lstm
2020-12-16 23:15:00,0.0,-0.0035407841,lstm
2020-12-16 23:15:00,0.0,-0.0017483532,lstm
2020-12-16 23:15:00,0.0,0.00057442486,lstm
2020-12-16 23:30:00,0.0,-0.0015316606,lstm
2020-12-16 23:30:00,0.0,-0.0035077184,lstm
2020-12-16 23:30:00,0.0,-0.0017322302,lstm
2020-12-16 23:30:00,0.0,0.00059844553,lstm
2020-12-16 23:45:00,0.0,-0.0016350895,lstm
2020-12-16 23:45:00,0.0,-0.003576398,lstm
2020-12-16 23:45:00,0.0,-0.0018743575,lstm
2020-12-16 23:45:00,0.0,0.0005442947,lstm
2020-12-17 00:00:00,0.0,-0.0016211271,lstm
2020-12-17 00:00:00,0.0,-0.003525883,lstm
2020-12-17 00:00:00,0.0,-0.0018404871,lstm
2020-12-17 00:00:00,0.0,0.00058837235,lstm
2020-12-17 00:15:00,0.0,-0.0016015321,lstm
2020-12-17 00:15:00,0.0,-0.0034882873,lstm
2020-12-17 00:15:00,0.0,-0.0018104911,lstm
2020-12-17 00:15:00,0.0,0.0006185472,lstm
2020-12-17 00:30:00,0.0,-0.0015951544,lstm
2020-12-17 00:30:00,0.0,-0.003471762,lstm
2020-12-17 00:30:00,0.0,-0.0017968863,lstm
2020-12-17 00:30:00,0.0,0.0006336868,lstm
2020-12-17 00:45:00,0.0,-0.0016869158,lstm
2020-12-17 00:45:00,0.0,-0.003522113,lstm
2020-12-17 00:45:00,0.0,-0.0019196421,lstm
2020-12-17 00:45:00,0.0,0.0005696118,lstm
2020-12-17 01:00:00,0.0,-0.0016658008,lstm
2020-12-17 01:00:00,0.0,-0.0034736395,lstm
2020-12-17 01:00:00,0.0,-0.001882866,lstm
2020-12-17 01:00:00,0.0,0.0005913377,lstm
2020-12-17 01:15:00,0.0,-0.0016473532,lstm
2020-12-17 01:15:00,0.0,-0.0034514815,lstm
2020-12-17 01:15:00,0.0,-0.0018706769,lstm
2020-12-17 01:15:00,0.0,0.00058972836,lstm
2020-12-17 01:30:00,0.0,-0.0016355515,lstm
2020-12-17 01:30:00,0.0,-0.0034382492,lstm
2020-12-17 01:30:00,0.0,-0.0018621385,lstm
2020-12-17 01:30:00,0.0,0.00059242547,lstm
2020-12-17 01:45:00,0.0,-0.0017061085,lstm
2020-12-17 01:45:00,0.0,-0.0034835339,lstm
2020-12-17 01:45:00,0.0,-0.0019937009,lstm
2020-12-17 01:45:00,0.0,0.00049485266,lstm
2020-12-17 02:00:00,0.0,-0.00167346,lstm
2020-12-17 02:00:00,0.0,-0.003445074,lstm
2020-12-17 02:00:00,0.0,-0.0019677132,lstm
2020-12-17 02:00:00,0.0,0.0004891604,lstm
2020-12-17 02:15:00,0.0,-0.0016504526,lstm
2020-12-17 02:15:00,0.0,-0.0034350455,lstm
2020-12-17 02:15:00,0.0,-0.0019628704,lstm
2020-12-17 02:15:00,0.0,0.0004694909,lstm
2020-12-17 02:30:00,0.0,-0.0016376972,lstm
2020-12-17 02:30:00,0.0,-0.0034334064,lstm
2020-12-17 02:30:00,0.0,-0.0019646585,lstm
2020-12-17 02:30:00,0.0,0.00045396388,lstm
2020-12-17 02:45:00,0.0,-0.0016831309,lstm
2020-12-17 02:45:00,0.0,-0.0034666806,lstm
2020-12-17 02:45:00,0.0,-0.0020718426,lstm
2020-12-17 02:45:00,0.0,0.0003541559,lstm
2020-12-17 03:00:00,0.0,-0.0016539991,lstm
2020-12-17 03:00:00,0.0,-0.0034472197,lstm
2020-12-17 03:00:00,0.0,-0.0020530224,lstm
2020-12-17 03:00:00,0.0,0.00032658875,lstm
2020-12-17 03:15:00,0.0,-0.0016366094,lstm
2020-12-17 03:15:00,0.0,-0.0034598112,lstm
2020-12-17 03:15:00,0.0,-0.0020643324,lstm
2020-12-17 03:15:00,0.0,0.00028280914,lstm
2020-12-17 03:30:00,0.0,-0.0016120672,lstm
2020-12-17 03:30:00,0.0,-0.0034668446,lstm
2020-12-17 03:30:00,0.0,-0.0020865947,lstm
2020-12-17 03:30:00,0.0,0.00024269521,lstm
2020-12-17 03:45:00,0.0,-0.0016358048,lstm
2020-12-17 03:45:00,0.0,-0.0034962893,lstm
2020-12-17 03:45:00,0.0,-0.0021770597,lstm
2020-12-17 03:45:00,0.0,0.00014337897,lstm
2020-12-17 04:00:00,0.0,-0.0016053915,lstm
2020-12-17 04:00:00,0.0,-0.0035094172,lstm
2020-12-17 04:00:00,0.0,-0.002199337,lstm
2020-12-17 04:00:00,0.0,7.107854e-05,lstm
2020-12-17 04:15:00,0.0,-0.0015795231,lstm
2020-12-17 04:15:00,0.0,-0.003540501,lstm
2020-12-17 04:15:00,0.0,-0.0022355616,lstm
2020-12-17 04:15:00,0.0,8.836389e-06,lstm
2020-12-17 04:30:00,0.0,-0.0015481561,lstm
2020-12-17 04:30:00,0.0,-0.003563553,lstm
2020-12-17 04:30:00,0.0,-0.0022733063,lstm
2020-12-17 04:30:00,0.0,-4.3287873e-05,lstm
2020-12-17 04:45:00,0.0,-0.001564756,lstm
2020-12-17 04:45:00,0.0,-0.0035965294,lstm
2020-12-17 04:45:00,0.0,-0.0023506284,lstm
2020-12-17 04:45:00,0.0,-0.00013102591,lstm
2020-12-17 05:00:00,0.0,-0.0015516579,lstm
2020-12-17 05:00:00,0.0,-0.003650248,lstm
2020-12-17 05:00:00,0.0,-0.0024045557,lstm
2020-12-17 05:00:00,0.0,-0.00021936,lstm
2020-12-17 05:15:00,0.0,-0.0015245527,lstm
2020-12-17 05:15:00,0.0,-0.0037055463,lstm
2020-12-17 05:15:00,0.0,-0.0024664253,lstm
2020-12-17 05:15:00,0.0,-0.0002900511,lstm
2020-12-17 05:30:00,0.0,-0.001496166,lstm
2020-12-17 05:30:00,0.0,-0.003753394,lstm
2020-12-17 05:30:00,0.0,-0.0025157928,lstm
2020-12-17 05:30:00,0.0,-0.00033687055,lstm
2020-12-17 05:45:00,0.0,-0.0015144795,lstm
2020-12-17 05:45:00,0.0,-0.0037981868,lstm
2020-12-17 05:45:00,0.0,-0.0025844425,lstm
2020-12-17 05:45:00,0.0,-0.00039426982,lstm
2020-12-17 06:00:00,0.0,-0.001501292,lstm
2020-12-17 06:00:00,0.0,-0.0038814992,lstm
2020-12-17 06:00:00,0.0,-0.0026537925,lstm
2020-12-17 06:00:00,0.0,-0.0004618615,lstm
2020-12-17 06:15:00,0.0,-0.0014552176,lstm
2020-12-17 06:15:00,0.0,-0.00395979,lstm
2020-12-17 06:15:00,0.0,-0.0027332455,lstm
2020-12-17 06:15:00,0.0,-0.00051376224,lstm
2020-12-17 06:30:00,0.0,-0.0013930947,lstm
2020-12-17 06:30:00,0.0,-0.004026711,lstm
2020-12-17 06:30:00,0.0,-0.002801016,lstm
2020-12-17 06:30:00,0.0,-0.0005517006,lstm
2020-12-17 06:45:00,0.0,-0.0013862401,lstm
2020-12-17 06:45:00,0.0,-0.0040629655,lstm
2020-12-17 06:45:00,0.0,-0.002823785,lstm
2020-12-17 06:45:00,0.0,-0.0005145371,lstm
2020-12-17 07:00:00,0.0,-0.0013709813,lstm
2020-12-17 07:00:00,0.0,-0.0041724294,lstm
2020-12-17 07:00:00,0.0,-0.002883941,lstm
2020-12-17 07:00:00,0.0,-0.0005094856,lstm
2020-12-17 07:15:00,0.0,-0.0013058633,lstm
2020-12-17 07:15:00,0.0,-0.004280016,lstm
2020-12-17 07:15:00,0.0,-0.0029588342,lstm
2020-12-17 07:15:00,0.0,-0.0004916638,lstm
2020-12-17 07:30:00,0.0,-0.0012219399,lstm
2020-12-17 07:30:00,0.0,-0.0043730587,lstm
2020-12-17 07:30:00,0.0,-0.0030037165,lstm
2020-12-17 07:30:00,0.0,-0.00044706464,lstm
2020-12-17 07:45:00,0.0,-0.001143992,lstm
2020-12-17 07:45:00,0.0,-0.0043936223,lstm
2020-12-17 07:45:00,0.0,-0.0029647052,lstm
2020-12-17 07:45:00,0.0,-0.00026907027,lstm
2020-12-17 08:00:00,0.0,-0.0010757148,lstm
2020-12-17 08:00:00,0.0,-0.0045075566,lstm
2020-12-17 08:00:00,0.0,-0.002954781,lstm
2020-12-17 08:00:00,0.0,-7.44313e-05,lstm
2020-12-17 08:15:00,0.0,-0.00095421076,lstm
2020-12-17 08:15:00,0.0,-0.004630506,lstm
2020-12-17 08:15:00,0.0,-0.0029242784,lstm
2020-12-17 08:15:00,0.0,0.00019994378,lstm
2020-12-17 08:30:00,0.0,-0.00077059865,lstm
2020-12-17 08:30:00,0.0,-0.0047644675,lstm
2020-12-17 08:30:00,0.0,-0.0028550923,lstm
2020-12-17 08:30:00,0.0,0.0005881041,lstm
2020-12-17 08:45:00,0.0,-0.00053307414,lstm
2020-12-17 08:45:00,0.0,-0.0047593117,lstm
2020-12-17 08:45:00,0.0,-0.0025537908,lstm
2020-12-17 08:45:00,0.00040002167,0.001441285,lstm
2020-12-17 09:00:00,0.0,-0.00023376942,lstm
2020-12-17 09:00:00,0.0,-0.004826501,lstm
2020-12-17 09:00:00,0.00040000677,-0.0019732416,lstm
2020-12-17 09:00:00,0.010600001,0.0032195598,lstm
2020-12-17 09:15:00,0.0,0.0002773553,lstm
2020-12-17 09:15:00,0.00040000677,-0.004574418,lstm
2020-12-17 09:15:00,0.0106000155,8.045137e-05,lstm
2020-12-17 09:15:00,0.038599998,0.008916423,lstm
2020-12-17 09:30:00,0.00040000677,0.0006162524,lstm
2020-12-17 09:30:00,0.010600001,-0.00076824427,lstm
2020-12-17 09:30:00,0.038600013,0.011398077,lstm
2020-12-17 09:30:00,0.0896,0.03495136,lstm
2020-12-17 09:45:00,0.010600001,0.0007599741,lstm
2020-12-17 09:45:00,0.038599998,0.011167705,lstm
2020-12-17 09:45:00,0.0896,0.038785875,lstm
2020-12-17 09:45:00,0.1368,0.087197155,lstm
2020-12-17 10:00:00,0.038599998,0.022733614,lstm
2020-12-17 10:00:00,0.0896,0.059042737,lstm
2020-12-17 10:00:00,0.1368,0.123610854,lstm
2020-12-17 10:00:00,0.241,0.20548679,lstm
2020-12-17 10:15:00,0.0896,0.084140554,lstm
2020-12-17 10:15:00,0.1368,0.1503572,lstm
2020-12-17 10:15:00,0.241,0.24852225,lstm
2020-12-17 10:15:00,0.3884,0.3367039,lstm
2020-12-17 10:30:00,0.1368,0.17529675,lstm
2020-12-17 10:30:00,0.241,0.26657823,lstm
2020-12-17 10:30:00,0.38840002,0.37365192,lstm
2020-12-17 10:30:00,0.472,0.44896263,lstm
2020-12-17 10:45:00,0.241,0.24736267,lstm
2020-12-17 10:45:00,0.3884,0.34253132,lstm
2020-12-17 10:45:00,0.472,0.42595717,lstm
2020-12-17 10:45:00,0.5422,0.48925763,lstm
2020-12-17 11:00:00,0.38839996,0.37351167,lstm
2020-12-17 11:00:00,0.472,0.45320222,lstm
2020-12-17 11:00:00,0.5422,0.51208544,lstm
2020-12-17 11:00:00,0.596,0.57536286,lstm
2020-12-17 11:15:00,0.472,0.466441,lstm
2020-12-17 11:15:00,0.5422,0.5271883,lstm
2020-12-17 11:15:00,0.596,0.5787424,lstm
2020-12-17 11:15:00,0.6356,0.6352384,lstm
2020-12-17 11:30:00,0.5422,0.5363656,lstm
2020-12-17 11:30:00,0.596,0.58118486,lstm
2020-12-17 11:30:00,0.6356,0.62773335,lstm
2020-12-17 11:30:00,0.656,0.6643215,lstm
2020-12-17 11:45:00,0.596,0.5998669,lstm
2020-12-17 11:45:00,0.6356,0.6302969,lstm
2020-12-17 11:45:00,0.656,0.66878515,lstm
2020-12-17 11:45:00,0.6824,0.68872166,lstm
2020-12-17 12:00:00,0.6356,0.6420375,lstm
2020-12-17 12:00:00,0.656,0.663531,lstm
2020-12-17 12:00:00,0.6824,0.69116724,lstm
2020-12-17 12:00:00,0.7338,0.7055031,lstm
2020-12-17 12:15:00,0.656,0.66851306,lstm
2020-12-17 12:15:00,0.6824,0.68380654,lstm
2020-12-17 12:15:00,0.7338,0.7006518,lstm
2020-12-17 12:15:00,0.75659996,0.713398,lstm
2020-12-17 12:30:00,0.6824,0.6698014,lstm
2020-12-17 12:30:00,0.73379993,0.6781368,lstm
2020-12-17 12:30:00,0.7566,0.68340147,lstm
2020-12-17 12:30:00,0.7402,0.6922528,lstm
2020-12-17 12:45:00,0.7338,0.68931407,lstm
2020-12-17 12:45:00,0.7566,0.69000953,lstm
2020-12-17 12:45:00,0.7402,0.69204587,lstm
2020-12-17 12:45:00,0.7788,0.6994139,lstm
2020-12-17 13:00:00,0.7566,0.7384835,lstm
2020-12-17 13:00:00,0.7401999,0.7439612,lstm
2020-12-17 13:00:00,0.7788,0.75104773,lstm
2020-12-17 13:00:00,0.8066,0.76621515,lstm
2020-12-17 13:15:00,0.7402,0.7459239,lstm
2020-12-17 13:15:00,0.7788,0.75426626,lstm
2020-12-17 13:15:00,0.8066,0.75714815,lstm
2020-12-17 13:15:00,0.792,0.7706326,lstm
2020-12-17 13:30:00,0.7788,0.70479786,lstm
2020-12-17 13:30:00,0.8066,0.6999736,lstm
2020-12-17 13:30:00,0.792,0.6935599,lstm
2020-12-17 13:30:00,0.8001999,0.6964343,lstm
2020-12-17 13:45:00,0.8066,0.7804491,lstm
2020-12-17 13:45:00,0.79199994,0.7745038,lstm
2020-12-17 13:45:00,0.8001999,0.7783415,lstm
2020-12-17 13:45:00,0.7842,0.78878564,lstm
2020-12-17 14:00:00,0.792,0.8039022,lstm
2020-12-17 14:00:00,0.8002,0.80536926,lstm
2020-12-17 14:00:00,0.7842,0.8101409,lstm
2020-12-17 14:00:00,0.77839994,0.82187754,lstm
2020-12-17 14:15:00,0.8002,0.77974254,lstm
2020-12-17 14:15:00,0.78419995,0.77853596,lstm
2020-12-17 14:15:00,0.77839994,0.7764222,lstm
2020-12-17 14:15:00,0.7688,0.77854514,lstm
2020-12-17 14:30:00,0.7842,0.8001779,lstm
2020-12-17 14:30:00,0.77839994,0.7925366,lstm
2020-12-17 14:30:00,0.7688,0.7910913,lstm
2020-12-17 14:30:00,0.7538,0.7939531,lstm
2020-12-17 14:45:00,0.7784,0.7781106,lstm
2020-12-17 14:45:00,0.7688,0.7674618,lstm
2020-12-17 14:45:00,0.7538,0.7585808,lstm
2020-12-17 14:45:00,0.7334,0.75241643,lstm
2020-12-17 15:00:00,0.7688,0.7821913,lstm
2020-12-17 15:00:00,0.7537999,0.7646246,lstm
2020-12-17 15:00:00,0.7334,0.75194895,lstm
2020-12-17 15:00:00,0.702,0.7429134,lstm
2020-12-17 15:15:00,0.7538,0.76552325,lstm
2020-12-17 15:15:00,0.7334,0.7464572,lstm
2020-12-17 15:15:00,0.702,0.7292514,lstm
2020-12-17 15:15:00,0.6338,0.71561235,lstm
2020-12-17 15:30:00,0.7334,0.67752874,lstm
2020-12-17 15:30:00,0.702,0.65970683,lstm
2020-12-17 15:30:00,0.6338,0.6263575,lstm
2020-12-17 15:30:00,0.6244,0.6110571,lstm
2020-12-17 15:45:00,0.702,0.6057457,lstm
2020-12-17 15:45:00,0.6338,0.5621954,lstm
2020-12-17 15:45:00,0.6244,0.49994546,lstm
2020-12-17 15:45:00,0.5518,0.4645015,lstm
2020-12-17 16:00:00,0.6338,0.5694632,lstm
2020-12-17 16:00:00,0.6244,0.5111152,lstm
2020-12-17 16:00:00,0.55179995,0.44058657,lstm
2020-12-17 16:00:00,0.47100002,0.38484,lstm
2020-12-17 16:15:00,0.6244,0.51115394,lstm
2020-12-17 16:15:00,0.5518,0.44041008,lstm
2020-12-17 16:15:00,0.47100002,0.37502193,lstm
2020-12-17 16:15:00,0.4048,0.3113304,lstm
2020-12-17 16:30:00,0.5518,0.49063247,lstm
2020-12-17 16:30:00,0.471,0.399741,lstm
2020-12-17 16:30:00,0.4048,0.3325852,lstm
2020-12-17 16:30:00,0.2714,0.25971776,lstm
2020-12-17 16:45:00,0.471,0.4410932,lstm
2020-12-17 16:45:00,0.4048,0.33527347,lstm
2020-12-17 16:45:00,0.2714,0.2609776,lstm
2020-12-17 16:45:00,0.1482,0.18590441,lstm
2020-12-17 17:00:00,0.4048,0.2208337,lstm
2020-12-17 17:00:00,0.2714,0.18415076,lstm
2020-12-17 17:00:00,0.1482,0.12937284,lstm
2020-12-17 17:00:00,0.0884,0.114477076,lstm
2020-12-17 17:15:00,0.2714,0.15685488,lstm
2020-12-17 17:15:00,0.1482,0.13341317,lstm
2020-12-17 17:15:00,0.0884,0.07677386,lstm
2020-12-17 17:15:00,0.03559999,0.07510717,lstm
2020-12-17 17:30:00,0.1482,0.21852651,lstm
2020-12-17 17:30:00,0.0884,0.13342413,lstm
2020-12-17 17:30:00,0.03559999,0.06430143,lstm
2020-12-17 17:30:00,0.010800004,0.030781135,lstm
2020-12-17 17:45:00,0.0884,0.07305257,lstm
2020-12-17 17:45:00,0.035600007,0.035432994,lstm
2020-12-17 17:45:00,0.010800004,0.011867434,lstm
2020-12-17 17:45:00,0.001000002,0.0042910427,lstm
2020-12-17 18:00:00,0.03559999,0.034400523,lstm
2020-12-17 18:00:00,0.010800004,0.0078547895,lstm
2020-12-17 18:00:00,0.001000002,-0.00090286136,lstm
2020-12-17 18:00:00,0.0,-0.0052744895,lstm
2020-12-17 18:15:00,0.010799989,0.020811632,lstm
2020-12-17 18:15:00,0.001000002,0.00064986944,lstm
2020-12-17 18:15:00,0.0,-0.004661903,lstm
2020-12-17 18:15:00,0.0,-0.0053251386,lstm
2020-12-17 18:30:00,0.001000002,0.011081815,lstm
2020-12-17 18:30:00,0.0,-0.0015678257,lstm
2020-12-17 18:30:00,0.0,-0.0036723167,lstm
2020-12-17 18:30:00,0.0,-0.0026713014,lstm
2020-12-17 18:45:00,0.0,0.0055211484,lstm
2020-12-17 18:45:00,0.0,-0.0020956546,lstm
2020-12-17 18:45:00,0.0,-0.0027500838,lstm
2020-12-17 18:45:00,0.0,-0.0009458363,lstm
2020-12-17 19:00:00,0.0,0.0025853664,lstm
2020-12-17 19:00:00,0.0,-0.0023563951,lstm
2020-12-17 19:00:00,0.0,-0.0018998384,lstm
2020-12-17 19:00:00,0.0,-8.031726e-06,lstm
2020-12-17 19:15:00,0.0,0.0010330975,lstm
2020-12-17 19:15:00,0.0,-0.0026065707,lstm
2020-12-17 19:15:00,0.0,-0.0014870167,lstm
2020-12-17 19:15:00,0.0,0.00026157498,lstm
2020-12-17 19:30:00,0.0,0.00021503866,lstm
2020-12-17 19:30:00,0.0,-0.0027904063,lstm
2020-12-17 19:30:00,0.0,-0.0013149381,lstm
2020-12-17 19:30:00,0.0,0.0003386587,lstm
2020-12-17 19:45:00,0.0,-0.00027793646,lstm
2020-12-17 19:45:00,0.0,-0.0030281544,lstm
2020-12-17 19:45:00,0.0,-0.0013939142,lstm
2020-12-17 19:45:00,0.0,0.00031270087,lstm
2020-12-17 20:00:00,0.0,-0.0005850941,lstm
2020-12-17 20:00:00,0.0,-0.003154233,lstm
2020-12-17 20:00:00,0.0,-0.0014199913,lstm
2020-12-17 20:00:00,0.0,0.00033947825,lstm
2020-12-17 20:15:00,0.0,-0.0007777959,lstm
2020-12-17 20:15:00,0.0,-0.0032359064,lstm
2020-12-17 20:15:00,0.0,-0.0014243573,lstm
2020-12-17 20:15:00,0.0,0.00034885108,lstm
2020-12-17 20:30:00,0.0,-0.0008815527,lstm
2020-12-17 20:30:00,0.0,-0.003255397,lstm
2020-12-17 20:30:00,0.0,-0.0014121234,lstm
2020-12-17 20:30:00,0.0,0.0003733635,lstm
2020-12-17 20:45:00,0.0,-0.001045227,lstm
2020-12-17 20:45:00,0.0,-0.003424868,lstm
2020-12-17 20:45:00,0.0,-0.0015837103,lstm
2020-12-17 20:45:00,0.0,0.00031083822,lstm
2020-12-17 21:00:00,0.0,-0.0011276454,lstm
2020-12-17 21:00:00,0.0,-0.003458783,lstm
2020-12-17 21:00:00,0.0,-0.0016025454,lstm
2020-12-17 21:00:00,0.0,0.00034755468,lstm
2020-12-17 21:15:00,0.0,-0.0011706799,lstm
2020-12-17 21:15:00,0.0,-0.003453672,lstm
2020-12-17 21:15:00,0.0,-0.0015934855,lstm
2020-12-17 21:15:00,0.0,0.00038556755,lstm
2020-12-17 21:30:00,0.0,-0.0012133718,lstm
2020-12-17 21:30:00,0.0,-0.0034554899,lstm
2020-12-17 21:30:00,0.0,-0.0015760958,lstm
2020-12-17 21:30:00,0.0,0.00041490793,lstm
2020-12-17 21:45:00,0.0,-0.0013573915,lstm
2020-12-17 21:45:00,0.0,-0.0035807937,lstm
2020-12-17 21:45:00,0.0,-0.0017462075,lstm
2020-12-17 21:45:00,0.0,0.0003668666,lstm
2020-12-17 22:00:00,0.0,-0.0014013946,lstm
2020-12-17 22:00:00,0.0,-0.0035619289,lstm
2020-12-17 22:00:00,0.0,-0.001720801,lstm
2020-12-17 22:00:00,0.0,0.00043784082,lstm
2020-12-17 22:15:00,0.0,-0.0014166981,lstm
2020-12-17 22:15:00,0.0,-0.003534913,lstm
2020-12-17 22:15:00,0.0,-0.0016931295,lstm
2020-12-17 22:15:00,0.0,0.000478819,lstm
2020-12-17 22:30:00,0.0,-0.0014262497,lstm
2020-12-17 22:30:00,0.0,-0.0035143644,lstm
2020-12-17 22:30:00,0.0,-0.0016715676,lstm
2020-12-17 22:30:00,0.0,0.0005120188,lstm
2020-12-17 22:45:00,0.0,-0.0015454441,lstm
2020-12-17 22:45:00,0.0,-0.0036044717,lstm
2020-12-17 22:45:00,0.0,-0.0018305033,lstm
2020-12-17 22:45:00,0.0,0.00046657026,lstm
2020-12-17 23:00:00,0.0,-0.0015485287,lstm
2020-12-17 23:00:00,0.0,-0.003554225,lstm
2020-12-17 23:00:00,0.0,-0.0017897487,lstm
2020-12-17 23:00:00,0.0,0.00053808093,lstm
2020-12-17 23:15:00,0.0,-0.0015570074,lstm
2020-12-17 23:15:00,0.0,-0.0035262406,lstm
2020-12-17 23:15:00,0.0,-0.0017538816,lstm
2020-12-17 23:15:00,0.0,0.00057952106,lstm
2020-12-17 23:30:00,0.0,-0.0015631914,lstm
2020-12-17 23:30:00,0.0,-0.0035041124,lstm
2020-12-17 23:30:00,0.0,-0.0017285794,lstm
2020-12-17 23:30:00,0.0,0.0006080121,lstm
2020-12-17 23:45:00,0.0,-0.0016790181,lstm
2020-12-17 23:45:00,0.0,-0.0035790205,lstm
2020-12-17 23:45:00,0.0,-0.0018698126,lstm
2020-12-17 23:45:00,0.0,0.0005479455,lstm
2020-12-18 00:00:00,0.0,-0.0016705394,lstm
2020-12-18 00:00:00,0.0,-0.0035333335,lstm
2020-12-18 00:00:00,0.0,-0.0018327385,lstm
2020-12-18 00:00:00,0.0,0.0005892664,lstm
2020-12-18 00:15:00,0.0,-0.0016581863,lstm
2020-12-18 00:15:00,0.0,-0.0035037547,lstm
2020-12-18 00:15:00,0.0,-0.0018120557,lstm
2020-12-18 00:15:00,0.0,0.00060997903,lstm
2020-12-18 00:30:00,0.0,-0.0016449839,lstm
2020-12-18 00:30:00,0.0,-0.0034760088,lstm
2020-12-18 00:30:00,0.0,-0.0017917752,lstm
2020-12-18 00:30:00,0.0,0.00063216686,lstm
2020-12-18 00:45:00,0.0,-0.0017372966,lstm
2020-12-18 00:45:00,0.0,-0.0035353303,lstm
2020-12-18 00:45:00,0.0,-0.0019145906,lstm
2020-12-18 00:45:00,0.0,0.0005630106,lstm
2020-12-18 01:00:00,0.0,-0.0017126352,lstm
2020-12-18 01:00:00,0.0,-0.003485009,lstm
2020-12-18 01:00:00,0.0,-0.0018704981,lstm
2020-12-18 01:00:00,0.0,0.0005861372,lstm
2020-12-18 01:15:00,0.0,-0.0016804934,lstm
2020-12-18 01:15:00,0.0,-0.0034585893,lstm
2020-12-18 01:15:00,0.0,-0.0018593818,lstm
2020-12-18 01:15:00,0.0,0.0005803257,lstm
2020-12-18 01:30:00,0.0,-0.0016465336,lstm
2020-12-18 01:30:00,0.0,-0.0034418255,lstm
2020-12-18 01:30:00,0.0,-0.0018756092,lstm
2020-12-18 01:30:00,0.0,0.000564754,lstm
2020-12-18 01:45:00,0.0,-0.0017205477,lstm
2020-12-18 01:45:00,0.0,-0.0034931898,lstm
2020-12-18 01:45:00,0.0,-0.0019989759,lstm
2020-12-18 01:45:00,0.0,0.00048334897,lstm
2020-12-18 02:00:00,0.0,-0.001694724,lstm
2020-12-18 02:00:00,0.0,-0.0034535676,lstm
2020-12-18 02:00:00,0.0,-0.001968637,lstm
2020-12-18 02:00:00,0.0,0.00048179924,lstm
2020-12-18 02:15:00,0.0,-0.0016779602,lstm
2020-12-18 02:15:00,0.0,-0.0034491122,lstm
2020-12-18 02:15:00,0.0,-0.001966536,lstm
2020-12-18 02:15:00,0.0,0.00046032667,lstm
2020-12-18 02:30:00,0.0,-0.001667127,lstm
2020-12-18 02:30:00,0.0,-0.0034499913,lstm
2020-12-18 02:30:00,0.0,-0.0019759387,lstm
2020-12-18 02:30:00,0.0,0.00044038892,lstm
2020-12-18 02:45:00,0.0,-0.0017374009,lstm
2020-12-18 02:45:00,0.0,-0.0034926236,lstm
2020-12-18 02:45:00,0.0,-0.0020671785,lstm
2020-12-18 02:45:00,0.0,0.00035999715,lstm
2020-12-18 03:00:00,0.0,-0.0016914606,lstm
2020-12-18 03:00:00,0.0,-0.003467366,lstm
2020-12-18 03:00:00,0.0,-0.0020763576,lstm
2020-12-18 03:00:00,0.0,0.000297606,lstm
2020-12-18 03:15:00,0.0,-0.001661092,lstm
2020-12-18 03:15:00,0.0,-0.0034796,lstm
2020-12-18 03:15:00,0.0,-0.0020947158,lstm
2020-12-18 03:15:00,0.0,0.00025595725,lstm
2020-12-18 03:30:00,0.0,-0.0016396791,lstm
2020-12-18 03:30:00,0.0,-0.003487587,lstm
2020-12-18 03:30:00,0.0,-0.0021065325,lstm
2020-12-18 03:30:00,0.0,0.00022763014,lstm
2020-12-18 03:45:00,0.0,-0.0016605556,lstm
2020-12-18 03:45:00,0.0,-0.0035136044,lstm
2020-12-18 03:45:00,0.0,-0.0021938235,lstm
2020-12-18 03:45:00,0.0,0.00012814999,lstm
2020-12-18 04:00:00,0.0,-0.0016190559,lstm
2020-12-18 04:00:00,0.0,-0.0035216212,lstm
2020-12-18 04:00:00,0.0,-0.0022152364,lstm
2020-12-18 04:00:00,0.0,5.4985285e-05,lstm
2020-12-18 04:15:00,0.0,-0.0015937537,lstm
2020-12-18 04:15:00,0.0,-0.003550455,lstm
2020-12-18 04:15:00,0.0,-0.0022473484,lstm
2020-12-18 04:15:00,0.0,-5.662441e-07,lstm
2020-12-18 04:30:00,0.0,-0.001579091,lstm
2020-12-18 04:30:00,0.0,-0.0035810918,lstm
2020-12-18 04:30:00,0.0,-0.0022832304,lstm
2020-12-18 04:30:00,0.0,-4.798174e-05,lstm
2020-12-18 04:45:00,0.0,-0.0016185939,lstm
2020-12-18 04:45:00,0.0,-0.0036219358,lstm
2020-12-18 04:45:00,0.0,-0.0023552924,lstm
2020-12-18 04:45:00,0.0,-0.00012983382,lstm
2020-12-18 05:00:00,0.0,-0.0015973002,lstm
2020-12-18 05:00:00,0.0,-0.0036732107,lstm
2020-12-18 05:00:00,0.0,-0.0024194866,lstm
2020-12-18 05:00:00,0.0,-0.00023680925,lstm
2020-12-18 05:15:00,0.0,-0.0015667081,lstm
2020-12-18 05:15:00,0.0,-0.0037373602,lstm
2020-12-18 05:15:00,0.0,-0.002486512,lstm
2020-12-18 05:15:00,0.0,-0.00031541288,lstm
2020-12-18 05:30:00,0.0,-0.0015253127,lstm
2020-12-18 05:30:00,0.0,-0.003789574,lstm
2020-12-18 05:30:00,0.0,-0.0025495738,lstm
2020-12-18 05:30:00,0.0,-0.00038041174,lstm
2020-12-18 05:45:00,0.0,-0.00153476,lstm
2020-12-18 05:45:00,0.0,-0.0038318783,lstm
2020-12-18 05:45:00,0.0,-0.0026152134,lstm
2020-12-18 05:45:00,0.0,-0.00043591857,lstm
2020-12-18 06:00:00,0.0,-0.0015243143,lstm
2020-12-18 06:00:00,0.0,-0.0039196312,lstm
2020-12-18 06:00:00,0.0,-0.0026881248,lstm
2020-12-18 06:00:00,0.0,-0.0005078912,lstm
2020-12-18 06:15:00,0.0,-0.0014855117,lstm
2020-12-18 06:15:00,0.0,-0.004002556,lstm
2020-12-18 06:15:00,0.0,-0.0027655214,lstm
2020-12-18 06:15:00,0.0,-0.0005555451,lstm
2020-12-18 06:30:00,0.0,-0.0014360845,lstm
2020-12-18 06:30:00,0.0,-0.0040685087,lstm
2020-12-18 06:30:00,0.0,-0.0028253943,lstm
2020-12-18 06:30:00,0.0,-0.00058092177,lstm
2020-12-18 06:45:00,0.0,-0.0014254004,lstm
2020-12-18 06:45:00,0.0,-0.0041079223,lstm
2020-12-18 06:45:00,0.0,-0.0028603077,lstm
2020-12-18 06:45:00,0.0,-0.0005570203,lstm
2020-12-18 07:00:00,0.0,-0.0014166683,lstm
2020-12-18 07:00:00,0.0,-0.0042158514,lstm
2020-12-18 07:00:00,0.0,-0.0029108524,lstm
2020-12-18 07:00:00,0.0,-0.0005349517,lstm
2020-12-18 07:15:00,0.0,-0.0013588369,lstm
2020-12-18 07:15:00,0.0,-0.0043181777,lstm
2020-12-18 07:15:00,0.0,-0.002971813,lstm
2020-12-18 07:15:00,0.0,-0.00050216913,lstm
2020-12-18 07:30:00,0.0,-0.0012729466,lstm
2020-12-18 07:30:00,0.0,-0.0044094324,lstm
2020-12-18 07:30:00,0.0,-0.003017798,lstm
2020-12-18 07:30:00,0.0,-0.00045876205,lstm
2020-12-18 07:45:00,0.0,-0.0012087971,lstm
2020-12-18 07:45:00,0.0,-0.0044286847,lstm
2020-12-18 07:45:00,0.0,-0.002966106,lstm
2020-12-18 07:45:00,0.0,-0.00026240945,lstm
2020-12-18 08:00:00,0.0,-0.0011613071,lstm
2020-12-18 08:00:00,0.0,-0.0045369565,lstm
2020-12-18 08:00:00,0.0,-0.0029301047,lstm
2020-12-18 08:00:00,0.0,-3.749132e-05,lstm
2020-12-18 08:15:00,0.0,-0.0010534674,lstm
2020-12-18 08:15:00,0.0,-0.004653871,lstm
2020-12-18 08:15:00,0.0,-0.0028722286,lstm
2020-12-18 08:15:00,0.0,0.00026719272,lstm
2020-12-18 08:30:00,0.0,-0.00087580085,lstm
2020-12-18 08:30:00,0.0,-0.0047750026,lstm
2020-12-18 08:30:00,0.0,-0.002759695,lstm
2020-12-18 08:30:00,0.0,0.00070123374,lstm
2020-12-18 08:45:00,0.0,-0.0006316602,lstm
2020-12-18 08:45:00,0.0,-0.0047554374,lstm
2020-12-18 08:45:00,0.0,-0.0024129897,lstm
2020-12-18 08:45:00,0.0,0.0015982538,lstm
2020-12-18 09:00:00,0.0,-0.00030443072,lstm
2020-12-18 09:00:00,0.0,-0.004759848,lstm
2020-12-18 09:00:00,0.0,-0.0017070025,lstm
2020-12-18 09:00:00,0.0013999939,0.0035067648,lstm
2020-12-18 09:15:00,0.0,0.00029303133,lstm
2020-12-18 09:15:00,0.0,-0.004442364,lstm
2020-12-18 09:15:00,0.0013999939,0.00043690205,lstm
2020-12-18 09:15:00,0.016200006,0.009198755,lstm
2020-12-18 09:30:00,0.0,0.000805527,lstm
2020-12-18 09:30:00,0.0013999939,-0.0007046014,lstm
2020-12-18 09:30:00,0.016199991,0.011571795,lstm
2020-12-18 09:30:00,0.0466,0.034625724,lstm
2020-12-18 09:45:00,0.0013999939,0.0007545948,lstm
2020-12-18 09:45:00,0.016200006,0.01115346,lstm
2020-12-18 09:45:00,0.0466,0.039008573,lstm
2020-12-18 09:45:00,0.0768,0.08718162,lstm
2020-12-18 10:00:00,0.016200006,0.0019730479,lstm
2020-12-18 10:00:00,0.0466,0.025269523,lstm
2020-12-18 10:00:00,0.0768,0.074903324,lstm
2020-12-18 10:00:00,0.147,0.14486083,lstm
2020-12-18 10:15:00,0.0466,0.022919402,lstm
2020-12-18 10:15:00,0.07680001,0.053429782,lstm
2020-12-18 10:15:00,0.147,0.122464575,lstm
2020-12-18 10:15:00,0.178,0.19548854,lstm
2020-12-18 10:30:00,0.07680001,0.08439435,lstm
2020-12-18 10:30:00,0.147,0.1378198,lstm
2020-12-18 10:30:00,0.178,0.22663485,lstm
2020-12-18 10:30:00,0.264,0.29843333,lstm
2020-12-18 10:45:00,0.147,0.1160559,lstm
2020-12-18 10:45:00,0.178,0.18942396,lstm
2020-12-18 10:45:00,0.264,0.2791906,lstm
2020-12-18 10:45:00,0.3696,0.34182394,lstm
2020-12-18 11:00:00,0.178,0.22046176,lstm
2020-12-18 11:00:00,0.264,0.29520527,lstm
2020-12-18 11:00:00,0.3696,0.36789262,lstm
2020-12-18 11:00:00,0.44420004,0.42343134,lstm
2020-12-18 11:15:00,0.264,0.23224121,lstm
2020-12-18 11:15:00,0.3696,0.30013338,lstm
2020-12-18 11:15:00,0.44420004,0.34726655,lstm
2020-12-18 11:15:00,0.45560002,0.39340985,lstm
2020-12-18 11:30:00,0.3696,0.33469373,lstm
2020-12-18 11:30:00,0.4442,0.38539124,lstm
2020-12-18 11:30:00,0.45560002,0.42338,lstm
2020-12-18 11:30:00,0.4656,0.46634728,lstm
2020-12-18 11:45:00,0.4442,0.41505837,lstm
2020-12-18 11:45:00,0.4556,0.45912886,lstm
2020-12-18 11:45:00,0.4656,0.49470192,lstm
2020-12-18 11:45:00,0.4602,0.53913945,lstm
2020-12-18 12:00:00,0.4556,0.4874714,lstm
2020-12-18 12:00:00,0.4656,0.5235486,lstm
2020-12-18 12:00:00,0.4602,0.5572904,lstm
2020-12-18 12:00:00,0.5162,0.59358966,lstm
2020-12-18 12:15:00,0.4656,0.49193597,lstm
2020-12-18 12:15:00,0.4602,0.52404386,lstm
2020-12-18 12:15:00,0.5162,0.54846036,lstm
2020-12-18 12:15:00,0.5506,0.5707765,lstm
2020-12-18 12:30:00,0.4602,0.50319934,lstm
2020-12-18 12:30:00,0.5162,0.52234906,lstm
2020-12-18 12:30:00,0.55059993,0.53977495,lstm
2020-12-18 12:30:00,0.5972,0.5534638,lstm
2020-12-18 12:45:00,0.5162,0.4782196,lstm
2020-12-18 12:45:00,0.5506,0.4854649,lstm
2020-12-18 12:45:00,0.5972,0.49564624,lstm
2020-12-18 12:45:00,0.4412,0.5038281,lstm
2020-12-18 13:00:00,0.5506,0.5655764,lstm
2020-12-18 13:00:00,0.5972,0.57984275,lstm
2020-12-18 13:00:00,0.4412,0.59066516,lstm
2020-12-18 13:00:00,0.41400003,0.60752785,lstm
2020-12-18 13:15:00,0.5972,0.5807823,lstm
2020-12-18 13:15:00,0.4412,0.6028301,lstm
2020-12-18 13:15:00,0.414,0.6078432,lstm
2020-12-18 13:15:00,0.491,0.62296236,lstm
2020-12-18 13:30:00,0.4412,0.6274639,lstm
2020-12-18 13:30:00,0.414,0.6469488,lstm
2020-12-18 13:30:00,0.491,0.6487155,lstm
2020-12-18 13:30:00,0.5614,0.6650038,lstm
2020-12-18 13:45:00,0.414,0.4681079,lstm
2020-12-18 13:45:00,0.491,0.4974061,lstm
2020-12-18 13:45:00,0.5614,0.49053937,lstm
2020-12-18 13:45:00,0.7482,0.48597592,lstm
2020-12-18 14:00:00,0.491,0.43137145,lstm
2020-12-18 14:00:00,0.5614,0.45118052,lstm
2020-12-18 14:00:00,0.7482,0.4425001,lstm
2020-12-18 14:00:00,0.7342,0.44729066,lstm
2020-12-18 14:15:00,0.5614,0.52410537,lstm
2020-12-18 14:15:00,0.74819994,0.52589405,lstm
2020-12-18 14:15:00,0.7342,0.51257384,lstm
2020-12-18 14:15:00,0.6682,0.51995826,lstm
2020-12-18 14:30:00,0.7482,0.5470201,lstm
2020-12-18 14:30:00,0.7342,0.5378921,lstm
2020-12-18 14:30:00,0.6682,0.5149132,lstm
2020-12-18 14:30:00,0.5268,0.5099056,lstm
2020-12-18 14:45:00,0.7342,0.678797,lstm
2020-12-18 14:45:00,0.6682,0.6408061,lstm
2020-12-18 14:45:00,0.5268,0.60604715,lstm
2020-12-18 14:45:00,0.6308,0.59258586,lstm
2020-12-18 15:00:00,0.6682,0.65103734,lstm
2020-12-18 15:00:00,0.5268,0.61846936,lstm
2020-12-18 15:00:00,0.6308,0.5774029,lstm
2020-12-18 15:00:00,0.5362,0.546719,lstm
2020-12-18 15:15:00,0.5268,0.5837594,lstm
2020-12-18 15:15:00,0.6308,0.54898393,lstm
2020-12-18 15:15:00,0.5362,0.50121194,lstm
2020-12-18 15:15:00,0.4228,0.4592536,lstm
2020-12-18 15:30:00,0.6308,0.46522453,lstm
2020-12-18 15:30:00,0.5362,0.44557709,lstm
2020-12-18 15:30:00,0.4228,0.4027837,lstm
2020-12-18 15:30:00,0.5378,0.36364728,lstm
2020-12-18 15:45:00,0.5362,0.5313628,lstm
2020-12-18 15:45:00,0.4228,0.47070327,lstm
2020-12-18 15:45:00,0.5378,0.4162712,lstm
2020-12-18 15:45:00,0.515,0.3688829,lstm
2020-12-18 16:00:00,0.4228,0.42240965,lstm
2020-12-18 16:00:00,0.5378,0.3683385,lstm
2020-12-18 16:00:00,0.515,0.31452158,lstm
2020-12-18 16:00:00,0.45240003,0.2526568,lstm
2020-12-18 16:15:00,0.5378,0.35638127,lstm
2020-12-18 16:15:00,0.515,0.28999954,lstm
2020-12-18 16:15:00,0.45240003,0.23536605,lstm
2020-12-18 16:15:00,0.3746,0.17629941,lstm
2020-12-18 16:30:00,0.515,0.40246695,lstm
2020-12-18 16:30:00,0.4524,0.31456435,lstm
2020-12-18 16:30:00,0.3746,0.24693128,lstm
2020-12-18 16:30:00,0.248,0.18247865,lstm
2020-12-18 16:45:00,0.4524,0.35708565,lstm
2020-12-18 16:45:00,0.3746,0.2651016,lstm
2020-12-18 16:45:00,0.248,0.19281496,lstm
2020-12-18 16:45:00,0.1564,0.12087958,lstm
2020-12-18 17:00:00,0.3746,0.29974386,lstm
2020-12-18 17:00:00,0.248,0.20366253,lstm
2020-12-18 17:00:00,0.1564,0.12534073,lstm
2020-12-18 17:00:00,0.095800005,0.063498914,lstm
2020-12-18 17:15:00,0.248,0.23074271,lstm
2020-12-18 17:15:00,0.1564,0.14422064,lstm
2020-12-18 17:15:00,0.0958,0.06847686,lstm
2020-12-18 17:15:00,0.053000003,0.029830262,lstm
2020-12-18 17:30:00,0.1564,0.13843034,lstm
2020-12-18 17:30:00,0.095800005,0.06713636,lstm
2020-12-18 17:30:00,0.053000003,0.017131224,lstm
2020-12-18 17:30:00,0.019600004,0.0035762787,lstm
2020-12-18 17:45:00,0.0958,0.08303991,lstm
2020-12-18 17:45:00,0.053000003,0.026145816,lstm
2020-12-18 17:45:00,0.019600004,-0.0028997213,lstm
2020-12-18 17:45:00,0.0018000007,-0.0069150627,lstm
2020-12-18 18:00:00,0.053000003,0.048288435,lstm
2020-12-18 18:00:00,0.019600004,0.007627219,lstm
2020-12-18 18:00:00,0.0018000007,-0.008194983,lstm
2020-12-18 18:00:00,0.0,-0.008183882,lstm
2020-12-18 18:15:00,0.019600004,0.02586782,lstm
2020-12-18 18:15:00,0.0018000007,-0.0003375262,lstm
2020-12-18 18:15:00,0.0,-0.007844567,lstm
2020-12-18 18:15:00,0.0,-0.006302789,lstm
2020-12-18 18:30:00,0.0018000007,0.013387442,lstm
2020-12-18 18:30:00,0.0,-0.0029406995,lstm
2020-12-18 18:30:00,0.0,-0.006046325,lstm
2020-12-18 18:30:00,0.0,-0.0041123033,lstm
2020-12-18 18:45:00,0.0,0.0063301325,lstm
2020-12-18 18:45:00,0.0,-0.0033580363,lstm
2020-12-18 18:45:00,0.0,-0.0038311183,lstm
2020-12-18 18:45:00,0.0,-0.002077356,lstm
2020-12-18 19:00:00,0.0,0.0030656457,lstm
2020-12-18 19:00:00,0.0,-0.0029961467,lstm
2020-12-18 19:00:00,0.0,-0.0025362968,lstm
2020-12-18 19:00:00,0.0,-0.0006079376,lstm
2020-12-18 19:15:00,0.0,0.0013352334,lstm
2020-12-18 19:15:00,0.0,-0.0029537529,lstm
2020-12-18 19:15:00,0.0,-0.0018439293,lstm
2020-12-18 19:15:00,0.0,-3.0070543e-05,lstm
2020-12-18 19:30:00,0.0,0.00043988228,lstm
2020-12-18 19:30:00,0.0,-0.002971679,lstm
2020-12-18 19:30:00,0.0,-0.0014897883,lstm
2020-12-18 19:30:00,0.0,0.00017051399,lstm
2020-12-18 19:45:00,0.0,-0.00016386807,lstm
2020-12-18 19:45:00,0.0,-0.0030917227,lstm
2020-12-18 19:45:00,0.0,-0.0014375895,lstm
2020-12-18 19:45:00,0.0,0.00024557114,lstm
2020-12-18 20:00:00,0.0,-0.0005081892,lstm
2020-12-18 20:00:00,0.0,-0.0031918734,lstm
2020-12-18 20:00:00,0.0,-0.0014321357,lstm
2020-12-18 20:00:00,0.0,0.00028294325,lstm
2020-12-18 20:15:00,0.0,-0.0006919205,lstm
2020-12-18 20:15:00,0.0,-0.003223464,lstm
2020-12-18 20:15:00,0.0,-0.0014247447,lstm
2020-12-18 20:15:00,0.0,0.00031633675,lstm
2020-12-18 20:30:00,0.0,-0.000822559,lstm
2020-12-18 20:30:00,0.0,-0.003225103,lstm
2020-12-18 20:30:00,0.0,-0.0013989061,lstm
2020-12-18 20:30:00,0.0,0.000365898,lstm
2020-12-18 20:45:00,0.0,-0.0009995848,lstm
2020-12-18 20:45:00,0.0,-0.0033840835,lstm
2020-12-18 20:45:00,0.0,-0.0015736818,lstm
2020-12-18 20:45:00,0.0,0.00031287968,lstm
2020-12-18 21:00:00,0.0,-0.0010938793,lstm
2020-12-18 21:00:00,0.0,-0.0034175217,lstm
2020-12-18 21:00:00,0.0,-0.0015940666,lstm
2020-12-18 21:00:00,0.0,0.0003503561,lstm
2020-12-18 21:15:00,0.0,-0.0011511147,lstm
2020-12-18 21:15:00,0.0,-0.00342457,lstm
2020-12-18 21:15:00,0.0,-0.0015871972,lstm
2020-12-18 21:15:00,0.0,0.0003809631,lstm
2020-12-18 21:30:00,0.0,-0.001182586,lstm
2020-12-18 21:30:00,0.0,-0.003420487,lstm
2020-12-18 21:30:00,0.0,-0.0015759617,lstm
2020-12-18 21:30:00,0.0,0.00040386617,lstm
2020-12-18 21:45:00,0.0,-0.0013361722,lstm
2020-12-18 21:45:00,0.0,-0.003559962,lstm
2020-12-18 21:45:00,0.0,-0.0017491281,lstm
2020-12-18 21:45:00,0.0,0.00035484135,lstm
2020-12-18 22:00:00,0.0,-0.0013642311,lstm
2020-12-18 22:00:00,0.0,-0.0035345256,lstm
2020-12-18 22:00:00,0.0,-0.0017318279,lstm
2020-12-18 22:00:00,0.0,0.00041896105,lstm
2020-12-18 22:15:00,0.0,-0.0013808608,lstm
2020-12-18 22:15:00,0.0,-0.0035084188,lstm
2020-12-18 22:15:00,0.0,-0.0017044246,lstm
2020-12-18 22:15:00,0.0,0.00046682358,lstm
2020-12-18 22:30:00,0.0,-0.0013824403,lstm
2020-12-18 22:30:00,0.0,-0.003479302,lstm
2020-12-18 22:30:00,0.0,-0.001686871,lstm
2020-12-18 22:30:00,0.0,0.00050228834,lstm
2020-12-18 22:45:00,0.0,-0.0015458465,lstm
2020-12-18 22:45:00,0.0,-0.0035960376,lstm
2020-12-18 22:45:00,0.0,-0.0018384755,lstm
2020-12-18 22:45:00,0.0,0.00046633184,lstm
2020-12-18 23:00:00,0.0,-0.0015554875,lstm
2020-12-18 23:00:00,0.0,-0.0035499334,lstm
2020-12-18 23:00:00,0.0,-0.0018006712,lstm
2020-12-18 23:00:00,0.0,0.00052693486,lstm
2020-12-18 23:15:00,0.0,-0.0015693009,lstm
2020-12-18 23:15:00,0.0,-0.0035258234,lstm
2020-12-18 23:15:00,0.0,-0.0017649978,lstm
2020-12-18 23:15:00,0.0,0.0005688518,lstm
2020-12-18 23:30:00,0.0,-0.001558423,lstm
2020-12-18 23:30:00,0.0,-0.0034901202,lstm
2020-12-18 23:30:00,0.0,-0.0017396808,lstm
2020-12-18 23:30:00,0.0,0.0005968213,lstm
2020-12-18 23:45:00,0.0,-0.001679942,lstm
2020-12-18 23:45:00,0.0,-0.0035760403,lstm
2020-12-18 23:45:00,0.0,-0.0018903166,lstm
2020-12-18 23:45:00,0.0,0.0005340874,lstm
2020-12-19 00:00:00,0.0,-0.0016493946,lstm
2020-12-19 00:00:00,0.0,-0.0035069436,lstm
2020-12-19 00:00:00,0.0,-0.0018494427,lstm
2020-12-19 00:00:00,0.0,0.0005811006,lstm
2020-12-19 00:15:00,0.0,-0.0016205311,lstm
2020-12-19 00:15:00,0.0,-0.0034727007,lstm
2020-12-19 00:15:00,0.0,-0.0018319339,lstm
2020-12-19 00:15:00,0.0,0.00060018897,lstm
2020-12-19 00:30:00,0.0,-0.0016031861,lstm
2020-12-19 00:30:00,0.0,-0.0034480244,lstm
2020-12-19 00:30:00,0.0,-0.0018158555,lstm
2020-12-19 00:30:00,0.0,0.0006198287,lstm
2020-12-19 00:45:00,0.0,-0.0017138869,lstm
2020-12-19 00:45:00,0.0,-0.003520891,lstm
2020-12-19 00:45:00,0.0,-0.001956448,lstm
2020-12-19 00:45:00,0.0,0.00054584444,lstm
2020-12-19 01:00:00,0.0,-0.0016903579,lstm
2020-12-19 01:00:00,0.0,-0.0034711063,lstm
2020-12-19 01:00:00,0.0,-0.0019299239,lstm
2020-12-19 01:00:00,0.0,0.0005598664,lstm
2020-12-19 01:15:00,0.0,-0.001686424,lstm
2020-12-19 01:15:00,0.0,-0.0034560412,lstm
2020-12-19 01:15:00,0.0,-0.0019118786,lstm
2020-12-19 01:15:00,0.0,0.00056906044,lstm
2020-12-19 01:30:00,0.0,-0.0016843379,lstm
2020-12-19 01:30:00,0.0,-0.0034434646,lstm
2020-12-19 01:30:00,0.0,-0.0019018054,lstm
2020-12-19 01:30:00,0.0,0.00057165325,lstm
2020-12-19 01:45:00,0.0,-0.0017694831,lstm
2020-12-19 01:45:00,0.0,-0.0034976453,lstm
2020-12-19 01:45:00,0.0,-0.0020360649,lstm
2020-12-19 01:45:00,0.0,0.00047434866,lstm
2020-12-19 02:00:00,0.0,-0.0017359704,lstm
2020-12-19 02:00:00,0.0,-0.0034594536,lstm
2020-12-19 02:00:00,0.0,-0.0020117909,lstm
2020-12-19 02:00:00,0.0,0.00046378374,lstm
2020-12-19 02:15:00,0.0,-0.0017098188,lstm
2020-12-19 02:15:00,0.0,-0.0034552962,lstm
2020-12-19 02:15:00,0.0,-0.002014339,lstm
2020-12-19 02:15:00,0.0,0.00043420494,lstm
2020-12-19 02:30:00,0.0,-0.0016918629,lstm
2020-12-19 02:30:00,0.0,-0.0034545958,lstm
2020-12-19 02:30:00,0.0,-0.002021253,lstm
2020-12-19 02:30:00,0.0,0.0004131347,lstm
2020-12-19 02:45:00,0.0,-0.0017463416,lstm
2020-12-19 02:45:00,0.0,-0.0034956336,lstm
2020-12-19 02:45:00,0.0,-0.002134353,lstm
2020-12-19 02:45:00,0.0,0.000311777,lstm
2020-12-19 03:00:00,0.0,-0.0017105788,lstm
2020-12-19 03:00:00,0.0,-0.0034775883,lstm
2020-12-19 03:00:00,0.0,-0.0021227896,lstm
2020-12-19 03:00:00,0.0,0.00027252734,lstm
2020-12-19 03:15:00,0.0,-0.0016906708,lstm
2020-12-19 03:15:00,0.0,-0.0034931153,lstm
2020-12-19 03:15:00,0.0,-0.0021392107,lstm
2020-12-19 03:15:00,0.0,0.00022391975,lstm
2020-12-19 03:30:00,0.0,-0.001674369,lstm
2020-12-19 03:30:00,0.0,-0.003506273,lstm
2020-12-19 03:30:00,0.0,-0.0021601617,lstm
2020-12-19 03:30:00,0.0,0.00018680096,lstm
2020-12-19 03:45:00,0.0,-0.0017051548,lstm
2020-12-19 03:45:00,0.0,-0.003537193,lstm
2020-12-19 03:45:00,0.0,-0.0022536814,lstm
2020-12-19 03:45:00,0.0,8.870661e-05,lstm
2020-12-19 04:00:00,0.0,-0.0016657263,lstm
2020-12-19 04:00:00,0.0,-0.0035463125,lstm
2020-12-19 04:00:00,0.0,-0.002273351,lstm
2020-12-19 04:00:00,0.0,1.5676022e-05,lstm
2020-12-19 04:15:00,0.0,-0.0016294569,lstm
2020-12-19 04:15:00,0.0,-0.003570214,lstm
2020-12-19 04:15:00,0.0,-0.0023097098,lstm
2020-12-19 04:15:00,0.0,-4.8324466e-05,lstm
2020-12-19 04:30:00,0.0,-0.0016051233,lstm
2020-12-19 04:30:00,0.0,-0.0035981983,lstm
2020-12-19 04:30:00,0.0,-0.002347052,lstm
2020-12-19 04:30:00,0.0,-9.9018216e-05,lstm
2020-12-19 04:45:00,0.0,-0.0016299039,lstm
2020-12-19 04:45:00,0.0,-0.00363639,lstm
2020-12-19 04:45:00,0.0,-0.002434373,lstm
2020-12-19 04:45:00,0.0,-0.0001938492,lstm
2020-12-19 05:00:00,0.0,-0.0016154051,lstm
2020-12-19 05:00:00,0.0,-0.003689602,lstm
2020-12-19 05:00:00,0.0,-0.002485171,lstm
2020-12-19 05:00:00,0.0,-0.00028084219,lstm
2020-12-19 05:15:00,0.0,-0.0015885383,lstm
2020-12-19 05:15:00,0.0,-0.0037468374,lstm
2020-12-19 05:15:00,0.0,-0.0025469065,lstm
2020-12-19 05:15:00,0.0,-0.00035133958,lstm
2020-12-19 05:30:00,0.0,-0.0015673935,lstm
2020-12-19 05:30:00,0.0,-0.0037972778,lstm
2020-12-19 05:30:00,0.0,-0.0025978833,lstm
2020-12-19 05:30:00,0.0,-0.00039465725,lstm
2020-12-19 05:45:00,0.0,-0.0015973151,lstm
2020-12-19 05:45:00,0.0,-0.003841713,lstm
2020-12-19 05:45:00,0.0,-0.0026626885,lstm
2020-12-19 05:45:00,0.0,-0.00044099987,lstm
2020-12-19 06:00:00,0.0,-0.0016041696,lstm
2020-12-19 06:00:00,0.0,-0.003934175,lstm
2020-12-19 06:00:00,0.0,-0.002738133,lstm
2020-12-19 06:00:00,0.0,-0.0005105287,lstm
2020-12-19 06:15:00,0.0,-0.0015759319,lstm
2020-12-19 06:15:00,0.0,-0.004023075,lstm
2020-12-19 06:15:00,0.0,-0.002813682,lstm
2020-12-19 06:15:00,0.0,-0.00055776536,lstm
2020-12-19 06:30:00,0.0,-0.0015237629,lstm
2020-12-19 06:30:00,0.0,-0.0040952563,lstm
2020-12-19 06:30:00,0.0,-0.0028820932,lstm
2020-12-19 06:30:00,0.0,-0.00059628487,lstm
2020-12-19 06:45:00,0.0,-0.0015080869,lstm
2020-12-19 06:45:00,0.0,-0.004136309,lstm
2020-12-19 06:45:00,0.0,-0.002914101,lstm
2020-12-19 06:45:00,0.0,-0.00057287514,lstm
2020-12-19 07:00:00,0.0,-0.001489222,lstm
2020-12-19 07:00:00,0.0,-0.0042440295,lstm
2020-12-19 07:00:00,0.0,-0.0029699355,lstm
2020-12-19 07:00:00,0.0,-0.0005622506,lstm
2020-12-19 07:15:00,0.0,-0.0014411211,lstm
2020-12-19 07:15:00,0.0,-0.004348144,lstm
2020-12-19 07:15:00,0.0,-0.0030234754,lstm
2020-12-19 07:15:00,0.0,-0.0005220771,lstm
2020-12-19 07:30:00,0.0,-0.0013645142,lstm
2020-12-19 07:30:00,0.0,-0.004445195,lstm
2020-12-19 07:30:00,0.0,-0.0030688345,lstm
2020-12-19 07:30:00,0.0,-0.0004837215,lstm
2020-12-19 07:45:00,0.0,-0.0013038963,lstm
2020-12-19 07:45:00,0.0,-0.0044697225,lstm
2020-12-19 07:45:00,0.0,-0.0030213445,lstm
2020-12-19 07:45:00,0.0,-0.00029577315,lstm
2020-12-19 08:00:00,0.0,-0.0012478381,lstm
2020-12-19 08:00:00,0.0,-0.004582897,lstm
2020-12-19 08:00:00,0.0,-0.0030004084,lstm
2020-12-19 08:00:00,0.0,-9.396672e-05,lstm
2020-12-19 08:15:00,0.0,-0.0011192709,lstm
2020-12-19 08:15:00,0.0,-0.004704699,lstm
2020-12-19 08:15:00,0.0,-0.0029657632,lstm
2020-12-19 08:15:00,0.0,0.00017625093,lstm
2020-12-19 08:30:00,0.0,-0.0009280741,lstm
2020-12-19 08:30:00,0.0,-0.0048341155,lstm
2020-12-19 08:30:00,0.0,-0.0028988868,lstm
2020-12-19 08:30:00,0.0,0.00055477023,lstm
2020-12-19 08:45:00,0.0,-0.00068332255,lstm
2020-12-19 08:45:00,0.0,-0.0048178583,lstm
2020-12-19 08:45:00,0.0,-0.0025945008,lstm
2020-12-19 08:45:00,0.0,0.0013893545,lstm
2020-12-19 09:00:00,0.0,-0.00038668513,lstm
2020-12-19 09:00:00,0.0,-0.0048622936,lstm
2020-12-19 09:00:00,0.0,-0.0020052642,lstm
2020-12-19 09:00:00,0.0062000006,0.0031454712,lstm
2020-12-19 09:15:00,0.0,0.00011870265,lstm
2020-12-19 09:15:00,0.0,-0.004620984,lstm
2020-12-19 09:15:00,0.0062000006,-3.477931e-05,lstm
2020-12-19 09:15:00,0.0264,0.008620128,lstm
2020-12-19 09:30:00,0.0,0.00042149425,lstm
2020-12-19 09:30:00,0.0062000006,-0.0011027753,lstm
2020-12-19 09:30:00,0.0264,0.010605603,lstm
2020-12-19 09:30:00,0.058599994,0.033375427,lstm
2020-12-19 09:45:00,0.0062000006,0.00024157763,lstm
2020-12-19 09:45:00,0.0264,0.010027558,lstm
2020-12-19 09:45:00,0.058599994,0.036595777,lstm
2020-12-19 09:45:00,0.097200006,0.083660334,lstm
2020-12-19 10:00:00,0.0264,0.0057700425,lstm
2020-12-19 10:00:00,0.05860001,0.028909191,lstm
2020-12-19 10:00:00,0.0972,0.0785099,lstm
2020-12-19 10:00:00,0.1676,0.14814502,lstm
2020-12-19 10:15:00,0.05860001,0.05207564,lstm
2020-12-19 10:15:00,0.0972,0.098123334,lstm
2020-12-19 10:15:00,0.1676,0.18030706,lstm
2020-12-19 10:15:00,0.2836,0.2623241,lstm
2020-12-19 10:30:00,0.097200006,0.10612428,lstm
2020-12-19 10:30:00,0.1676,0.17761748,lstm
2020-12-19 10:30:00,0.2836,0.27562103,lstm
2020-12-19 10:30:00,0.3724,0.34940046,lstm
2020-12-19 10:45:00,0.1676,0.16778858,lstm
2020-12-19 10:45:00,0.2836,0.25353825,lstm
2020-12-19 10:45:00,0.3724,0.34461868,lstm
2020-12-19 10:45:00,0.44060004,0.40504265,lstm
2020-12-19 11:00:00,0.2836,0.27853447,lstm
2020-12-19 11:00:00,0.3724,0.35832864,lstm
2020-12-19 11:00:00,0.44060004,0.42450404,lstm
2020-12-19 11:00:00,0.501,0.47976506,lstm
2020-12-19 11:15:00,0.3724,0.38103694,lstm
2020-12-19 11:15:00,0.4406,0.44483668,lstm
2020-12-19 11:15:00,0.501,0.49258614,lstm
2020-12-19 11:15:00,0.5458,0.5495006,lstm
2020-12-19 11:30:00,0.4406,0.4426372,lstm
2020-12-19 11:30:00,0.501,0.49367768,lstm
2020-12-19 11:30:00,0.5458,0.5351665,lstm
2020-12-19 11:30:00,0.5848,0.5857704,lstm
2020-12-19 11:45:00,0.501,0.50660074,lstm
2020-12-19 11:45:00,0.5458,0.5477867,lstm
2020-12-19 11:45:00,0.58479995,0.5864111,lstm
2020-12-19 11:45:00,0.6236,0.6223739,lstm
2020-12-19 12:00:00,0.5458,0.56811714,lstm
2020-12-19 12:00:00,0.5848,0.5975573,lstm
2020-12-19 12:00:00,0.6236,0.6298768,lstm
2020-12-19 12:00:00,0.6594,0.65238017,lstm
2020-12-19 12:15:00,0.5848,0.6110953,lstm
2020-12-19 12:15:00,0.6236,0.63276815,lstm
2020-12-19 12:15:00,0.6594,0.6563453,lstm
2020-12-19 12:15:00,0.6866,0.673089,lstm
2020-12-19 12:30:00,0.6236,0.6450876,lstm
2020-12-19 12:30:00,0.6594,0.66129863,lstm
2020-12-19 12:30:00,0.6866,0.6776734,lstm
2020-12-19 12:30:00,0.705,0.69342864,lstm
2020-12-19 12:45:00,0.6594,0.6773249,lstm
2020-12-19 12:45:00,0.6866001,0.69040513,lstm
2020-12-19 12:45:00,0.705,0.7014508,lstm
2020-12-19 12:45:00,0.7144,0.7178866,lstm
2020-12-19 13:00:00,0.6866,0.7025524,lstm
2020-12-19 13:00:00,0.7049999,0.71495986,lstm
2020-12-19 13:00:00,0.7144,0.7223381,lstm
2020-12-19 13:00:00,0.7222,0.739334,lstm
2020-12-19 13:15:00,0.705,0.7199003,lstm
2020-12-19 13:15:00,0.71439993,0.731197,lstm
2020-12-19 13:15:00,0.7222,0.73535925,lstm
2020-12-19 13:15:00,0.7174,0.75127566,lstm
2020-12-19 13:30:00,0.7144,0.7319748,lstm
2020-12-19 13:30:00,0.7221999,0.7401272,lstm
2020-12-19 13:30:00,0.7174,0.7418823,lstm
2020-12-19 13:30:00,0.7106,0.755452,lstm
2020-12-19 13:45:00,0.7222,0.74051356,lstm
2020-12-19 13:45:00,0.71739995,0.7430023,lstm
2020-12-19 13:45:00,0.7106,0.7420376,lstm
2020-12-19 13:45:00,0.6652,0.75127625,lstm
2020-12-19 14:00:00,0.7174,0.7543783,lstm
2020-12-19 14:00:00,0.7106,0.7524028,lstm
2020-12-19 14:00:00,0.6652,0.75062263,lstm
2020-12-19 14:00:00,0.6988,0.7568501,lstm
2020-12-19 14:15:00,0.7106,0.74152404,lstm
2020-12-19 14:15:00,0.6652,0.73724985,lstm
2020-12-19 14:15:00,0.6988,0.7322657,lstm
2020-12-19 14:15:00,0.692,0.73485017,lstm
2020-12-19 14:30:00,0.6652,0.7312364,lstm
2020-12-19 14:30:00,0.69879997,0.7243067,lstm
2020-12-19 14:30:00,0.692,0.7162072,lstm
2020-12-19 14:30:00,0.6662,0.71717167,lstm
2020-12-19 14:45:00,0.6988,0.6633814,lstm
2020-12-19 14:45:00,0.692,0.6554133,lstm
2020-12-19 14:45:00,0.6662,0.63772064,lstm
2020-12-19 14:45:00,0.6394,0.63369805,lstm
2020-12-19 15:00:00,0.692,0.7213237,lstm
2020-12-19 15:00:00,0.6662,0.7056931,lstm
2020-12-19 15:00:00,0.6394,0.6885313,lstm
2020-12-19 15:00:00,0.608,0.68817717,lstm
2020-12-19 15:15:00,0.6662,0.70090175,lstm
2020-12-19 15:15:00,0.6394,0.6851332,lstm
2020-12-19 15:15:00,0.608,0.6626058,lstm
2020-12-19 15:15:00,0.5732,0.65179753,lstm
2020-12-19 15:30:00,0.6394,0.6677119,lstm
2020-12-19 15:30:00,0.608,0.6414788,lstm
2020-12-19 15:30:00,0.5732,0.60947686,lstm
2020-12-19 15:30:00,0.5278,0.5897831,lstm
2020-12-19 15:45:00,0.608,0.6340506,lstm
2020-12-19 15:45:00,0.5732,0.5942365,lstm
2020-12-19 15:45:00,0.5278,0.5473648,lstm
2020-12-19 15:45:00,0.4798,0.5142768,lstm
2020-12-19 16:00:00,0.5732,0.58620304,lstm
2020-12-19 16:00:00,0.5278,0.5277138,lstm
2020-12-19 16:00:00,0.4798,0.4685555,lstm
2020-12-19 16:00:00,0.4168,0.41749704,lstm
2020-12-19 16:15:00,0.5278,0.53062576,lstm
2020-12-19 16:15:00,0.4798,0.4487049,lstm
2020-12-19 16:15:00,0.4168,0.38330865,lstm
2020-12-19 16:15:00,0.3436,0.31498176,lstm
2020-12-19 16:30:00,0.4798,0.46677193,lstm
2020-12-19 16:30:00,0.4168,0.36834204,lstm
2020-12-19 16:30:00,0.3436,0.29256392,lstm
2020-12-19 16:30:00,0.245,0.21429577,lstm
2020-12-19 16:45:00,0.4168,0.40865153,lstm
2020-12-19 16:45:00,0.3436,0.3014465,lstm
2020-12-19 16:45:00,0.245,0.2163376,lstm
2020-12-19 16:45:00,0.1406,0.13648407,lstm
2020-12-19 17:00:00,0.3436,0.33678478,lstm
2020-12-19 17:00:00,0.245,0.23536208,lstm
2020-12-19 17:00:00,0.1406,0.15119292,lstm
2020-12-19 17:00:00,0.084599994,0.08315104,lstm
2020-12-19 17:15:00,0.245,0.24463117,lstm
2020-12-19 17:15:00,0.1406,0.16017425,lstm
2020-12-19 17:15:00,0.0846,0.08590124,lstm
2020-12-19 17:15:00,0.046199992,0.041430414,lstm
2020-12-19 17:30:00,0.1406,0.14247295,lstm
2020-12-19 17:30:00,0.0846,0.07608968,lstm
2020-12-19 17:30:00,0.046199992,0.027132213,lstm
2020-12-19 17:30:00,0.018199995,0.008397147,lstm
2020-12-19 17:45:00,0.0846,0.069719546,lstm
2020-12-19 17:45:00,0.046200007,0.023420319,lstm
2020-12-19 17:45:00,0.018199995,-0.0010374486,lstm
2020-12-19 17:45:00,0.0013999939,-0.005667791,lstm
2020-12-19 18:00:00,0.046200022,0.03516969,lstm
2020-12-19 18:00:00,0.018199995,0.005303845,lstm
2020-12-19 18:00:00,0.0013999939,-0.006218344,lstm
2020-12-19 18:00:00,0.0,-0.0063821226,lstm
2020-12-19 18:15:00,0.018199995,0.01879415,lstm
2020-12-19 18:15:00,0.0013999939,-0.00016832352,lstm
2020-12-19 18:15:00,0.0,-0.0054810047,lstm
2020-12-19 18:15:00,0.0,-0.0041817576,lstm
2020-12-19 18:30:00,0.0013999939,0.009854183,lstm
2020-12-19 18:30:00,0.0,-0.0021311492,lstm
2020-12-19 18:30:00,0.0,-0.0041469485,lstm
2020-12-19 18:30:00,0.0,-0.0024390519,lstm
2020-12-19 18:45:00,0.0,0.0052440166,lstm
2020-12-19 18:45:00,0.0,-0.002404049,lstm
2020-12-19 18:45:00,0.0,-0.003165096,lstm
2020-12-19 18:45:00,0.0,-0.0010015517,lstm
2020-12-19 19:00:00,0.0,0.002386883,lstm
2020-12-19 19:00:00,0.0,-0.0024139136,lstm
2020-12-19 19:00:00,0.0,-0.0019144565,lstm
2020-12-19 19:00:00,0.0,8.355081e-05,lstm
2020-12-19 19:15:00,0.0,0.0009587854,lstm
2020-12-19 19:15:00,0.0,-0.0025919229,lstm
2020-12-19 19:15:00,0.0,-0.0014720857,lstm
2020-12-19 19:15:00,0.0,0.00034295022,lstm
2020-12-19 19:30:00,0.0,0.00017811358,lstm
2020-12-19 19:30:00,0.0,-0.0027552992,lstm
2020-12-19 19:30:00,0.0,-0.0013237596,lstm
2020-12-19 19:30:00,0.0,0.0004194677,lstm
2020-12-19 19:45:00,0.0,-0.0003065169,lstm
2020-12-19 19:45:00,0.0,-0.0029940754,lstm
2020-12-19 19:45:00,0.0,-0.0014224946,lstm
2020-12-19 19:45:00,0.0,0.00038202107,lstm
2020-12-19 20:00:00,0.0,-0.00060905516,lstm
2020-12-19 20:00:00,0.0,-0.0031123906,lstm
2020-12-19 20:00:00,0.0,-0.0014584512,lstm
2020-12-19 20:00:00,0.0,0.0004066974,lstm
2020-12-19 20:15:00,0.0,-0.00080381334,lstm
2020-12-19 20:15:00,0.0,-0.0031788945,lstm
2020-12-19 20:15:00,0.0,-0.0014558733,lstm
2020-12-19 20:15:00,0.0,0.00043530762,lstm
2020-12-19 20:30:00,0.0,-0.0009165406,lstm
2020-12-19 20:30:00,0.0,-0.0032131076,lstm
2020-12-19 20:30:00,0.0,-0.0014449358,lstm
2020-12-19 20:30:00,0.0,0.00044709444,lstm
2020-12-19 20:45:00,0.0,-0.001104176,lstm
2020-12-19 20:45:00,0.0,-0.003396526,lstm
2020-12-19 20:45:00,0.0,-0.0016181767,lstm
2020-12-19 20:45:00,0.0,0.00038281083,lstm
2020-12-19 21:00:00,0.0,-0.0011869222,lstm
2020-12-19 21:00:00,0.0,-0.0034295022,lstm
2020-12-19 21:00:00,0.0,-0.0016314536,lstm
2020-12-19 21:00:00,0.0,0.00041629374,lstm
2020-12-19 21:15:00,0.0,-0.0012237579,lstm
2020-12-19 21:15:00,0.0,-0.0034251064,lstm
2020-12-19 21:15:00,0.0,-0.0016177446,lstm
2020-12-19 21:15:00,0.0,0.0004464537,lstm
2020-12-19 21:30:00,0.0,-0.0012520999,lstm
2020-12-19 21:30:00,0.0,-0.0034252256,lstm
2020-12-19 21:30:00,0.0,-0.0016022325,lstm
2020-12-19 21:30:00,0.0,0.00046998262,lstm
2020-12-19 21:45:00,0.0,-0.001388818,lstm
2020-12-19 21:45:00,0.0,-0.0035527498,lstm
2020-12-19 21:45:00,0.0,-0.0017825961,lstm
2020-12-19 21:45:00,0.0,0.00041517615,lstm
2020-12-19 22:00:00,0.0,-0.001415059,lstm
2020-12-19 22:00:00,0.0,-0.0035236478,lstm
2020-12-19 22:00:00,0.0,-0.0017635375,lstm
2020-12-19 22:00:00,0.0,0.0004876703,lstm
2020-12-19 22:15:00,0.0,-0.0014237165,lstm
2020-12-19 22:15:00,0.0,-0.0034885854,lstm
2020-12-19 22:15:00,0.0,-0.0017341971,lstm
2020-12-19 22:15:00,0.0,0.0005378872,lstm
2020-12-19 22:30:00,0.0,-0.0014555603,lstm
2020-12-19 22:30:00,0.0,-0.0034781247,lstm
2020-12-19 22:30:00,0.0,-0.0017044395,lstm
2020-12-19 22:30:00,0.0,0.0005829483,lstm
2020-12-19 22:45:00,0.0,-0.0015987605,lstm
2020-12-19 22:45:00,0.0,-0.0035765618,lstm
2020-12-19 22:45:00,0.0,-0.0018658042,lstm
2020-12-19 22:45:00,0.0,0.0005339831,lstm
2020-12-19 23:00:00,0.0,-0.0016008914,lstm
2020-12-19 23:00:00,0.0,-0.003532216,lstm
2020-12-19 23:00:00,0.0,-0.001826182,lstm
2020-12-19 23:00:00,0.0,0.00059482455,lstm
2020-12-19 23:15:00,0.0,-0.001604408,lstm
2020-12-19 23:15:00,0.0,-0.003499478,lstm
2020-12-19 23:15:00,0.0,-0.0017818809,lstm
2020-12-19 23:15:00,0.0,0.0006393641,lstm
2020-12-19 23:30:00,0.0,-0.0016055554,lstm
2020-12-19 23:30:00,0.0,-0.003476262,lstm
2020-12-19 23:30:00,0.0,-0.0017454922,lstm
2020-12-19 23:30:00,0.0,0.00066800416,lstm
2020-12-19 23:45:00,0.0,-0.0017220378,lstm
2020-12-19 23:45:00,0.0,-0.0035544485,lstm
2020-12-19 23:45:00,0.0,-0.001880005,lstm
2020-12-19 23:45:00,0.0,0.00060363114,lstm
2020-12-20 00:00:00,0.0,-0.001681611,lstm
2020-12-20 00:00:00,0.0,-0.0034962744,lstm
2020-12-20 00:00:00,0.0,-0.0018554926,lstm
2020-12-20 00:00:00,0.0,0.0006221086,lstm
2020-12-20 00:15:00,0.0,-0.0016671717,lstm
2020-12-20 00:15:00,0.0,-0.0034698248,lstm
2020-12-20 00:15:00,0.0,-0.0018240511,lstm
2020-12-20 00:15:00,0.0,0.0006505698,lstm
2020-12-20 00:30:00,0.0,-0.0016549677,lstm
2020-12-20 00:30:00,0.0,-0.0034493506,lstm
2020-12-20 00:30:00,0.0,-0.0018005669,lstm
2020-12-20 00:30:00,0.0,0.0006637275,lstm
2020-12-20 00:45:00,0.0,-0.0017383546,lstm
2020-12-20 00:45:00,0.0,-0.0035088062,lstm
2020-12-20 00:45:00,0.0,-0.0019480437,lstm
2020-12-20 00:45:00,0.0,0.0005734861,lstm
2020-12-20 01:00:00,0.0,-0.001689598,lstm
2020-12-20 01:00:00,0.0,-0.0034550875,lstm
2020-12-20 01:00:00,0.0,-0.001936689,lstm
2020-12-20 01:00:00,0.0,0.00057303905,lstm
2020-12-20 01:15:00,0.0,-0.0016773492,lstm
2020-12-20 01:15:00,0.0,-0.003440991,lstm
2020-12-20 01:15:00,0.0,-0.0019190907,lstm
2020-12-20 01:15:00,0.0,0.0005840957,lstm
2020-12-20 01:30:00,0.0,-0.0016681105,lstm
2020-12-20 01:30:00,0.0,-0.0034306347,lstm
2020-12-20 01:30:00,0.0,-0.0019146204,lstm
2020-12-20 01:30:00,0.0,0.0005785674,lstm
2020-12-20 01:45:00,0.0,-0.001758039,lstm
2020-12-20 01:45:00,0.0,-0.0034825653,lstm
2020-12-20 01:45:00,0.0,-0.002044335,lstm
2020-12-20 01:45:00,0.0,0.0004912764,lstm
2020-12-20 02:00:00,0.0,-0.0017246157,lstm
2020-12-20 02:00:00,0.0,-0.003447041,lstm
2020-12-20 02:00:00,0.0,-0.0020206273,lstm
2020-12-20 02:00:00,0.0,0.00047527254,lstm
2020-12-20 02:15:00,0.0,-0.0016919672,lstm
2020-12-20 02:15:00,0.0,-0.0034397095,lstm
2020-12-20 02:15:00,0.0,-0.0020267963,lstm
2020-12-20 02:15:00,0.0,0.000437662,lstm
2020-12-20 02:30:00,0.0,-0.0016666949,lstm
2020-12-20 02:30:00,0.0,-0.0034446865,lstm
2020-12-20 02:30:00,0.0,-0.0020430982,lstm
2020-12-20 02:30:00,0.0,0.00040239096,lstm
2020-12-20 02:45:00,0.0,-0.0017314553,lstm
2020-12-20 02:45:00,0.0,-0.0034855455,lstm
2020-12-20 02:45:00,0.0,-0.002158299,lstm
2020-12-20 02:45:00,0.0,0.0003093481,lstm
2020-12-20 03:00:00,0.0,-0.0016904473,lstm
2020-12-20 03:00:00,0.0,-0.0034615397,lstm
2020-12-20 03:00:00,0.0,-0.0021463335,lstm
2020-12-20 03:00:00,0.0,0.00026784837,lstm
2020-12-20 03:15:00,0.0,-0.0016611218,lstm
2020-12-20 03:15:00,0.0,-0.0034674704,lstm
2020-12-20 03:15:00,0.0,-0.002158761,lstm
2020-12-20 03:15:00,0.0,0.00022006035,lstm
2020-12-20 03:30:00,0.0,-0.0016370714,lstm
2020-12-20 03:30:00,0.0,-0.0034728944,lstm
2020-12-20 03:30:00,0.0,-0.0021735877,lstm
2020-12-20 03:30:00,0.0,0.00018535554,lstm
2020-12-20 03:45:00,0.0,-0.0016718209,lstm
2020-12-20 03:45:00,0.0,-0.0035018176,lstm
2020-12-20 03:45:00,0.0,-0.0022654086,lstm
2020-12-20 03:45:00,0.0,9.36538e-05,lstm
2020-12-20 04:00:00,0.0,-0.0016392618,lstm
2020-12-20 04:00:00,0.0,-0.0035093129,lstm
2020-12-20 04:00:00,0.0,-0.0022748709,lstm
2020-12-20 04:00:00,0.0,3.1232834e-05,lstm
2020-12-20 04:15:00,0.0,-0.0016162246,lstm
2020-12-20 04:15:00,0.0,-0.0035388768,lstm
2020-12-20 04:15:00,0.0,-0.0023098737,lstm
2020-12-20 04:15:00,0.0,-3.1217933e-05,lstm
2020-12-20 04:30:00,0.0,-0.001593113,lstm
2020-12-20 04:30:00,0.0,-0.003564477,lstm
2020-12-20 04:30:00,0.0,-0.0023460537,lstm
2020-12-20 04:30:00,0.0,-8.042157e-05,lstm
2020-12-20 04:45:00,0.0,-0.0016168654,lstm
2020-12-20 04:45:00,0.0,-0.0035964549,lstm
2020-12-20 04:45:00,0.0,-0.0024249107,lstm
2020-12-20 04:45:00,0.0,-0.0001591295,lstm
2020-12-20 05:00:00,0.0,-0.0015944839,lstm
2020-12-20 05:00:00,0.0,-0.0036431253,lstm
2020-12-20 05:00:00,0.0,-0.0024724007,lstm
2020-12-20 05:00:00,0.0,-0.00024227798,lstm
2020-12-20 05:15:00,0.0,-0.0015703291,lstm
2020-12-20 05:15:00,0.0,-0.0036987215,lstm
2020-12-20 05:15:00,0.0,-0.0025307834,lstm
2020-12-20 05:15:00,0.0,-0.00030627847,lstm
2020-12-20 05:30:00,0.0,-0.0015410036,lstm
2020-12-20 05:30:00,0.0,-0.0037464648,lstm
2020-12-20 05:30:00,0.0,-0.0025802106,lstm
2020-12-20 05:30:00,0.0,-0.00035218894,lstm
2020-12-20 05:45:00,0.0,-0.001545921,lstm
2020-12-20 05:45:00,0.0,-0.0037775636,lstm
2020-12-20 05:45:00,0.0,-0.0026430339,lstm
2020-12-20 05:45:00,0.0,-0.00039848685,lstm
2020-12-20 06:00:00,0.0,-0.0015370548,lstm
2020-12-20 06:00:00,0.0,-0.0038596243,lstm
2020-12-20 06:00:00,0.0,-0.002708286,lstm
2020-12-20 06:00:00,0.0,-0.00045515597,lstm
2020-12-20 06:15:00,0.0,-0.0015063733,lstm
2020-12-20 06:15:00,0.0,-0.003942117,lstm
2020-12-20 06:15:00,0.0,-0.0027828664,lstm
2020-12-20 06:15:00,0.0,-0.0004976839,lstm
2020-12-20 06:30:00,0.0,-0.0014615357,lstm
2020-12-20 06:30:00,0.0,-0.004007846,lstm
2020-12-20 06:30:00,0.0,-0.002843216,lstm
2020-12-20 06:30:00,0.0,-0.00052294135,lstm
2020-12-20 06:45:00,0.0,-0.0014541149,lstm
2020-12-20 06:45:00,0.0,-0.0040411055,lstm
2020-12-20 06:45:00,0.0,-0.0028719157,lstm
2020-12-20 06:45:00,0.0,-0.0004888624,lstm
2020-12-20 07:00:00,0.0,-0.0014577508,lstm
2020-12-20 07:00:00,0.0,-0.004155144,lstm
2020-12-20 07:00:00,0.0,-0.002937004,lstm
2020-12-20 07:00:00,0.0,-0.0004786551,lstm
2020-12-20 07:15:00,0.0,-0.0014128685,lstm
2020-12-20 07:15:00,0.0,-0.0042622536,lstm
2020-12-20 07:15:00,0.0,-0.00299865,lstm
2020-12-20 07:15:00,0.0,-0.0004464686,lstm
2020-12-20 07:30:00,0.0,-0.0013336539,lstm
2020-12-20 07:30:00,0.0,-0.0043518245,lstm
2020-12-20 07:30:00,0.0,-0.003050387,lstm
2020-12-20 07:30:00,0.0,-0.00041294098,lstm
2020-12-20 07:45:00,0.0,-0.0012647957,lstm
2020-12-20 07:45:00,0.0,-0.0043656975,lstm
2020-12-20 07:45:00,0.0,-0.003003344,lstm
2020-12-20 07:45:00,0.0,-0.00023275614,lstm
2020-12-20 08:00:00,0.0,-0.001203835,lstm
2020-12-20 08:00:00,0.0,-0.0044741333,lstm
2020-12-20 08:00:00,0.0,-0.0029857159,lstm
2020-12-20 08:00:00,0.0,-4.1097403e-05,lstm
2020-12-20 08:15:00,0.0,-0.0010854155,lstm
2020-12-20 08:15:00,0.0,-0.0045880675,lstm
2020-12-20 08:15:00,0.0,-0.0029715896,lstm
2020-12-20 08:15:00,0.0,0.0002014786,lstm
2020-12-20 08:30:00,0.0,-0.0009034425,lstm
2020-12-20 08:30:00,0.0,-0.0047084093,lstm
2020-12-20 08:30:00,0.0,-0.0029169768,lstm
2020-12-20 08:30:00,0.0,0.0005504638,lstm
2020-12-20 08:45:00,0.0,-0.00068062544,lstm
2020-12-20 08:45:00,0.0,-0.004695192,lstm
2020-12-20 08:45:00,0.0,-0.0026580095,lstm
2020-12-20 08:45:00,0.0,0.00131464,lstm
2020-12-20 09:00:00,0.0,-0.00041879714,lstm
2020-12-20 09:00:00,0.0,-0.0047734976,lstm
2020-12-20 09:00:00,0.0,-0.00215289,lstm
2020-12-20 09:00:00,0.0075999945,0.0029505342,lstm
2020-12-20 09:15:00,0.0,2.105534e-05,lstm
2020-12-20 09:15:00,0.0,-0.0046052635,lstm
2020-12-20 09:15:00,0.0075999945,-0.0003706813,lstm
2020-12-20 09:15:00,0.030399993,0.008141145,lstm
2020-12-20 09:30:00,0.0,0.00021985173,lstm
2020-12-20 09:30:00,0.0075999945,-0.0014481246,lstm
2020-12-20 09:30:00,0.030399993,0.009220839,lstm
2020-12-20 09:30:00,0.07480001,0.030921042,lstm
2020-12-20 09:45:00,0.0075999945,0.00012548268,lstm
2020-12-20 09:45:00,0.030400023,0.008570954,lstm
2020-12-20 09:45:00,0.0748,0.03251928,lstm
2020-12-20 09:45:00,0.1172,0.076462865,lstm
2020-12-20 10:00:00,0.030400008,0.00682652,lstm
2020-12-20 10:00:00,0.0748,0.02859892,lstm
2020-12-20 10:00:00,0.1172,0.07462144,lstm
2020-12-20 10:00:00,0.1958,0.14132905,lstm
2020-12-20 10:15:00,0.0748,0.0593684,lstm
2020-12-20 10:15:00,0.1172,0.10698043,lstm
2020-12-20 10:15:00,0.1958,0.18812169,lstm
2020-12-20 10:15:00,0.3326,0.271093,lstm
2020-12-20 10:30:00,0.1172,0.14220273,lstm
2020-12-20 10:30:00,0.1958,0.2215331,lstm
2020-12-20 10:30:00,0.3326,0.32418644,lstm
2020-12-20 10:30:00,0.429,0.403762,lstm
2020-12-20 10:45:00,0.1958,0.20612837,lstm
2020-12-20 10:45:00,0.3326,0.29957035,lstm
2020-12-20 10:45:00,0.429,0.39220142,lstm
2020-12-20 10:45:00,0.5,0.4597637,lstm
2020-12-20 11:00:00,0.3326,0.32025498,lstm
2020-12-20 11:00:00,0.429,0.40526593,lstm
2020-12-20 11:00:00,0.5,0.47155416,lstm
2020-12-20 11:00:00,0.5584,0.53699625,lstm
2020-12-20 11:15:00,0.429,0.4266796,lstm
2020-12-20 11:15:00,0.5,0.49363703,lstm
2020-12-20 11:15:00,0.5584,0.5455788,lstm
2020-12-20 11:15:00,0.6106,0.6088165,lstm
2020-12-20 11:30:00,0.5,0.5022948,lstm
2020-12-20 11:30:00,0.5584,0.55286825,lstm
2020-12-20 11:30:00,0.6106,0.6000809,lstm
2020-12-20 11:30:00,0.6268,0.6468662,lstm
2020-12-20 11:45:00,0.5584,0.5719634,lstm
2020-12-20 11:45:00,0.6106,0.6076956,lstm
2020-12-20 11:45:00,0.6268,0.6476531,lstm
2020-12-20 11:45:00,0.5062,0.6746162,lstm
2020-12-20 12:00:00,0.6106,0.6250992,lstm
2020-12-20 12:00:00,0.6268,0.64908814,lstm
2020-12-20 12:00:00,0.5062,0.6781367,lstm
2020-12-20 12:00:00,0.7086,0.69536716,lstm
2020-12-20 12:15:00,0.6268,0.66545314,lstm
2020-12-20 12:15:00,0.5062,0.6822151,lstm
2020-12-20 12:15:00,0.7086,0.7018907,lstm
2020-12-20 12:15:00,0.7392,0.7173774,lstm
2020-12-20 12:30:00,0.50619996,0.6661463,lstm
2020-12-20 12:30:00,0.7085999,0.6778822,lstm
2020-12-20 12:30:00,0.7392,0.6832398,lstm
2020-12-20 12:30:00,0.7618,0.6938715,lstm
2020-12-20 12:45:00,0.7086,0.44757834,lstm
2020-12-20 12:45:00,0.7392,0.44072104,lstm
2020-12-20 12:45:00,0.7618,0.42752528,lstm
2020-12-20 12:45:00,0.776,0.41680944,lstm
2020-12-20 13:00:00,0.7392,0.74093795,lstm
2020-12-20 13:00:00,0.76179993,0.7277913,lstm
2020-12-20 13:00:00,0.776,0.7383447,lstm
2020-12-20 13:00:00,0.7852,0.75748277,lstm
2020-12-20 13:15:00,0.7618,0.7460749,lstm
2020-12-20 13:15:00,0.776,0.7626059,lstm
2020-12-20 13:15:00,0.7852,0.7677,lstm
2020-12-20 13:15:00,0.7918,0.7836605,lstm
2020-12-20 13:30:00,0.776,0.7781731,lstm
2020-12-20 13:30:00,0.7852,0.78894675,lstm
2020-12-20 13:30:00,0.7918,0.7932195,lstm
2020-12-20 13:30:00,0.7878,0.80375963,lstm
2020-12-20 13:45:00,0.78519994,0.790285,lstm
2020-12-20 13:45:00,0.79180014,0.79471934,lstm
2020-12-20 13:45:00,0.7878,0.7938105,lstm
2020-12-20 13:45:00,0.7818,0.7972209,lstm
2020-12-20 14:00:00,0.7918,0.797828,lstm
2020-12-20 14:00:00,0.7878001,0.79433155,lstm
2020-12-20 14:00:00,0.7818,0.7900614,lstm
2020-12-20 14:00:00,0.7666,0.7874153,lstm
2020-12-20 14:15:00,0.7878,0.79681,lstm
2020-12-20 14:15:00,0.7817999,0.78788745,lstm
2020-12-20 14:15:00,0.7666,0.7816799,lstm
2020-12-20 14:15:00,0.7522,0.7754755,lstm
2020-12-20 14:30:00,0.7818,0.7858993,lstm
2020-12-20 14:30:00,0.7666,0.772846,lstm
2020-12-20 14:30:00,0.7522,0.76355666,lstm
2020-12-20 14:30:00,0.7362,0.7534144,lstm
2020-12-20 14:45:00,0.7666,0.77859646,lstm
2020-12-20 14:45:00,0.7522,0.7598889,lstm
2020-12-20 14:45:00,0.7362,0.7457525,lstm
2020-12-20 14:45:00,0.606,0.7321903,lstm
2020-12-20 15:00:00,0.7522,0.75862783,lstm
2020-12-20 15:00:00,0.7362,0.7353538,lstm
2020-12-20 15:00:00,0.606,0.7146348,lstm
2020-12-20 15:00:00,0.6706,0.69654346,lstm
2020-12-20 15:15:00,0.7362,0.7352389,lstm
2020-12-20 15:15:00,0.60599995,0.7064456,lstm
2020-12-20 15:15:00,0.6706,0.6797409,lstm
2020-12-20 15:15:00,0.6362,0.65892744,lstm
2020-12-20 15:30:00,0.606,0.69787323,lstm
2020-12-20 15:30:00,0.6706,0.6637345,lstm
2020-12-20 15:30:00,0.6362,0.62777853,lstm
2020-12-20 15:30:00,0.3888,0.6041647,lstm
2020-12-20 15:45:00,0.6706,0.5543114,lstm
2020-12-20 15:45:00,0.6362,0.5099231,lstm
2020-12-20 15:45:00,0.3888,0.4498915,lstm
2020-12-20 15:45:00,0.4128,0.40216595,lstm
2020-12-20 16:00:00,0.63619995,0.56967366,lstm
2020-12-20 16:00:00,0.3888,0.49889576,lstm
2020-12-20 16:00:00,0.4128,0.434164,lstm
2020-12-20 16:00:00,0.464,0.37716067,lstm
2020-12-20 16:15:00,0.3888,0.49836436,lstm
2020-12-20 16:15:00,0.4128,0.42397094,lstm
2020-12-20 16:15:00,0.464,0.3601507,lstm
2020-12-20 16:15:00,0.4034,0.28831363,lstm
2020-12-20 16:30:00,0.4128,0.35893023,lstm
2020-12-20 16:30:00,0.464,0.29873472,lstm
2020-12-20 16:30:00,0.4034,0.23962294,lstm
2020-12-20 16:30:00,0.2926,0.17321223,lstm
2020-12-20 16:45:00,0.464,0.4165215,lstm
2020-12-20 16:45:00,0.4034,0.34555382,lstm
2020-12-20 16:45:00,0.2926,0.2815429,lstm
2020-12-20 16:45:00,0.1682,0.2147068,lstm
2020-12-20 17:00:00,0.4034,0.37584442,lstm
2020-12-20 17:00:00,0.2926,0.28395104,lstm
2020-12-20 17:00:00,0.1682,0.20676555,lstm
2020-12-20 17:00:00,0.1002,0.12657973,lstm
2020-12-20 17:15:00,0.2926,0.28771204,lstm
2020-12-20 17:15:00,0.1682,0.19809492,lstm
2020-12-20 17:15:00,0.1002,0.12396176,lstm
2020-12-20 17:15:00,0.0554,0.05914165,lstm
2020-12-20 17:30:00,0.1682,0.18068199,lstm
2020-12-20 17:30:00,0.1002,0.110145085,lstm
2020-12-20 17:30:00,0.055400014,0.049960703,lstm
2020-12-20 17:30:00,0.019999996,0.020546898,lstm
2020-12-20 17:45:00,0.1002,0.09079534,lstm
2020-12-20 17:45:00,0.0554,0.03847839,lstm
2020-12-20 17:45:00,0.019999996,0.006586045,lstm
2020-12-20 17:45:00,0.0018000007,-0.0024433583,lstm
2020-12-20 18:00:00,0.0554,0.046343178,lstm
2020-12-20 18:00:00,0.019999996,0.009571195,lstm
2020-12-20 18:00:00,0.0018000007,-0.005858287,lstm
2020-12-20 18:00:00,0.0,-0.007931456,lstm
2020-12-20 18:15:00,0.019999996,0.02466619,lstm
2020-12-20 18:15:00,0.0018000007,0.0003733337,lstm
2020-12-20 18:15:00,0.0,-0.0069198012,lstm
2020-12-20 18:15:00,0.0,-0.0062182695,lstm
2020-12-20 18:30:00,0.0018000007,0.013155803,lstm
2020-12-20 18:30:00,0.0,-0.0024456382,lstm
2020-12-20 18:30:00,0.0,-0.005626172,lstm
2020-12-20 18:30:00,0.0,-0.00389722,lstm
2020-12-20 18:45:00,0.0,0.0066826195,lstm
2020-12-20 18:45:00,0.0,-0.0030834079,lstm
2020-12-20 18:45:00,0.0,-0.0038716495,lstm
2020-12-20 18:45:00,0.0,-0.0018965155,lstm
2020-12-20 19:00:00,0.0,0.0030951947,lstm
2020-12-20 19:00:00,0.0,-0.002880454,lstm
2020-12-20 19:00:00,0.0,-0.0025843233,lstm
2020-12-20 19:00:00,0.0,-0.00039468706,lstm
2020-12-20 19:15:00,0.0,0.0012464225,lstm
2020-12-20 19:15:00,0.0,-0.002861634,lstm
2020-12-20 19:15:00,0.0,-0.0018692464,lstm
2020-12-20 19:15:00,0.0,0.00021362305,lstm
2020-12-20 19:30:00,0.0,0.00028081238,lstm
2020-12-20 19:30:00,0.0,-0.0029315054,lstm
2020-12-20 19:30:00,0.0,-0.0015426427,lstm
2020-12-20 19:30:00,0.0,0.00040344894,lstm
2020-12-20 19:45:00,0.0,-0.00023710728,lstm
2020-12-20 19:45:00,0.0,-0.0031132698,lstm
2020-12-20 19:45:00,0.0,-0.001568526,lstm
2020-12-20 19:45:00,0.0,0.00039553642,lstm
2020-12-20 20:00:00,0.0,-0.000676617,lstm
2020-12-20 20:00:00,0.0,-0.0032241493,lstm
2020-12-20 20:00:00,0.0,-0.001550749,lstm
2020-12-20 20:00:00,0.0,0.0004825443,lstm
2020-12-20 20:15:00,0.0,-0.0008918196,lstm
2020-12-20 20:15:00,0.0,-0.0032847822,lstm
2020-12-20 20:15:00,0.0,-0.001547426,lstm
2020-12-20 20:15:00,0.0,0.0005132258,lstm
2020-12-20 20:30:00,0.0,-0.0010174364,lstm
2020-12-20 20:30:00,0.0,-0.0033233166,lstm
2020-12-20 20:30:00,0.0,-0.0015528947,lstm
2020-12-20 20:30:00,0.0,0.0005261898,lstm
2020-12-20 20:45:00,0.0,-0.0012010336,lstm
2020-12-20 20:45:00,0.0,-0.0034697652,lstm
2020-12-20 20:45:00,0.0,-0.001703471,lstm
2020-12-20 20:45:00,0.0,0.0004891455,lstm
2020-12-20 21:00:00,0.0,-0.0012965351,lstm
2020-12-20 21:00:00,0.0,-0.0034820735,lstm
2020-12-20 21:00:00,0.0,-0.0017043501,lstm
2020-12-20 21:00:00,0.0,0.00055524707,lstm
2020-12-20 21:15:00,0.0,-0.0013462603,lstm
2020-12-20 21:15:00,0.0,-0.0034790933,lstm
2020-12-20 21:15:00,0.0,-0.0016885996,lstm
2020-12-20 21:15:00,0.0,0.00059080124,lstm
2020-12-20 21:30:00,0.0,-0.0013716221,lstm
2020-12-20 21:30:00,0.0,-0.0034718663,lstm
2020-12-20 21:30:00,0.0,-0.0016734004,lstm
2020-12-20 21:30:00,0.0,0.0006108582,lstm
2020-12-20 21:45:00,0.0,-0.0015320927,lstm
2020-12-20 21:45:00,0.0,-0.003604278,lstm
2020-12-20 21:45:00,0.0,-0.0018327683,lstm
2020-12-20 21:45:00,0.0,0.0005655587,lstm
2020-12-20 22:00:00,0.0,-0.0015505701,lstm
2020-12-20 22:00:00,0.0,-0.00357908,lstm
2020-12-20 22:00:00,0.0,-0.0018153936,lstm
2020-12-20 22:00:00,0.0,0.0006131679,lstm
2020-12-20 22:15:00,0.0,-0.0015639514,lstm
2020-12-20 22:15:00,0.0,-0.0035541654,lstm
2020-12-20 22:15:00,0.0,-0.0017839074,lstm
2020-12-20 22:15:00,0.0,0.0006545633,lstm
2020-12-20 22:30:00,0.0,-0.0015742332,lstm
2020-12-20 22:30:00,0.0,-0.003534183,lstm
2020-12-20 22:30:00,0.0,-0.0017601997,lstm
2020-12-20 22:30:00,0.0,0.000686422,lstm
2020-12-20 22:45:00,0.0,-0.0017092526,lstm
2020-12-20 22:45:00,0.0,-0.0036263317,lstm
2020-12-20 22:45:00,0.0,-0.0019097477,lstm
2020-12-20 22:45:00,0.0,0.0006388873,lstm
2020-12-20 23:00:00,0.0,-0.0017001033,lstm
2020-12-20 23:00:00,0.0,-0.003574878,lstm
2020-12-20 23:00:00,0.0,-0.0018664151,lstm
2020-12-20 23:00:00,0.0,0.00069610775,lstm
2020-12-20 23:15:00,0.0,-0.0016861707,lstm
2020-12-20 23:15:00,0.0,-0.003542304,lstm
2020-12-20 23:15:00,0.0,-0.0018312782,lstm
2020-12-20 23:15:00,0.0,0.00072418153,lstm
2020-12-20 23:30:00,0.0,-0.0016730726,lstm
2020-12-20 23:30:00,0.0,-0.003513828,lstm
2020-12-20 23:30:00,0.0,-0.0018070638,lstm
2020-12-20 23:30:00,0.0,0.00074605644,lstm
2020-12-20 23:45:00,0.0,-0.0017969161,lstm
2020-12-20 23:45:00,0.0,-0.0035841167,lstm
2020-12-20 23:45:00,0.0,-0.0019460917,lstm
2020-12-20 23:45:00,0.0,0.0006928146,lstm
2020-12-21 00:00:00,0.0,-0.0017658472,lstm
2020-12-21 00:00:00,0.0,-0.0035248995,lstm
2020-12-21 00:00:00,0.0,-0.0018956214,lstm
2020-12-21 00:00:00,0.0,0.0007313788,lstm
2020-12-21 00:15:00,0.0,-0.001747787,lstm
2020-12-21 00:15:00,0.0,-0.0035003573,lstm
2020-12-21 00:15:00,0.0,-0.0018675476,lstm
2020-12-21 00:15:00,0.0,0.00074346364,lstm
2020-12-21 00:30:00,0.0,-0.0017039478,lstm
2020-12-21 00:30:00,0.0,-0.0034662783,lstm
2020-12-21 00:30:00,0.0,-0.0018556714,lstm
2020-12-21 00:30:00,0.0,0.0007369369,lstm
2020-12-21 00:45:00,0.0,-0.001802519,lstm
2020-12-21 00:45:00,0.0,-0.0035161674,lstm
2020-12-21 00:45:00,0.0,-0.0019738227,lstm
2020-12-21 00:45:00,0.0,0.0006836504,lstm
2020-12-21 01:00:00,0.0,-0.0017665029,lstm
2020-12-21 01:00:00,0.0,-0.003460437,lstm
2020-12-21 01:00:00,0.0,-0.0019196272,lstm
2020-12-21 01:00:00,0.0,0.00070796907,lstm
2020-12-21 01:15:00,0.0,-0.0017249584,lstm
2020-12-21 01:15:00,0.0,-0.003436461,lstm
2020-12-21 01:15:00,0.0,-0.0019038767,lstm
2020-12-21 01:15:00,0.0,0.00068871677,lstm
2020-12-21 01:30:00,0.0,-0.0017044991,lstm
2020-12-21 01:30:00,0.0,-0.003424108,lstm
2020-12-21 01:30:00,0.0,-0.0018916577,lstm
2020-12-21 01:30:00,0.0,0.0006877929,lstm
2020-12-21 01:45:00,0.0,-0.001777336,lstm
2020-12-21 01:45:00,0.0,-0.0034528226,lstm
2020-12-21 01:45:00,0.0,-0.0019960254,lstm
2020-12-21 01:45:00,0.0,0.0006188452,lstm
2020-12-21 02:00:00,0.0,-0.0017310828,lstm
2020-12-21 02:00:00,0.0,-0.0034032017,lstm
2020-12-21 02:00:00,0.0,-0.0019511282,lstm
2020-12-21 02:00:00,0.0,0.0006201863,lstm
2020-12-21 02:15:00,0.0,-0.0017058402,lstm
2020-12-21 02:15:00,0.0,-0.0033965558,lstm
2020-12-21 02:15:00,0.0,-0.0019400865,lstm
2020-12-21 02:15:00,0.0,0.0005995929,lstm
2020-12-21 02:30:00,0.0,-0.0016915798,lstm
2020-12-21 02:30:00,0.0,-0.0033895075,lstm
2020-12-21 02:30:00,0.0,-0.0019349754,lstm
2020-12-21 02:30:00,0.0,0.000591889,lstm
2020-12-21 02:45:00,0.0,-0.001723513,lstm
2020-12-21 02:45:00,0.0,-0.0033963472,lstm
2020-12-21 02:45:00,0.0,-0.0020191967,lstm
2020-12-21 02:45:00,0.0,0.0005184263,lstm
2020-12-21 03:00:00,0.0,-0.0016636103,lstm
2020-12-21 03:00:00,0.0,-0.0033603907,lstm
2020-12-21 03:00:00,0.0,-0.001992613,lstm
2020-12-21 03:00:00,0.0,0.0004915744,lstm
2020-12-21 03:15:00,0.0,-0.001627326,lstm
2020-12-21 03:15:00,0.0,-0.0033574104,lstm
2020-12-21 03:15:00,0.0,-0.0019910336,lstm
2020-12-21 03:15:00,0.0,0.0004620254,lstm
2020-12-21 03:30:00,0.0,-0.0016007572,lstm
2020-12-21 03:30:00,0.0,-0.0033606887,lstm
2020-12-21 03:30:00,0.0,-0.001998499,lstm
2020-12-21 03:30:00,0.0,0.00043649971,lstm
2020-12-21 03:45:00,0.0,-0.001612559,lstm
2020-12-21 03:45:00,0.0,-0.003361538,lstm
2020-12-21 03:45:00,0.0,-0.002061218,lstm
2020-12-21 03:45:00,0.0,0.0003709048,lstm
2020-12-21 04:00:00,0.0,-0.001558423,lstm
2020-12-21 04:00:00,0.0,-0.0033512115,lstm
2020-12-21 04:00:00,0.0,-0.0020532608,lstm
2020-12-21 04:00:00,0.0,0.00032903254,lstm
2020-12-21 04:15:00,0.0,-0.0015242547,lstm
2020-12-21 04:15:00,0.0,-0.003364265,lstm
2020-12-21 04:15:00,0.0,-0.0020683855,lstm
2020-12-21 04:15:00,0.0,0.0002937913,lstm
2020-12-21 04:30:00,0.0,-0.0014971048,lstm
2020-12-21 04:30:00,0.0,-0.003374949,lstm
2020-12-21 04:30:00,0.0,-0.0020873845,lstm
2020-12-21 04:30:00,0.0,0.0002682209,lstm
2020-12-21 04:45:00,0.0,-0.0015074462,lstm
2020-12-21 04:45:00,0.0,-0.0033766031,lstm
2020-12-21 04:45:00,0.0,-0.0021364987,lstm
2020-12-21 04:45:00,0.0,0.0002233684,lstm
2020-12-21 05:00:00,0.0,-0.0014819503,lstm
2020-12-21 05:00:00,0.0,-0.0034038275,lstm
2020-12-21 05:00:00,0.0,-0.0021581352,lstm
2020-12-21 05:00:00,0.0,0.00018025935,lstm
2020-12-21 05:15:00,0.0,-0.0014480501,lstm
2020-12-21 05:15:00,0.0,-0.003443122,lstm
2020-12-21 05:15:00,0.0,-0.0022028536,lstm
2020-12-21 05:15:00,0.0,0.00013248622,lstm
2020-12-21 05:30:00,0.0,-0.001423806,lstm
2020-12-21 05:30:00,0.0,-0.0034739375,lstm
2020-12-21 05:30:00,0.0,-0.002237171,lstm
2020-12-21 05:30:00,0.0,0.0001154989,lstm
2020-12-21 05:45:00,0.0,-0.0014368147,lstm
2020-12-21 05:45:00,0.0,-0.0034854263,lstm
2020-12-21 05:45:00,0.0,-0.0022729784,lstm
2020-12-21 05:45:00,0.0,0.00010702014,lstm
2020-12-21 06:00:00,0.0,-0.0014194548,lstm
2020-12-21 06:00:00,0.0,-0.0035415888,lstm
2020-12-21 06:00:00,0.0,-0.0023138672,lstm
2020-12-21 06:00:00,0.0,8.316338e-05,lstm
2020-12-21 06:15:00,0.0,-0.0013896078,lstm
2020-12-21 06:15:00,0.0,-0.0036028326,lstm
2020-12-21 06:15:00,0.0,-0.002371028,lstm
2020-12-21 06:15:00,0.0,6.619096e-05,lstm
2020-12-21 06:30:00,0.0,-0.0013463497,lstm
2020-12-21 06:30:00,0.0,-0.003653273,lstm
2020-12-21 06:30:00,0.0,-0.0024163425,lstm
2020-12-21 06:30:00,0.0,5.6788325e-05,lstm
2020-12-21 06:45:00,0.0,-0.0013283938,lstm
2020-12-21 06:45:00,0.0,-0.0036713928,lstm
2020-12-21 06:45:00,0.0,-0.0024260283,lstm
2020-12-21 06:45:00,0.0,0.0001065135,lstm
2020-12-21 07:00:00,0.0,-0.0012936145,lstm
2020-12-21 07:00:00,0.0,-0.003752768,lstm
2020-12-21 07:00:00,0.0,-0.0024649948,lstm
2020-12-21 07:00:00,0.0,0.00013166666,lstm
2020-12-21 07:15:00,0.0,-0.001238972,lstm
2020-12-21 07:15:00,0.0,-0.003829658,lstm
2020-12-21 07:15:00,0.0,-0.0025063157,lstm
2020-12-21 07:15:00,0.0,0.00018145144,lstm
2020-12-21 07:30:00,0.0,-0.0011676699,lstm
2020-12-21 07:30:00,0.0,-0.0038968772,lstm
2020-12-21 07:30:00,0.0,-0.002539754,lstm
2020-12-21 07:30:00,0.0,0.00023396313,lstm
2020-12-21 07:45:00,0.0,-0.001104787,lstm
2020-12-21 07:45:00,0.0,-0.0039065033,lstm
2020-12-21 07:45:00,0.0,-0.002499491,lstm
2020-12-21 07:45:00,0.0,0.00040403008,lstm
2020-12-21 08:00:00,0.0,-0.0010428876,lstm
2020-12-21 08:00:00,0.0,-0.003994465,lstm
2020-12-21 08:00:00,0.0,-0.002489835,lstm
2020-12-21 08:00:00,0.0,0.0005733222,lstm
2020-12-21 08:15:00,0.0,-0.0009377599,lstm
2020-12-21 08:15:00,0.0,-0.0040915757,lstm
2020-12-21 08:15:00,0.0,-0.0024819672,lstm
2020-12-21 08:15:00,0.0,0.0007889122,lstm
2020-12-21 08:30:00,0.0,-0.00078210235,lstm
2020-12-21 08:30:00,0.0,-0.004202649,lstm
2020-12-21 08:30:00,0.0,-0.002463162,lstm
2020-12-21 08:30:00,0.0,0.0010704547,lstm
2020-12-21 08:45:00,0.0,-0.0005837977,lstm
2020-12-21 08:45:00,0.0,-0.0042097718,lstm
2020-12-21 08:45:00,0.0,-0.002257064,lstm
2020-12-21 08:45:00,0.0,0.0017326921,lstm
2020-12-21 09:00:00,0.0,-0.00033906102,lstm
2020-12-21 09:00:00,0.0,-0.0042926073,lstm
2020-12-21 09:00:00,0.0,-0.0018336475,lstm
2020-12-21 09:00:00,0.0075999945,0.0031682998,lstm
2020-12-21 09:15:00,0.0,0.00010199845,lstm
2020-12-21 09:15:00,0.0,-0.004177004,lstm
2020-12-21 09:15:00,0.0075999945,-0.00033967197,lstm
2020-12-21 09:15:00,0.028799996,0.007687062,lstm
2020-12-21 09:30:00,0.0,0.0005135089,lstm
2020-12-21 09:30:00,0.0075999945,-0.0013765842,lstm
2020-12-21 09:30:00,0.028799996,0.008014575,lstm
2020-12-21 09:30:00,0.068,0.027604803,lstm
2020-12-21 09:45:00,0.0075999945,0.00082819164,lstm
2020-12-21 09:45:00,0.028799996,0.007709563,lstm
2020-12-21 09:45:00,0.068,0.028656319,lstm
2020-12-21 09:45:00,0.1098,0.06796515,lstm
2020-12-21 10:00:00,0.028799996,0.0074828267,lstm
2020-12-21 10:00:00,0.068,0.027638048,lstm
2020-12-21 10:00:00,0.1098,0.06862584,lstm
2020-12-21 10:00:00,0.1848,0.13038804,lstm
2020-12-21 10:15:00,0.068,0.055392146,lstm
2020-12-21 10:15:00,0.1098,0.10254821,lstm
2020-12-21 10:15:00,0.1848,0.17901972,lstm
2020-12-21 10:15:00,0.316,0.26102126,lstm
2020-12-21 10:30:00,0.1098,0.12441829,lstm
2020-12-21 10:30:00,0.1848,0.20339122,lstm
2020-12-21 10:30:00,0.316,0.3037736,lstm
2020-12-21 10:30:00,0.4112,0.38688138,lstm
2020-12-21 10:45:00,0.1848,0.19115944,lstm
2020-12-21 10:45:00,0.316,0.28659016,lstm
2020-12-21 10:45:00,0.4112,0.38085276,lstm
2020-12-21 10:45:00,0.4702,0.4539866,lstm
2020-12-21 11:00:00,0.316,0.30164608,lstm
2020-12-21 11:00:00,0.4112,0.39122057,lstm
2020-12-21 11:00:00,0.4702,0.46009308,lstm
2020-12-21 11:00:00,0.5228,0.5306553,lstm
2020-12-21 11:15:00,0.4112,0.41323546,lstm
2020-12-21 11:15:00,0.4702,0.48413998,lstm
2020-12-21 11:15:00,0.5228,0.53751516,lstm
2020-12-21 11:15:00,0.5732,0.60345465,lstm
2020-12-21 11:30:00,0.4702,0.49416852,lstm
2020-12-21 11:30:00,0.5228,0.54781103,lstm
2020-12-21 11:30:00,0.5732,0.5953969,lstm
2020-12-21 11:30:00,0.6154,0.6436029,lstm
2020-12-21 11:45:00,0.5228,0.55702555,lstm
2020-12-21 11:45:00,0.5732,0.5967933,lstm
2020-12-21 11:45:00,0.6154,0.63464606,lstm
2020-12-21 11:45:00,0.6496,0.66399336,lstm
2020-12-21 12:00:00,0.5732,0.60806215,lstm
2020-12-21 12:00:00,0.6154,0.63623416,lstm
2020-12-21 12:00:00,0.6496,0.66291845,lstm
2020-12-21 12:00:00,0.6596,0.68383974,lstm
2020-12-21 12:15:00,0.6154,0.65003943,lstm
2020-12-21 12:15:00,0.6496,0.6711987,lstm
2020-12-21 12:15:00,0.6596,0.6894159,lstm
2020-12-21 12:15:00,0.6898,0.70893896,lstm
2020-12-21 12:30:00,0.6496,0.67855287,lstm
2020-12-21 12:30:00,0.6596,0.69604063,lstm
2020-12-21 12:30:00,0.6898,0.7072718,lstm
2020-12-21 12:30:00,0.6432,0.7264259,lstm
2020-12-21 12:45:00,0.6596,0.70050603,lstm
2020-12-21 12:45:00,0.6898,0.714213,lstm
2020-12-21 12:45:00,0.6432,0.7198028,lstm
2020-12-21 12:45:00,0.6078,0.7375883,lstm
2020-12-21 13:00:00,0.6898,0.69286287,lstm
2020-12-21 13:00:00,0.6432,0.70029104,lstm
2020-12-21 13:00:00,0.60779995,0.6980671,lstm
2020-12-21 13:00:00,0.7174,0.70969903,lstm
2020-12-21 13:15:00,0.6432,0.72895294,lstm
2020-12-21 13:15:00,0.6078,0.7330544,lstm
2020-12-21 13:15:00,0.7174,0.7341379,lstm
2020-12-21 13:15:00,0.7108,0.7481504,lstm
2020-12-21 13:30:00,0.6078,0.621775,lstm
2020-12-21 13:30:00,0.71739995,0.61194885,lstm
2020-12-21 13:30:00,0.7108,0.5997084,lstm
2020-12-21 13:30:00,0.7454001,0.5998827,lstm
2020-12-21 13:45:00,0.7174,0.5861985,lstm
2020-12-21 13:45:00,0.71079993,0.5585921,lstm
2020-12-21 13:45:00,0.7454,0.5417234,lstm
2020-12-21 13:45:00,0.7528,0.54502743,lstm
2020-12-21 14:00:00,0.7108,0.76481605,lstm
2020-12-21 14:00:00,0.74539995,0.76035094,lstm
2020-12-21 14:00:00,0.7528,0.76133835,lstm
2020-12-21 14:00:00,0.7546,0.7747133,lstm
2020-12-21 14:15:00,0.7454,0.73400366,lstm
2020-12-21 14:15:00,0.7528,0.7423128,lstm
2020-12-21 14:15:00,0.7546,0.73558223,lstm
2020-12-21 14:15:00,0.7336,0.73870194,lstm
2020-12-21 14:30:00,0.7528,0.77369696,lstm
2020-12-21 14:30:00,0.7545999,0.77232194,lstm
2020-12-21 14:30:00,0.7336,0.76741254,lstm
2020-12-21 14:30:00,0.7128,0.7699317,lstm
2020-12-21 14:45:00,0.7546,0.7695856,lstm
2020-12-21 14:45:00,0.7336,0.76300454,lstm
2020-12-21 14:45:00,0.7128,0.75186,lstm
2020-12-21 14:45:00,0.683,0.74397427,lstm
2020-12-21 15:00:00,0.7336,0.76277333,lstm
2020-12-21 15:00:00,0.7128,0.7454432,lstm
2020-12-21 15:00:00,0.683,0.72783715,lstm
2020-12-21 15:00:00,0.6102,0.7114328,lstm
2020-12-21 15:15:00,0.7128,0.72809535,lstm
2020-12-21 15:15:00,0.683,0.7027036,lstm
2020-12-21 15:15:00,0.6102,0.6778321,lstm
2020-12-21 15:15:00,0.4186,0.6524403,lstm
2020-12-21 15:30:00,0.683,0.6947653,lstm
2020-12-21 15:30:00,0.6102,0.6583543,lstm
2020-12-21 15:30:00,0.4186,0.6258349,lstm
2020-12-21 15:30:00,0.378,0.5945922,lstm
2020-12-21 15:45:00,0.6102,0.65338993,lstm
2020-12-21 15:45:00,0.41860002,0.6066459,lstm
2020-12-21 15:45:00,0.378,0.56279016,lstm
2020-12-21 15:45:00,0.2518,0.52046233,lstm
2020-12-21 16:00:00,0.4186,0.57431614,lstm
2020-12-21 16:00:00,0.37799996,0.5226015,lstm
2020-12-21 16:00:00,0.2518,0.47276664,lstm
2020-12-21 16:00:00,0.1886,0.4198025,lstm
2020-12-21 16:15:00,0.378,0.40689945,lstm
2020-12-21 16:15:00,0.2518,0.37329683,lstm
2020-12-21 16:15:00,0.1886,0.33298802,lstm
2020-12-21 16:15:00,0.2092,0.2816788,lstm
2020-12-21 16:30:00,0.2518,0.36778298,lstm
2020-12-21 16:30:00,0.1886,0.29857725,lstm
2020-12-21 16:30:00,0.2092,0.24788105,lstm
2020-12-21 16:30:00,0.1662,0.19281927,lstm
2020-12-21 16:45:00,0.1886,0.27093098,lstm
2020-12-21 16:45:00,0.2092,0.20147792,lstm
2020-12-21 16:45:00,0.1662,0.15358795,lstm
2020-12-21 16:45:00,0.071,0.101159595,lstm
2020-12-21 17:00:00,0.2092,0.23274326,lstm
2020-12-21 17:00:00,0.1662,0.15339214,lstm
2020-12-21 17:00:00,0.071,0.107714765,lstm
2020-12-21 17:00:00,0.046800002,0.059480935,lstm
2020-12-21 17:15:00,0.1662,0.23602721,lstm
2020-12-21 17:15:00,0.071,0.15615748,lstm
2020-12-21 17:15:00,0.046800002,0.09145954,lstm
2020-12-21 17:15:00,0.037200004,0.049180567,lstm
2020-12-21 17:30:00,0.071,0.17745742,lstm
2020-12-21 17:30:00,0.046800002,0.108033836,lstm
2020-12-21 17:30:00,0.037200004,0.055509,lstm
2020-12-21 17:30:00,0.007799998,0.023243517,lstm
2020-12-21 17:45:00,0.046800017,0.089538895,lstm
2020-12-21 17:45:00,0.037200004,0.043811083,lstm
2020-12-21 17:45:00,0.007799998,0.016101956,lstm
2020-12-21 17:45:00,0.00040002167,0.00413011,lstm
2020-12-21 18:00:00,0.037200004,0.038214475,lstm
2020-12-21 18:00:00,0.007799998,0.013291165,lstm
2020-12-21 18:00:00,0.00040000677,0.0015366375,lstm
2020-12-21 18:00:00,0.0,-0.00016388297,lstm
2020-12-21 18:15:00,0.007799998,0.018358678,lstm
2020-12-21 18:15:00,0.00040000677,0.003816396,lstm
2020-12-21 18:15:00,0.0,-0.0010118932,lstm
2020-12-21 18:15:00,0.0,-0.00030946732,lstm
2020-12-21 18:30:00,0.00040000677,0.007056266,lstm
2020-12-21 18:30:00,0.0,-0.001421079,lstm
2020-12-21 18:30:00,0.0,-0.0028892606,lstm
2020-12-21 18:30:00,0.0,-0.0008158535,lstm
2020-12-21 18:45:00,0.0,0.0031746328,lstm
2020-12-21 18:45:00,0.0,-0.0022376627,lstm
2020-12-21 18:45:00,0.0,-0.002236843,lstm
2020-12-21 18:45:00,0.0,4.7132373e-05,lstm
2020-12-21 19:00:00,0.0,0.0012247562,lstm
2020-12-21 19:00:00,0.0,-0.0026786476,lstm
2020-12-21 19:00:00,0.0,-0.0018212944,lstm
2020-12-21 19:00:00,0.0,0.00040602684,lstm
2020-12-21 19:15:00,0.0,0.00021034479,lstm
2020-12-21 19:15:00,0.0,-0.0029519796,lstm
2020-12-21 19:15:00,0.0,-0.0016662925,lstm
2020-12-21 19:15:00,0.0,0.00047914684,lstm
2020-12-21 19:30:00,0.0,-0.00036369264,lstm
2020-12-21 19:30:00,0.0,-0.0031236857,lstm
2020-12-21 19:30:00,0.0,-0.0016054362,lstm
2020-12-21 19:30:00,0.0,0.0005091727,lstm
2020-12-21 19:45:00,0.0,-0.000732705,lstm
2020-12-21 19:45:00,0.0,-0.0033327937,lstm
2020-12-21 19:45:00,0.0,-0.0016916543,lstm
2020-12-21 19:45:00,0.0,0.00047817826,lstm
2020-12-21 20:00:00,0.0,-0.0009897351,lstm
2020-12-21 20:00:00,0.0,-0.0034606457,lstm
2020-12-21 20:00:00,0.0,-0.0017393976,lstm
2020-12-21 20:00:00,0.0,0.00047765672,lstm
2020-12-21 20:15:00,0.0,-0.0011437833,lstm
2020-12-21 20:15:00,0.0,-0.0035193115,lstm
2020-12-21 20:15:00,0.0,-0.001738593,lstm
2020-12-21 20:15:00,0.0,0.00048947334,lstm
2020-12-21 20:30:00,0.0,-0.00123097,lstm
2020-12-21 20:30:00,0.0,-0.0035250932,lstm
2020-12-21 20:30:00,0.0,-0.0017065853,lstm
2020-12-21 20:30:00,0.0,0.0005288869,lstm
2020-12-21 20:45:00,0.0,-0.0013784766,lstm
2020-12-21 20:45:00,0.0,-0.0036526173,lstm
2020-12-21 20:45:00,0.0,-0.0018334985,lstm
2020-12-21 20:45:00,0.0,0.0004913807,lstm
2020-12-21 21:00:00,0.0,-0.0014409274,lstm
2020-12-21 21:00:00,0.0,-0.0036596805,lstm
2020-12-21 21:00:00,0.0,-0.0018349439,lstm
2020-12-21 21:00:00,0.0,0.0005339831,lstm
2020-12-21 21:15:00,0.0,-0.0014782995,lstm
2020-12-21 21:15:00,0.0,-0.0036379844,lstm
2020-12-21 21:15:00,0.0,-0.0017955303,lstm
2020-12-21 21:15:00,0.0,0.000587672,lstm
2020-12-21 21:30:00,0.0,-0.0015031397,lstm
2020-12-21 21:30:00,0.0,-0.0036241561,lstm
2020-12-21 21:30:00,0.0,-0.0017641634,lstm
2020-12-21 21:30:00,0.0,0.0006248355,lstm
2020-12-21 21:45:00,0.0,-0.0016265512,lstm
2020-12-21 21:45:00,0.0,-0.003716588,lstm
2020-12-21 21:45:00,0.0,-0.0018926859,lstm
2020-12-21 21:45:00,0.0,0.0005890578,lstm
2020-12-21 22:00:00,0.0,-0.0016445369,lstm
2020-12-21 22:00:00,0.0,-0.003686741,lstm
2020-12-21 22:00:00,0.0,-0.0018642545,lstm
2020-12-21 22:00:00,0.0,0.0006414801,lstm
2020-12-21 22:15:00,0.0,-0.0016510189,lstm
2020-12-21 22:15:00,0.0,-0.003653288,lstm
2020-12-21 22:15:00,0.0,-0.0018177778,lstm
2020-12-21 22:15:00,0.0,0.00068609416,lstm
2020-12-21 22:30:00,0.0,-0.0016463399,lstm
2020-12-21 22:30:00,0.0,-0.0036270916,lstm
2020-12-21 22:30:00,0.0,-0.0017896742,lstm
2020-12-21 22:30:00,0.0,0.0007086545,lstm
2020-12-21 22:45:00,0.0,-0.0017597526,lstm
2020-12-21 22:45:00,0.0,-0.0036942512,lstm
2020-12-21 22:45:00,0.0,-0.0019174814,lstm
2020-12-21 22:45:00,0.0,0.0006702244,lstm
2020-12-21 23:00:00,0.0,-0.0017505139,lstm
2020-12-21 23:00:00,0.0,-0.0036391467,lstm
2020-12-21 23:00:00,0.0,-0.0018745661,lstm
2020-12-21 23:00:00,0.0,0.00072327256,lstm
2020-12-21 23:15:00,0.0,-0.0017344207,lstm
2020-12-21 23:15:00,0.0,-0.0036021322,lstm
2020-12-21 23:15:00,0.0,-0.0018451959,lstm
2020-12-21 23:15:00,0.0,0.00074741244,lstm
2020-12-21 23:30:00,0.0,-0.0017245859,lstm
2020-12-21 23:30:00,0.0,-0.0035737604,lstm
2020-12-21 23:30:00,0.0,-0.0018236488,lstm
2020-12-21 23:30:00,0.0,0.0007703155,lstm
2020-12-21 23:45:00,0.0,-0.0018316507,lstm
2020-12-21 23:45:00,0.0,-0.0036260188,lstm
2020-12-21 23:45:00,0.0,-0.0019530952,lstm
2020-12-21 23:45:00,0.0,0.00071953237,lstm
2020-12-22 00:00:00,0.0,-0.001814872,lstm
2020-12-22 00:00:00,0.0,-0.0035640746,lstm
2020-12-22 00:00:00,0.0,-0.0018973649,lstm
2020-12-22 00:00:00,0.0,0.00077177584,lstm
2020-12-22 00:15:00,0.0,-0.0018014908,lstm
2020-12-22 00:15:00,0.0,-0.0035290122,lstm
2020-12-22 00:15:00,0.0,-0.0018577129,lstm
2020-12-22 00:15:00,0.0,0.0007959902,lstm
2020-12-22 00:30:00,0.0,-0.0017888695,lstm
2020-12-22 00:30:00,0.0,-0.0035047084,lstm
2020-12-22 00:30:00,0.0,-0.0018348396,lstm
2020-12-22 00:30:00,0.0,0.00080773234,lstm
2020-12-22 00:45:00,0.0,-0.0018640906,lstm
2020-12-22 00:45:00,0.0,-0.0035287738,lstm
2020-12-22 00:45:00,0.0,-0.0019454509,lstm
2020-12-22 00:45:00,0.0,0.0007481128,lstm
2020-12-22 01:00:00,0.0,-0.0018235743,lstm
2020-12-22 01:00:00,0.0,-0.0034656227,lstm
2020-12-22 01:00:00,0.0,-0.0018926114,lstm
2020-12-22 01:00:00,0.0,0.00077676773,lstm
2020-12-22 01:15:00,0.0,-0.001793921,lstm
2020-12-22 01:15:00,0.0,-0.003442049,lstm
2020-12-22 01:15:00,0.0,-0.0018721819,lstm
2020-12-22 01:15:00,0.0,0.0007703006,lstm
2020-12-22 01:30:00,0.0,-0.0017748475,lstm
2020-12-22 01:30:00,0.0,-0.0034212917,lstm
2020-12-22 01:30:00,0.0,-0.0018573403,lstm
2020-12-22 01:30:00,0.0,0.0007726401,lstm
2020-12-22 01:45:00,0.0,-0.001840815,lstm
2020-12-22 01:45:00,0.0,-0.003440082,lstm
2020-12-22 01:45:00,0.0,-0.0019465834,lstm
2020-12-22 01:45:00,0.0,0.00071538985,lstm
2020-12-22 02:00:00,0.0,-0.001808539,lstm
2020-12-22 02:00:00,0.0,-0.0033945292,lstm
2020-12-22 02:00:00,0.0,-0.0018893033,lstm
2020-12-22 02:00:00,0.0,0.0007317364,lstm
2020-12-22 02:15:00,0.0,-0.0017800629,lstm
2020-12-22 02:15:00,0.0,-0.0033825934,lstm
2020-12-22 02:15:00,0.0,-0.0018798113,lstm
2020-12-22 02:15:00,0.0,0.0007054657,lstm
2020-12-22 02:30:00,0.0,-0.0017605871,lstm
2020-12-22 02:30:00,0.0,-0.0033802688,lstm
2020-12-22 02:30:00,0.0,-0.001879409,lstm
2020-12-22 02:30:00,0.0,0.0006892383,lstm
2020-12-22 02:45:00,0.0,-0.0017874986,lstm
2020-12-22 02:45:00,0.0,-0.0033953488,lstm
2020-12-22 02:45:00,0.0,-0.0019638836,lstm
2020-12-22 02:45:00,0.0,0.00060516596,lstm
2020-12-22 03:00:00,0.0,-0.0017388612,lstm
2020-12-22 03:00:00,0.0,-0.0033683479,lstm
2020-12-22 03:00:00,0.0,-0.0019525439,lstm
2020-12-22 03:00:00,0.0,0.00056810677,lstm
2020-12-22 03:15:00,0.0,-0.0017024428,lstm
2020-12-22 03:15:00,0.0,-0.0033707768,lstm
2020-12-22 03:15:00,0.0,-0.0019638836,lstm
2020-12-22 03:15:00,0.0,0.0005287826,lstm
2020-12-22 03:30:00,0.0,-0.0016783923,lstm
2020-12-22 03:30:00,0.0,-0.0033836365,lstm
2020-12-22 03:30:00,0.0,-0.001977995,lstm
2020-12-22 03:30:00,0.0,0.0004962534,lstm
2020-12-22 03:45:00,0.0,-0.0016905069,lstm
2020-12-22 03:45:00,0.0,-0.0033963472,lstm
2020-12-22 03:45:00,0.0,-0.0020553619,lstm
2020-12-22 03:45:00,0.0,0.0004069805,lstm
2020-12-22 04:00:00,0.0,-0.0016455203,lstm
2020-12-22 04:00:00,0.0,-0.0033926815,lstm
2020-12-22 04:00:00,0.0,-0.0020614564,lstm
2020-12-22 04:00:00,0.0,0.00035382807,lstm
2020-12-22 04:15:00,0.0,-0.0016065687,lstm
2020-12-22 04:15:00,0.0,-0.003411904,lstm
2020-12-22 04:15:00,0.0,-0.0020893961,lstm
2020-12-22 04:15:00,0.0,0.0003001392,lstm
2020-12-22 04:30:00,0.0,-0.0015736073,lstm
2020-12-22 04:30:00,0.0,-0.0034300983,lstm
2020-12-22 04:30:00,0.0,-0.002115786,lstm
2020-12-22 04:30:00,0.0,0.00025947392,lstm
2020-12-22 04:45:00,0.0,-0.0015751272,lstm
2020-12-22 04:45:00,0.0,-0.0034458935,lstm
2020-12-22 04:45:00,0.0,-0.002184242,lstm
2020-12-22 04:45:00,0.0,0.000177145,lstm
2020-12-22 05:00:00,0.0,-0.0015350431,lstm
2020-12-22 05:00:00,0.0,-0.0034721047,lstm
2020-12-22 05:00:00,0.0,-0.002214998,lstm
2020-12-22 05:00:00,0.0,0.000109896064,lstm
2020-12-22 05:15:00,0.0,-0.0014926344,lstm
2020-12-22 05:15:00,0.0,-0.0035203695,lstm
2020-12-22 05:15:00,0.0,-0.0022702962,lstm
2020-12-22 05:15:00,0.0,3.7819147e-05,lstm
2020-12-22 05:30:00,0.0,-0.0014532954,lstm
2020-12-22 05:30:00,0.0,-0.003560111,lstm
2020-12-22 05:30:00,0.0,-0.0023145825,lstm
2020-12-22 05:30:00,0.0,-9.149313e-06,lstm
2020-12-22 05:45:00,0.0,-0.0014602393,lstm
2020-12-22 05:45:00,0.0,-0.003587827,lstm
2020-12-22 05:45:00,0.0,-0.0023627132,lstm
2020-12-22 05:45:00,0.0,-4.698336e-05,lstm
2020-12-22 06:00:00,0.0,-0.0014442205,lstm
2020-12-22 06:00:00,0.0,-0.0036586374,lstm
2020-12-22 06:00:00,0.0,-0.0024202764,lstm
2020-12-22 06:00:00,0.0,-0.00010062754,lstm
2020-12-22 06:15:00,0.0,-0.001408726,lstm
2020-12-22 06:15:00,0.0,-0.003735602,lstm
2020-12-22 06:15:00,0.0,-0.0024935454,lstm
2020-12-22 06:15:00,0.0,-0.0001462251,lstm
2020-12-22 06:30:00,0.0,-0.0013667196,lstm
2020-12-22 06:30:00,0.0,-0.0037989467,lstm
2020-12-22 06:30:00,0.0,-0.002546683,lstm
2020-12-22 06:30:00,0.0,-0.00016368926,lstm
2020-12-22 06:45:00,0.0,-0.0013630539,lstm
2020-12-22 06:45:00,0.0,-0.0038295835,lstm
2020-12-22 06:45:00,0.0,-0.0025763363,lstm
2020-12-22 06:45:00,0.0,-0.00013154745,lstm
2020-12-22 07:00:00,0.0,-0.0013434589,lstm
2020-12-22 07:00:00,0.0,-0.003930539,lstm
2020-12-22 07:00:00,0.0,-0.002635017,lstm
2020-12-22 07:00:00,0.0,-0.00012800097,lstm
2020-12-22 07:15:00,0.0,-0.0012830794,lstm
2020-12-22 07:15:00,0.0,-0.0040295273,lstm
2020-12-22 07:15:00,0.0,-0.0027038008,lstm
2020-12-22 07:15:00,0.0,-0.00011666119,lstm
2020-12-22 07:30:00,0.0,-0.0012007207,lstm
2020-12-22 07:30:00,0.0,-0.0041178167,lstm
2020-12-22 07:30:00,0.0,-0.0027574897,lstm
2020-12-22 07:30:00,0.0,-9.648502e-05,lstm
2020-12-22 07:45:00,0.0,-0.0011342019,lstm
2020-12-22 07:45:00,0.0,-0.0041401833,lstm
2020-12-22 07:45:00,0.0,-0.002728343,lstm
2020-12-22 07:45:00,0.0,5.2541494e-05,lstm
2020-12-22 08:00:00,0.0,-0.0010760278,lstm
2020-12-22 08:00:00,0.0,-0.004247308,lstm
2020-12-22 08:00:00,0.0,-0.0027198792,lstm
2020-12-22 08:00:00,0.0,0.00021708012,lstm
2020-12-22 08:15:00,0.0,-0.0009674877,lstm
2020-12-22 08:15:00,0.0,-0.0043617785,lstm
2020-12-22 08:15:00,0.0,-0.0027115643,lstm
2020-12-22 08:15:00,0.0,0.0004337281,lstm
2020-12-22 08:30:00,0.0,-0.00080673397,lstm
2020-12-22 08:30:00,0.0,-0.004484609,lstm
2020-12-22 08:30:00,0.0,-0.0026859194,lstm
2020-12-22 08:30:00,0.0,0.00072291493,lstm
2020-12-22 08:45:00,0.0,-0.0005964935,lstm
2020-12-22 08:45:00,0.0,-0.0044882894,lstm
2020-12-22 08:45:00,0.0,-0.0024604946,lstm
2020-12-22 08:45:00,0.0,0.0013912618,lstm
2020-12-22 09:00:00,0.0,-0.0003336668,lstm
2020-12-22 09:00:00,0.0,-0.0045772195,lstm
2020-12-22 09:00:00,0.0,-0.0020465553,lstm
2020-12-22 09:00:00,0.0062000006,0.0027546436,lstm
2020-12-22 09:15:00,0.0,0.00013141334,lstm
2020-12-22 09:15:00,0.0,-0.004484698,lstm
2020-12-22 09:15:00,0.0062000006,-0.00060658157,lstm
2020-12-22 09:15:00,0.027400002,0.0070040375,lstm
2020-12-22 09:30:00,0.0,0.000554204,lstm
2020-12-22 09:30:00,0.0062000006,-0.0020360202,lstm
2020-12-22 09:30:00,0.027400017,0.0072492957,lstm
2020-12-22 09:30:00,0.0746,0.026021048,lstm
2020-12-22 09:45:00,0.0062000006,0.00058221817,lstm
2020-12-22 09:45:00,0.027400002,0.0071562678,lstm
2020-12-22 09:45:00,0.0746,0.028590858,lstm
2020-12-22 09:45:00,0.1188,0.06844785,lstm
2020-12-22 10:00:00,0.027400002,0.006161213,lstm
2020-12-22 10:00:00,0.0746,0.026951239,lstm
2020-12-22 10:00:00,0.1188,0.07009232,lstm
2020-12-22 10:00:00,0.202,0.13445333,lstm
2020-12-22 10:15:00,0.0746,0.05857101,lstm
2020-12-22 10:15:00,0.11879999,0.10674228,lstm
2020-12-22 10:15:00,0.202,0.18718919,lstm
2020-12-22 10:15:00,0.3422,0.27056932,lstm
2020-12-22 10:30:00,0.1188,0.15084614,lstm
2020-12-22 10:30:00,0.202,0.23258542,lstm
2020-12-22 10:30:00,0.3422,0.3367086,lstm
2020-12-22 10:30:00,0.4368,0.4178572,lstm
2020-12-22 10:45:00,0.202,0.21861424,lstm
2020-12-22 10:45:00,0.3422,0.31428248,lstm
2020-12-22 10:45:00,0.4368,0.405883,lstm
2020-12-22 10:45:00,0.49840003,0.47474974,lstm
2020-12-22 11:00:00,0.34220004,0.3346362,lstm
2020-12-22 11:00:00,0.4368,0.41953632,lstm
2020-12-22 11:00:00,0.49840003,0.48369026,lstm
2020-12-22 11:00:00,0.55579996,0.55026674,lstm
2020-12-22 11:15:00,0.4368,0.43771797,lstm
2020-12-22 11:15:00,0.4984,0.5033809,lstm
2020-12-22 11:15:00,0.5558,0.55556023,lstm
2020-12-22 11:15:00,0.607,0.6177384,lstm
2020-12-22 11:30:00,0.4984,0.5121213,lstm
2020-12-22 11:30:00,0.5558,0.56084526,lstm
2020-12-22 11:30:00,0.607,0.6085176,lstm
2020-12-22 11:30:00,0.6446,0.6519605,lstm
2020-12-22 11:45:00,0.55579996,0.57397926,lstm
2020-12-22 11:45:00,0.607,0.608699,lstm
2020-12-22 11:45:00,0.6446,0.64764917,lstm
2020-12-22 11:45:00,0.6718,0.67227435,lstm
2020-12-22 12:00:00,0.607,0.6233343,lstm
2020-12-22 12:00:00,0.6446,0.6466917,lstm
2020-12-22 12:00:00,0.6718,0.6753901,lstm
2020-12-22 12:00:00,0.6494,0.69264185,lstm
2020-12-22 12:15:00,0.6445999,0.66189754,lstm
2020-12-22 12:15:00,0.6718,0.67880005,lstm
2020-12-22 12:15:00,0.6494,0.6986717,lstm
2020-12-22 12:15:00,0.3668,0.7151392,lstm
2020-12-22 12:30:00,0.6718,0.68510747,lstm
2020-12-22 12:30:00,0.6494,0.69828045,lstm
2020-12-22 12:30:00,0.3668,0.7097324,lstm
2020-12-22 12:30:00,0.3402,0.7255626,lstm
2020-12-22 12:45:00,0.6494,0.69814503,lstm
2020-12-22 12:45:00,0.3668,0.7067058,lstm
2020-12-22 12:45:00,0.3402,0.7108688,lstm
2020-12-22 12:45:00,0.3702,0.7247829,lstm
2020-12-22 13:00:00,0.3668,0.6196873,lstm
2020-12-22 13:00:00,0.3402,0.6129184,lstm
2020-12-22 13:00:00,0.3702,0.6036676,lstm
2020-12-22 13:00:00,0.5158,0.60424876,lstm
2020-12-22 13:15:00,0.3402,0.37959534,lstm
2020-12-22 13:15:00,0.3702,0.39204097,lstm
2020-12-22 13:15:00,0.5158,0.3856166,lstm
2020-12-22 13:15:00,0.48239994,0.38175333,lstm
2020-12-22 13:30:00,0.3702,0.33492154,lstm
2020-12-22 13:30:00,0.5158,0.3315655,lstm
2020-12-22 13:30:00,0.4824,0.32950532,lstm
2020-12-22 13:30:00,0.4476,0.3387165,lstm
2020-12-22 13:45:00,0.5158,0.40719706,lstm
2020-12-22 13:45:00,0.4824,0.40819228,lstm
2020-12-22 13:45:00,0.4476,0.40360916,lstm
2020-12-22 13:45:00,0.46280003,0.41783002,lstm
2020-12-22 14:00:00,0.4824,0.59777755,lstm
2020-12-22 14:00:00,0.4476,0.59584826,lstm
2020-12-22 14:00:00,0.46280003,0.57641083,lstm
2020-12-22 14:00:00,0.5092,0.58108646,lstm
2020-12-22 14:15:00,0.4476,0.5075214,lstm
2020-12-22 14:15:00,0.4628,0.51502717,lstm
2020-12-22 14:15:00,0.5092,0.4942599,lstm
2020-12-22 14:15:00,0.5712,0.49442136,lstm
2020-12-22 14:30:00,0.4628,0.46541703,lstm
2020-12-22 14:30:00,0.5092,0.46581706,lstm
2020-12-22 14:30:00,0.5712,0.4425074,lstm
2020-12-22 14:30:00,0.6856,0.4430532,lstm
2020-12-22 14:45:00,0.5092,0.47176236,lstm
2020-12-22 14:45:00,0.5712,0.46674722,lstm
2020-12-22 14:45:00,0.6856,0.44344455,lstm
2020-12-22 14:45:00,0.6736,0.44401902,lstm
2020-12-22 15:00:00,0.5712,0.5279329,lstm
2020-12-22 15:00:00,0.6856,0.52088845,lstm
2020-12-22 15:00:00,0.6736,0.49186873,lstm
2020-12-22 15:00:00,0.653,0.48290253,lstm
2020-12-22 15:15:00,0.6856,0.58988696,lstm
2020-12-22 15:15:00,0.6736,0.582834,lstm
2020-12-22 15:15:00,0.653,0.54269683,lstm
2020-12-22 15:15:00,0.618,0.5210422,lstm
2020-12-22 15:30:00,0.6736,0.66410553,lstm
2020-12-22 15:30:00,0.653,0.6450356,lstm
2020-12-22 15:30:00,0.618,0.5960268,lstm
2020-12-22 15:30:00,0.5768,0.5679839,lstm
2020-12-22 15:45:00,0.653,0.616772,lstm
2020-12-22 15:45:00,0.618,0.58653367,lstm
2020-12-22 15:45:00,0.5768,0.5280667,lstm
2020-12-22 15:45:00,0.5176,0.47828484,lstm
2020-12-22 16:00:00,0.61800003,0.56175053,lstm
2020-12-22 16:00:00,0.5768,0.51477927,lstm
2020-12-22 16:00:00,0.51759994,0.44843918,lstm
2020-12-22 16:00:00,0.399,0.3873948,lstm
2020-12-22 16:15:00,0.5768,0.5119926,lstm
2020-12-22 16:15:00,0.5176,0.4512656,lstm
2020-12-22 16:15:00,0.399,0.38129592,lstm
2020-12-22 16:15:00,0.2632,0.3106955,lstm
2020-12-22 16:30:00,0.5176,0.46905154,lstm
2020-12-22 16:30:00,0.399,0.39013708,lstm
2020-12-22 16:30:00,0.2632,0.31936282,lstm
2020-12-22 16:30:00,0.1358,0.24343845,lstm
2020-12-22 16:45:00,0.399,0.41982746,lstm
2020-12-22 16:45:00,0.2632,0.32233834,lstm
2020-12-22 16:45:00,0.1358,0.24623038,lstm
2020-12-22 16:45:00,0.0934,0.1675058,lstm
2020-12-22 17:00:00,0.2632,0.33177018,lstm
2020-12-22 17:00:00,0.1358,0.23106909,lstm
2020-12-22 17:00:00,0.0934,0.15690883,lstm
2020-12-22 17:00:00,0.0768,0.091428146,lstm
2020-12-22 17:15:00,0.1358,0.21616206,lstm
2020-12-22 17:15:00,0.093399994,0.13638997,lstm
2020-12-22 17:15:00,0.0768,0.084964745,lstm
2020-12-22 17:15:00,0.023399994,0.03936781,lstm
2020-12-22 17:30:00,0.0934,0.11175498,lstm
2020-12-22 17:30:00,0.07680001,0.065097064,lstm
2020-12-22 17:30:00,0.023399994,0.038747475,lstm
2020-12-22 17:30:00,0.0021999925,0.010513544,lstm
2020-12-22 17:45:00,0.07680001,0.058767036,lstm
2020-12-22 17:45:00,0.023399994,0.029234812,lstm
2020-12-22 17:45:00,0.0021999925,0.015460372,lstm
2020-12-22 17:45:00,0.0,0.002449274,lstm
2020-12-22 18:00:00,0.023399994,0.030171856,lstm
2020-12-22 18:00:00,0.0022000074,0.010393336,lstm
2020-12-22 18:00:00,0.0,0.0028892756,lstm
2020-12-22 18:00:00,0.0,2.0340085e-05,lstm
2020-12-22 18:15:00,0.0022000074,0.014381483,lstm
2020-12-22 18:15:00,0.0,0.0017997473,lstm
2020-12-22 18:15:00,0.0,-0.0019361675,lstm
2020-12-22 18:15:00,0.0,-0.0010997355,lstm
2020-12-22 18:30:00,0.0,0.007124841,lstm
2020-12-22 18:30:00,0.0,-0.00052034855,lstm
2020-12-22 18:30:00,0.0,-0.0020981282,lstm
2020-12-22 18:30:00,0.0,-0.00026345253,lstm
2020-12-22 18:45:00,0.0,0.0035858154,lstm
2020-12-22 18:45:00,0.0,-0.0015717596,lstm
2020-12-22 18:45:00,0.0,-0.0016046464,lstm
2020-12-22 18:45:00,0.0,0.0003979653,lstm
2020-12-22 19:00:00,0.0,0.0014059991,lstm
2020-12-22 19:00:00,0.0,-0.0023820251,lstm
2020-12-22 19:00:00,0.0,-0.0015249997,lstm
2020-12-22 19:00:00,0.0,0.0004427582,lstm
2020-12-22 19:15:00,0.0,0.0002617091,lstm
2020-12-22 19:15:00,0.0,-0.0028072,lstm
2020-12-22 19:15:00,0.0,-0.0015076101,lstm
2020-12-22 19:15:00,0.0,0.00045372546,lstm
2020-12-22 19:30:00,0.0,-0.00037887692,lstm
2020-12-22 19:30:00,0.0,-0.003036797,lstm
2020-12-22 19:30:00,0.0,-0.0014804751,lstm
2020-12-22 19:30:00,0.0,0.00049610436,lstm
2020-12-22 19:45:00,0.0,-0.00071406364,lstm
2020-12-22 19:45:00,0.0,-0.0032577217,lstm
2020-12-22 19:45:00,0.0,-0.0015985668,lstm
2020-12-22 19:45:00,0.0,0.00045783818,lstm
2020-12-22 20:00:00,0.0,-0.00096312165,lstm
2020-12-22 20:00:00,0.0,-0.0033715218,lstm
2020-12-22 20:00:00,0.0,-0.0016296506,lstm
2020-12-22 20:00:00,0.0,0.00049737096,lstm
2020-12-22 20:15:00,0.0,-0.0011134446,lstm
2020-12-22 20:15:00,0.0,-0.0034271479,lstm
2020-12-22 20:15:00,0.0,-0.0016231537,lstm
2020-12-22 20:15:00,0.0,0.0005273521,lstm
2020-12-22 20:30:00,0.0,-0.0011950284,lstm
2020-12-22 20:30:00,0.0,-0.0034469515,lstm
2020-12-22 20:30:00,0.0,-0.0016080737,lstm
2020-12-22 20:30:00,0.0,0.00055107474,lstm
2020-12-22 20:45:00,0.0,-0.0013293773,lstm
2020-12-22 20:45:00,0.0,-0.0035813153,lstm
2020-12-22 20:45:00,0.0,-0.0017536432,lstm
2020-12-22 20:45:00,0.0,0.0005031675,lstm
2020-12-22 21:00:00,0.0,-0.0014136285,lstm
2020-12-22 21:00:00,0.0,-0.0036128014,lstm
2020-12-22 21:00:00,0.0,-0.001762569,lstm
2020-12-22 21:00:00,0.0,0.0005450547,lstm
2020-12-22 21:15:00,0.0,-0.001443848,lstm
2020-12-22 21:15:00,0.0,-0.0035963207,lstm
2020-12-22 21:15:00,0.0,-0.0017410815,lstm
2020-12-22 21:15:00,0.0,0.00058303773,lstm
2020-12-22 21:30:00,0.0,-0.0014514923,lstm
2020-12-22 21:30:00,0.0,-0.0035725832,lstm
2020-12-22 21:30:00,0.0,-0.0017191917,lstm
2020-12-22 21:30:00,0.0,0.0006150007,lstm
2020-12-22 21:45:00,0.0,-0.0015809834,lstm
2020-12-22 21:45:00,0.0,-0.003665924,lstm
2020-12-22 21:45:00,0.0,-0.0018521547,lstm
2020-12-22 21:45:00,0.0,0.0005886555,lstm
2020-12-22 22:00:00,0.0,-0.0016099215,lstm
2020-12-22 22:00:00,0.0,-0.0036321878,lstm
2020-12-22 22:00:00,0.0,-0.00181669,lstm
2020-12-22 22:00:00,0.0,0.00065498054,lstm
2020-12-22 22:15:00,0.0,-0.0016076863,lstm
2020-12-22 22:15:00,0.0,-0.003594637,lstm
2020-12-22 22:15:00,0.0,-0.0017812252,lstm
2020-12-22 22:15:00,0.0,0.00069247186,lstm
2020-12-22 22:30:00,0.0,-0.0015918463,lstm
2020-12-22 22:30:00,0.0,-0.0035607666,lstm
2020-12-22 22:30:00,0.0,-0.0017555058,lstm
2020-12-22 22:30:00,0.0,0.0007176548,lstm
2020-12-22 22:45:00,0.0,-0.0017162263,lstm
2020-12-22 22:45:00,0.0,-0.0036424696,lstm
2020-12-22 22:45:00,0.0,-0.0018934458,lstm
2020-12-22 22:45:00,0.0,0.00067582726,lstm
2020-12-22 23:00:00,0.0,-0.0016973019,lstm
2020-12-22 23:00:00,0.0,-0.0035809875,lstm
2020-12-22 23:00:00,0.0,-0.0018502176,lstm
2020-12-22 23:00:00,0.0,0.0007279813,lstm
2020-12-22 23:15:00,0.0,-0.0016804636,lstm
2020-12-22 23:15:00,0.0,-0.0035391748,lstm
2020-12-22 23:15:00,0.0,-0.0018090904,lstm
2020-12-22 23:15:00,0.0,0.00076277554,lstm
2020-12-22 23:30:00,0.0,-0.001670152,lstm
2020-12-22 23:30:00,0.0,-0.0035109818,lstm
2020-12-22 23:30:00,0.0,-0.0017791241,lstm
2020-12-22 23:30:00,0.0,0.0007865578,lstm
2020-12-22 23:45:00,0.0,-0.0017819554,lstm
2020-12-22 23:45:00,0.0,-0.003571719,lstm
2020-12-22 23:45:00,0.0,-0.0019120425,lstm
2020-12-22 23:45:00,0.0,0.00072933733,lstm
2020-12-23 00:00:00,0.0,-0.0017472208,lstm
2020-12-23 00:00:00,0.0,-0.0035107434,lstm
2020-12-23 00:00:00,0.0,-0.0018692017,lstm
2020-12-23 00:00:00,0.0,0.0007598847,lstm
2020-12-23 00:15:00,0.0,-0.0017185211,lstm
2020-12-23 00:15:00,0.0,-0.0034812987,lstm
2020-12-23 00:15:00,0.0,-0.0018429011,lstm
2020-12-23 00:15:00,0.0,0.0007685572,lstm
2020-12-23 00:30:00,0.0,-0.0016927868,lstm
2020-12-23 00:30:00,0.0,-0.003453657,lstm
2020-12-23 00:30:00,0.0,-0.0018210858,lstm
2020-12-23 00:30:00,0.0,0.00077690184,lstm
2020-12-23 00:45:00,0.0,-0.0017829984,lstm
2020-12-23 00:45:00,0.0,-0.0034963638,lstm
2020-12-23 00:45:00,0.0,-0.0019425005,lstm
2020-12-23 00:45:00,0.0,0.00071151555,lstm
2020-12-23 01:00:00,0.0,-0.001740545,lstm
2020-12-23 01:00:00,0.0,-0.0034395158,lstm
2020-12-23 01:00:00,0.0,-0.0018988848,lstm
2020-12-23 01:00:00,0.0,0.00072553754,lstm
2020-12-23 01:15:00,0.0,-0.0017155707,lstm
2020-12-23 01:15:00,0.0,-0.003417775,lstm
2020-12-23 01:15:00,0.0,-0.0018757731,lstm
2020-12-23 01:15:00,0.0,0.0007224083,lstm
2020-12-23 01:30:00,0.0,-0.0016963333,lstm
2020-12-23 01:30:00,0.0,-0.003403917,lstm
2020-12-23 01:30:00,0.0,-0.0018660575,lstm
2020-12-23 01:30:00,0.0,0.0007148683,lstm
2020-12-23 01:45:00,0.0,-0.0017693192,lstm
2020-12-23 01:45:00,0.0,-0.0034385622,lstm
2020-12-23 01:45:00,0.0,-0.0019787252,lstm
2020-12-23 01:45:00,0.0,0.0006365031,lstm
2020-12-23 02:00:00,0.0,-0.0017196387,lstm
2020-12-23 02:00:00,0.0,-0.0033894032,lstm
2020-12-23 02:00:00,0.0,-0.0019415468,lstm
2020-12-23 02:00:00,0.0,0.00062839687,lstm
2020-12-23 02:15:00,0.0,-0.0016888976,lstm
2020-12-23 02:15:00,0.0,-0.0033790618,lstm
2020-12-23 02:15:00,0.0,-0.0019310266,lstm
2020-12-23 02:15:00,0.0,0.00060634315,lstm
2020-12-23 02:30:00,0.0,-0.0016687214,lstm
2020-12-23 02:30:00,0.0,-0.0033803731,lstm
2020-12-23 02:30:00,0.0,-0.0019337684,lstm
2020-12-23 02:30:00,0.0,0.0005824566,lstm
2020-12-23 02:45:00,0.0,-0.0017091483,lstm
2020-12-23 02:45:00,0.0,-0.003394261,lstm
2020-12-23 02:45:00,0.0,-0.00202249,lstm
2020-12-23 02:45:00,0.0,0.00050768256,lstm
2020-12-23 03:00:00,0.0,-0.0016539097,lstm
2020-12-23 03:00:00,0.0,-0.0033599436,lstm
2020-12-23 03:00:00,0.0,-0.0019952357,lstm
2020-12-23 03:00:00,0.0,0.00048200786,lstm
2020-12-23 03:15:00,0.0,-0.0016181022,lstm
2020-12-23 03:15:00,0.0,-0.003360331,lstm
2020-12-23 03:15:00,0.0,-0.001998365,lstm
2020-12-23 03:15:00,0.0,0.00044456124,lstm
2020-12-23 03:30:00,0.0,-0.0015859157,lstm
2020-12-23 03:30:00,0.0,-0.0033638924,lstm
2020-12-23 03:30:00,0.0,-0.0020115972,lstm
2020-12-23 03:30:00,0.0,0.00040844083,lstm
2020-12-23 03:45:00,0.0,-0.0016064942,lstm
2020-12-23 03:45:00,0.0,-0.0033699274,lstm
2020-12-23 03:45:00,0.0,-0.0020770729,lstm
2020-12-23 03:45:00,0.0,0.00034578145,lstm
2020-12-23 04:00:00,0.0,-0.0015560836,lstm
2020-12-23 04:00:00,0.0,-0.0033615232,lstm
2020-12-23 04:00:00,0.0,-0.0020766258,lstm
2020-12-23 04:00:00,0.0,0.0002938807,lstm
2020-12-23 04:15:00,0.0,-0.0015203953,lstm
2020-12-23 04:15:00,0.0,-0.0033837855,lstm
2020-12-23 04:15:00,0.0,-0.0021053702,lstm
2020-12-23 04:15:00,0.0,0.00023697317,lstm
2020-12-23 04:30:00,0.0,-0.0014985353,lstm
2020-12-23 04:30:00,0.0,-0.0034075528,lstm
2020-12-23 04:30:00,0.0,-0.0021359622,lstm
2020-12-23 04:30:00,0.0,0.00019575655,lstm
2020-12-23 04:45:00,0.0,-0.0015211999,lstm
2020-12-23 04:45:00,0.0,-0.0034240335,lstm
2020-12-23 04:45:00,0.0,-0.0021968186,lstm
2020-12-23 04:45:00,0.0,0.0001398772,lstm
2020-12-23 05:00:00,0.0,-0.0014980733,lstm
2020-12-23 05:00:00,0.0,-0.00345847,lstm
2020-12-23 05:00:00,0.0,-0.0022328645,lstm
2020-12-23 05:00:00,0.0,7.659197e-05,lstm
2020-12-23 05:15:00,0.0,-0.0014716834,lstm
2020-12-23 05:15:00,0.0,-0.0035068095,lstm
2020-12-23 05:15:00,0.0,-0.0022855997,lstm
2020-12-23 05:15:00,0.0,2.001226e-05,lstm
2020-12-23 05:30:00,0.0,-0.001444146,lstm
2020-12-23 05:30:00,0.0,-0.0035511702,lstm
2020-12-23 05:30:00,0.0,-0.0023343414,lstm
2020-12-23 05:30:00,0.0,-2.4110079e-05,lstm
2020-12-23 05:45:00,0.0,-0.0014646798,lstm
2020-12-23 05:45:00,0.0,-0.0035771132,lstm
2020-12-23 05:45:00,0.0,-0.0023833215,lstm
2020-12-23 05:45:00,0.0,-4.6119094e-05,lstm
2020-12-23 06:00:00,0.0,-0.0014469177,lstm
2020-12-23 06:00:00,0.0,-0.0036471933,lstm
2020-12-23 06:00:00,0.0,-0.0024441779,lstm
2020-12-23 06:00:00,0.0,-0.00010110438,lstm
2020-12-23 06:15:00,0.0,-0.0014001131,lstm
2020-12-23 06:15:00,0.0,-0.0037201047,lstm
2020-12-23 06:15:00,0.0,-0.0025125444,lstm
2020-12-23 06:15:00,0.0,-0.00014595687,lstm
2020-12-23 06:30:00,0.0,-0.0013516843,lstm
2020-12-23 06:30:00,0.0,-0.0037803948,lstm
2020-12-23 06:30:00,0.0,-0.0025648028,lstm
2020-12-23 06:30:00,0.0,-0.00016652048,lstm
2020-12-23 06:45:00,0.0,-0.0013393313,lstm
2020-12-23 06:45:00,0.0,-0.0038039386,lstm
2020-12-23 06:45:00,0.0,-0.0025854707,lstm
2020-12-23 06:45:00,0.0,-0.00012733042,lstm
2020-12-23 07:00:00,0.0,-0.0013228506,lstm
2020-12-23 07:00:00,0.0,-0.0039034784,lstm
2020-12-23 07:00:00,0.0,-0.0026426315,lstm
2020-12-23 07:00:00,0.0,-0.00011867285,lstm
2020-12-23 07:15:00,0.0,-0.0012694299,lstm
2020-12-23 07:15:00,0.0,-0.0040003955,lstm
2020-12-23 07:15:00,0.0,-0.0027051568,lstm
2020-12-23 07:15:00,0.0,-9.636581e-05,lstm
2020-12-23 07:30:00,0.0,-0.0012006164,lstm
2020-12-23 07:30:00,0.0,-0.0040849,lstm
2020-12-23 07:30:00,0.0,-0.0027571023,lstm
2020-12-23 07:30:00,0.0,-6.6027045e-05,lstm
2020-12-23 07:45:00,0.0,-0.0011442751,lstm
2020-12-23 07:45:00,0.0,-0.004102543,lstm
2020-12-23 07:45:00,0.0,-0.0027186573,lstm
2020-12-23 07:45:00,0.0,0.000102341175,lstm
2020-12-23 08:00:00,0.0,-0.0010908246,lstm
2020-12-23 08:00:00,0.0,-0.0042104125,lstm
2020-12-23 08:00:00,0.0,-0.0027225316,lstm
2020-12-23 08:00:00,0.0,0.00025892258,lstm
2020-12-23 08:15:00,0.0,-0.0009715855,lstm
2020-12-23 08:15:00,0.0,-0.00432612,lstm
2020-12-23 08:15:00,0.0,-0.002715215,lstm
2020-12-23 08:15:00,0.0,0.00047039986,lstm
2020-12-23 08:30:00,0.0,-0.00079606473,lstm
2020-12-23 08:30:00,0.0,-0.0044467747,lstm
2020-12-23 08:30:00,0.0,-0.0026907027,lstm
2020-12-23 08:30:00,0.0,0.00075629354,lstm
2020-12-23 08:45:00,0.0,-0.0005707741,lstm
2020-12-23 08:45:00,0.0,-0.004447028,lstm
2020-12-23 08:45:00,0.0,-0.0024683177,lstm
2020-12-23 08:45:00,0.0,0.0014250875,lstm
2020-12-23 09:00:00,0.0,-0.00030212104,lstm
2020-12-23 09:00:00,0.0,-0.004538998,lstm
2020-12-23 09:00:00,0.0,-0.0020567179,lstm
2020-12-23 09:00:00,0.0056000054,0.0028092265,lstm
2020-12-23 09:15:00,0.0,0.00016222894,lstm
2020-12-23 09:15:00,0.0,-0.004434213,lstm
2020-12-23 09:15:00,0.0056000203,-0.0005840957,lstm
2020-12-23 09:15:00,0.027400002,0.0071665943,lstm
2020-12-23 09:30:00,0.0,0.00057290494,lstm
2020-12-23 09:30:00,0.0056000054,-0.0019457787,lstm
2020-12-23 09:30:00,0.027400017,0.007216409,lstm
2020-12-23 09:30:00,0.0768,0.026010692,lstm
2020-12-23 09:45:00,0.0056000054,0.0006353855,lstm
2020-12-23 09:45:00,0.027400002,0.006758243,lstm
2020-12-23 09:45:00,0.0768,0.027359352,lstm
2020-12-23 09:45:00,0.1256,0.06615518,lstm
2020-12-23 10:00:00,0.027400002,0.0052957386,lstm
2020-12-23 10:00:00,0.07680001,0.024790376,lstm
2020-12-23 10:00:00,0.1256,0.06558479,lstm
2020-12-23 10:00:00,0.213,0.12782834,lstm
2020-12-23 10:15:00,0.07680001,0.05816123,lstm
2020-12-23 10:15:00,0.1256,0.10551237,lstm
2020-12-23 10:15:00,0.213,0.18437362,lstm
2020-12-23 10:15:00,0.3598,0.26801014,lstm
2020-12-23 10:30:00,0.1256,0.15319815,lstm
2020-12-23 10:30:00,0.213,0.23553865,lstm
2020-12-23 10:30:00,0.3598,0.34033167,lstm
2020-12-23 10:30:00,0.47140002,0.42444956,lstm
2020-12-23 10:45:00,0.213,0.22691801,lstm
2020-12-23 10:45:00,0.3598,0.32442257,lstm
2020-12-23 10:45:00,0.47140002,0.41875958,lstm
2020-12-23 10:45:00,0.5464,0.49159008,lstm
2020-12-23 11:00:00,0.3598,0.34030998,lstm
2020-12-23 11:00:00,0.4714,0.42769906,lstm
2020-12-23 11:00:00,0.5464,0.49476612,lstm
2020-12-23 11:00:00,0.5996,0.5651579,lstm
2020-12-23 11:15:00,0.4714,0.4489337,lstm
2020-12-23 11:15:00,0.5464,0.5160053,lstm
2020-12-23 11:15:00,0.5996,0.5709037,lstm
2020-12-23 11:15:00,0.6292,0.63389623,lstm
2020-12-23 11:30:00,0.5464,0.5366962,lstm
2020-12-23 11:30:00,0.5996,0.58400476,lstm
2020-12-23 11:30:00,0.6292,0.6340291,lstm
2020-12-23 11:30:00,0.6728,0.6750893,lstm
2020-12-23 11:45:00,0.5996,0.60512745,lstm
2020-12-23 11:45:00,0.6292,0.6366165,lstm
2020-12-23 11:45:00,0.6728,0.67621565,lstm
2020-12-23 11:45:00,0.7052,0.6982518,lstm
2020-12-23 12:00:00,0.6292,0.6477841,lstm
2020-12-23 12:00:00,0.6728,0.6697541,lstm
2020-12-23 12:00:00,0.7052,0.69590896,lstm
2020-12-23 12:00:00,0.7312,0.7112329,lstm
2020-12-23 12:15:00,0.6728,0.6646552,lstm
2020-12-23 12:15:00,0.70519996,0.6802932,lstm
2020-12-23 12:15:00,0.7312,0.6918657,lstm
2020-12-23 12:15:00,0.7508,0.7038482,lstm
2020-12-23 12:30:00,0.7052,0.6997333,lstm
2020-12-23 12:30:00,0.7312,0.7087805,lstm
2020-12-23 12:30:00,0.7508,0.7167753,lstm
2020-12-23 12:30:00,0.7684001,0.73095155,lstm
2020-12-23 12:45:00,0.7312,0.71563995,lstm
2020-12-23 12:45:00,0.7508,0.72350216,lstm
2020-12-23 12:45:00,0.7684,0.72639495,lstm
2020-12-23 12:45:00,0.7822,0.7399275,lstm
2020-12-23 13:00:00,0.7508,0.7305115,lstm
2020-12-23 13:00:00,0.76839995,0.7360209,lstm
2020-12-23 13:00:00,0.7822,0.73651963,lstm
2020-12-23 13:00:00,0.7888,0.74921936,lstm
2020-12-23 13:15:00,0.7684,0.74214596,lstm
2020-12-23 13:15:00,0.7822,0.74557483,lstm
2020-12-23 13:15:00,0.7888,0.7449981,lstm
2020-12-23 13:15:00,0.793,0.7567317,lstm
2020-12-23 13:30:00,0.78220004,0.75995743,lstm
2020-12-23 13:30:00,0.7888,0.760993,lstm
2020-12-23 13:30:00,0.793,0.7609984,lstm
2020-12-23 13:30:00,0.7916,0.7721422,lstm
2020-12-23 13:45:00,0.7888,0.7807522,lstm
2020-12-23 13:45:00,0.7930001,0.77890456,lstm
2020-12-23 13:45:00,0.7916,0.77879196,lstm
2020-12-23 13:45:00,0.7854,0.787709,lstm
2020-12-23 14:00:00,0.793,0.7949312,lstm
2020-12-23 14:00:00,0.7916,0.7899543,lstm
2020-12-23 14:00:00,0.7854,0.7888705,lstm
2020-12-23 14:00:00,0.7786,0.7941909,lstm
2020-12-23 14:15:00,0.7916,0.80136657,lstm
2020-12-23 14:15:00,0.7853999,0.7942053,lstm
2020-12-23 14:15:00,0.7786,0.79213256,lstm
2020-12-23 14:15:00,0.76720005,0.7947809,lstm
2020-12-23 14:30:00,0.7854,0.7999585,lstm
2020-12-23 14:30:00,0.7786,0.79114866,lstm
2020-12-23 14:30:00,0.7672,0.7868932,lstm
2020-12-23 14:30:00,0.74480003,0.7865373,lstm
2020-12-23 14:45:00,0.77860004,0.79693484,lstm
2020-12-23 14:45:00,0.7672,0.7842685,lstm
2020-12-23 14:45:00,0.7448,0.7753416,lstm
2020-12-23 14:45:00,0.7216,0.7702756,lstm
2020-12-23 15:00:00,0.7672,0.7935433,lstm
2020-12-23 15:00:00,0.7448,0.7771236,lstm
2020-12-23 15:00:00,0.7216,0.7637365,lstm
2020-12-23 15:00:00,0.6954,0.75427216,lstm
2020-12-23 15:15:00,0.7448,0.7802063,lstm
2020-12-23 15:15:00,0.72159994,0.7609508,lstm
2020-12-23 15:15:00,0.6954,0.74308807,lstm
2020-12-23 15:15:00,0.6686,0.72887963,lstm
2020-12-23 15:30:00,0.7216,0.7507701,lstm
2020-12-23 15:30:00,0.6954,0.7285422,lstm
2020-12-23 15:30:00,0.6686,0.7045089,lstm
2020-12-23 15:30:00,0.6304,0.6857019,lstm
2020-12-23 15:45:00,0.6954,0.71872723,lstm
2020-12-23 15:45:00,0.6686,0.6887412,lstm
2020-12-23 15:45:00,0.6304,0.6569099,lstm
2020-12-23 15:45:00,0.585,0.63343793,lstm
2020-12-23 16:00:00,0.6686,0.66910434,lstm
2020-12-23 16:00:00,0.6304,0.6307791,lstm
2020-12-23 16:00:00,0.585,0.5806724,lstm
2020-12-23 16:00:00,0.5298,0.54798883,lstm
2020-12-23 16:15:00,0.6304,0.63064563,lstm
2020-12-23 16:15:00,0.585,0.57482207,lstm
2020-12-23 16:15:00,0.5298,0.5116458,lstm
2020-12-23 16:15:00,0.45860004,0.46098417,lstm
2020-12-23 16:30:00,0.585,0.5586337,lstm
2020-12-23 16:30:00,0.5298,0.47244576,lstm
2020-12-23 16:30:00,0.45860004,0.4018905,lstm
2020-12-23 16:30:00,0.3422,0.33375853,lstm
2020-12-23 16:45:00,0.5298,0.49253622,lstm
2020-12-23 16:45:00,0.4586,0.3912914,lstm
2020-12-23 16:45:00,0.3422,0.31433618,lstm
2020-12-23 16:45:00,0.2014,0.23544587,lstm
2020-12-23 17:00:00,0.4586,0.4225757,lstm
2020-12-23 17:00:00,0.3422,0.31730396,lstm
2020-12-23 17:00:00,0.2014,0.23214513,lstm
2020-12-23 17:00:00,0.12239999,0.15145881,lstm
2020-12-23 17:15:00,0.34220004,0.34689403,lstm
2020-12-23 17:15:00,0.2014,0.2448802,lstm
2020-12-23 17:15:00,0.1224,0.15727757,lstm
2020-12-23 17:15:00,0.069,0.088488854,lstm
2020-12-23 17:30:00,0.2014,0.23654923,lstm
2020-12-23 17:30:00,0.1224,0.14637086,lstm
2020-12-23 17:30:00,0.069,0.07624258,lstm
2020-12-23 17:30:00,0.0238,0.03438534,lstm
2020-12-23 17:45:00,0.1224,0.12089176,lstm
2020-12-23 17:45:00,0.069,0.056007877,lstm
2020-12-23 17:45:00,0.0238,0.018539473,lstm
2020-12-23 17:45:00,0.002399996,0.00088217854,lstm
2020-12-23 18:00:00,0.069,0.062273428,lstm
2020-12-23 18:00:00,0.0238,0.017350346,lstm
2020-12-23 18:00:00,0.002399996,-0.0025361776,lstm
2020-12-23 18:00:00,0.0,-0.008193165,lstm
2020-12-23 18:15:00,0.023799986,0.033969417,lstm
2020-12-23 18:15:00,0.002399996,0.0031962395,lstm
2020-12-23 18:15:00,0.0,-0.0073922575,lstm
2020-12-23 18:15:00,0.0,-0.007772878,lstm
2020-12-23 18:30:00,0.002399996,0.018354654,lstm
2020-12-23 18:30:00,0.0,-0.0018313825,lstm
2020-12-23 18:30:00,0.0,-0.007127568,lstm
2020-12-23 18:30:00,0.0,-0.005322993,lstm
2020-12-23 18:45:00,0.0,0.009466097,lstm
2020-12-23 18:45:00,0.0,-0.0028018057,lstm
2020-12-23 18:45:00,0.0,-0.004720032,lstm
2020-12-23 18:45:00,0.0,-0.002506122,lstm
2020-12-23 19:00:00,0.0,0.0041929185,lstm
2020-12-23 19:00:00,0.0,-0.002786234,lstm
2020-12-23 19:00:00,0.0,-0.0030079484,lstm
2020-12-23 19:00:00,0.0,-0.0005687028,lstm
2020-12-23 19:15:00,0.0,0.0016759336,lstm
2020-12-23 19:15:00,0.0,-0.002828151,lstm
2020-12-23 19:15:00,0.0,-0.0020742714,lstm
2020-12-23 19:15:00,0.0,0.00021968782,lstm
2020-12-23 19:30:00,0.0,0.00044238567,lstm
2020-12-23 19:30:00,0.0,-0.002925858,lstm
2020-12-23 19:30:00,0.0,-0.001638934,lstm
2020-12-23 19:30:00,0.0,0.00045998394,lstm
2020-12-23 19:45:00,0.0,-0.00026021898,lstm
2020-12-23 19:45:00,0.0,-0.0031268895,lstm
2020-12-23 19:45:00,0.0,-0.0015829355,lstm
2020-12-23 19:45:00,0.0,0.00050352514,lstm
2020-12-23 20:00:00,0.0,-0.00067204237,lstm
2020-12-23 20:00:00,0.0,-0.0032469481,lstm
2020-12-23 20:00:00,0.0,-0.0015708804,lstm
2020-12-23 20:00:00,0.0,0.0005456805,lstm
2020-12-23 20:15:00,0.0,-0.00090935826,lstm
2020-12-23 20:15:00,0.0,-0.0033051372,lstm
2020-12-23 20:15:00,0.0,-0.0015512258,lstm
2020-12-23 20:15:00,0.0,0.0005866289,lstm
2020-12-23 20:30:00,0.0,-0.0010464936,lstm
2020-12-23 20:30:00,0.0,-0.0033433288,lstm
2020-12-23 20:30:00,0.0,-0.0015416443,lstm
2020-12-23 20:30:00,0.0,0.0006058663,lstm
2020-12-23 20:45:00,0.0,-0.0012225211,lstm
2020-12-23 20:45:00,0.0,-0.0034820437,lstm
2020-12-23 20:45:00,0.0,-0.0016823113,lstm
2020-12-23 20:45:00,0.0,0.0005668402,lstm
2020-12-23 21:00:00,0.0,-0.001313284,lstm
2020-12-23 21:00:00,0.0,-0.0035125613,lstm
2020-12-23 21:00:00,0.0,-0.0016983747,lstm
2020-12-23 21:00:00,0.0,0.00059849024,lstm
2020-12-23 21:15:00,0.0,-0.0013667494,lstm
2020-12-23 21:15:00,0.0,-0.003516093,lstm
2020-12-23 21:15:00,0.0,-0.0016858131,lstm
2020-12-23 21:15:00,0.0,0.00062696636,lstm
2020-12-23 21:30:00,0.0,-0.001398921,lstm
2020-12-23 21:30:00,0.0,-0.0035179108,lstm
2020-12-23 21:30:00,0.0,-0.0016725957,lstm
2020-12-23 21:30:00,0.0,0.000642702,lstm
2020-12-23 21:45:00,0.0,-0.0015366971,lstm
2020-12-23 21:45:00,0.0,-0.0036317557,lstm
2020-12-23 21:45:00,0.0,-0.0018262863,lstm
2020-12-23 21:45:00,0.0,0.00059340894,lstm
2020-12-23 22:00:00,0.0,-0.0015604645,lstm
2020-12-23 22:00:00,0.0,-0.0036094934,lstm
2020-12-23 22:00:00,0.0,-0.0018100739,lstm
2020-12-23 22:00:00,0.0,0.0006428808,lstm
2020-12-23 22:15:00,0.0,-0.001560241,lstm
2020-12-23 22:15:00,0.0,-0.0035777092,lstm
2020-12-23 22:15:00,0.0,-0.0017824322,lstm
2020-12-23 22:15:00,0.0,0.00067679584,lstm
2020-12-23 22:30:00,0.0,-0.0015651882,lstm
2020-12-23 22:30:00,0.0,-0.00355421,lstm
2020-12-23 22:30:00,0.0,-0.0017558336,lstm
2020-12-23 22:30:00,0.0,0.00071024895,lstm
2020-12-23 22:45:00,0.0,-0.0017001778,lstm
2020-12-23 22:45:00,0.0,-0.0036417097,lstm
2020-12-23 22:45:00,0.0,-0.0018964112,lstm
2020-12-23 22:45:00,0.0,0.0006663203,lstm
2020-12-23 23:00:00,0.0,-0.0016985983,lstm
2020-12-23 23:00:00,0.0,-0.0035931468,lstm
2020-12-23 23:00:00,0.0,-0.0018547475,lstm
2020-12-23 23:00:00,0.0,0.0007208437,lstm
2020-12-23 23:15:00,0.0,-0.0016883761,lstm
2020-12-23 23:15:00,0.0,-0.0035606623,lstm
2020-12-23 23:15:00,0.0,-0.001822114,lstm
2020-12-23 23:15:00,0.0,0.0007478297,lstm
2020-12-23 23:30:00,0.0,-0.0016843379,lstm
2020-12-23 23:30:00,0.0,-0.0035407245,lstm
2020-12-23 23:30:00,0.0,-0.001800254,lstm
2020-12-23 23:30:00,0.0,0.0007686317,lstm
2020-12-23 23:45:00,0.0,-0.0017962605,lstm
2020-12-23 23:45:00,0.0,-0.0035941899,lstm
2020-12-23 23:45:00,0.0,-0.0019285083,lstm
2020-12-23 23:45:00,0.0,0.00072047114,lstm
2020-12-24 00:00:00,0.0,-0.0017677844,lstm
2020-12-24 00:00:00,0.0,-0.003534034,lstm
2020-12-24 00:00:00,0.0,-0.0018782616,lstm
2020-12-24 00:00:00,0.0,0.0007608682,lstm
2020-12-24 00:15:00,0.0,-0.0017495602,lstm
2020-12-24 00:15:00,0.0,-0.0035100132,lstm
2020-12-24 00:15:00,0.0,-0.0018505454,lstm
2020-12-24 00:15:00,0.0,0.00077164173,lstm
2020-12-24 00:30:00,0.0,-0.0017375499,lstm
2020-12-24 00:30:00,0.0,-0.003491044,lstm
2020-12-24 00:30:00,0.0,-0.0018322617,lstm
2020-12-24 00:30:00,0.0,0.00078205764,lstm
2020-12-24 00:45:00,0.0,-0.0018160045,lstm
2020-12-24 00:45:00,0.0,-0.0035163611,lstm
2020-12-24 00:45:00,0.0,-0.001940757,lstm
2020-12-24 00:45:00,0.0,0.00072829425,lstm
2020-12-24 01:00:00,0.0,-0.0017666668,lstm
2020-12-24 01:00:00,0.0,-0.0034645945,lstm
2020-12-24 01:00:00,0.0,-0.0018994063,lstm
2020-12-24 01:00:00,0.0,0.0007378012,lstm
2020-12-24 01:15:00,0.0,-0.0017293543,lstm
2020-12-24 01:15:00,0.0,-0.003431797,lstm
2020-12-24 01:15:00,0.0,-0.0018741935,lstm
2020-12-24 01:15:00,0.0,0.0007365048,lstm
2020-12-24 01:30:00,0.0,-0.0017076433,lstm
2020-12-24 01:30:00,0.0,-0.0034181476,lstm
2020-12-24 01:30:00,0.0,-0.0018593222,lstm
2020-12-24 01:30:00,0.0,0.0007362366,lstm
2020-12-24 01:45:00,0.0,-0.0017667264,lstm
2020-12-24 01:45:00,0.0,-0.0034409761,lstm
2020-12-24 01:45:00,0.0,-0.0019601136,lstm
2020-12-24 01:45:00,0.0,0.000663504,lstm
2020-12-24 02:00:00,0.0,-0.00172095,lstm
2020-12-24 02:00:00,0.0,-0.003392592,lstm
2020-12-24 02:00:00,0.0,-0.001917854,lstm
2020-12-24 02:00:00,0.0,0.00066410005,lstm
2020-12-24 02:15:00,0.0,-0.001689449,lstm
2020-12-24 02:15:00,0.0,-0.0033792853,lstm
2020-12-24 02:15:00,0.0,-0.001908809,lstm
2020-12-24 02:15:00,0.0,0.000640586,lstm
2020-12-24 02:30:00,0.0,-0.001674816,lstm
2020-12-24 02:30:00,0.0,-0.0033793747,lstm
2020-12-24 02:30:00,0.0,-0.0019081831,lstm
2020-12-24 02:30:00,0.0,0.0006273091,lstm
2020-12-24 02:45:00,0.0,-0.0017038733,lstm
2020-12-24 02:45:00,0.0,-0.0033837855,lstm
2020-12-24 02:45:00,0.0,-0.001990497,lstm
2020-12-24 02:45:00,0.0,0.00055377185,lstm
2020-12-24 03:00:00,0.0,-0.0016483516,lstm
2020-12-24 03:00:00,0.0,-0.003345564,lstm
2020-12-24 03:00:00,0.0,-0.0019588172,lstm
2020-12-24 03:00:00,0.0,0.00053703785,lstm
2020-12-24 03:15:00,0.0,-0.0016092658,lstm
2020-12-24 03:15:00,0.0,-0.0033413917,lstm
2020-12-24 03:15:00,0.0,-0.0019579679,lstm
2020-12-24 03:15:00,0.0,0.0005042255,lstm
2020-12-24 03:30:00,0.0,-0.0015769303,lstm
2020-12-24 03:30:00,0.0,-0.0033433586,lstm
2020-12-24 03:30:00,0.0,-0.001967594,lstm
2020-12-24 03:30:00,0.0,0.00047387183,lstm
2020-12-24 03:45:00,0.0,-0.0015819818,lstm
2020-12-24 03:45:00,0.0,-0.0033423752,lstm
2020-12-24 03:45:00,0.0,-0.0020323247,lstm
2020-12-24 03:45:00,0.0,0.0004041642,lstm
2020-12-24 04:00:00,0.0,-0.0015399307,lstm
2020-12-24 04:00:00,0.0,-0.0033333898,lstm
2020-12-24 04:00:00,0.0,-0.0020218045,lstm
2020-12-24 04:00:00,0.0,0.00037373602,lstm
2020-12-24 04:15:00,0.0,-0.0015014857,lstm
2020-12-24 04:15:00,0.0,-0.003348872,lstm
2020-12-24 04:15:00,0.0,-0.0020457506,lstm
2020-12-24 04:15:00,0.0,0.0003221035,lstm
2020-12-24 04:30:00,0.0,-0.0014788955,lstm
2020-12-24 04:30:00,0.0,-0.0033678263,lstm
2020-12-24 04:30:00,0.0,-0.0020688921,lstm
2020-12-24 04:30:00,0.0,0.0002937615,lstm
2020-12-24 04:45:00,0.0,-0.001487568,lstm
2020-12-24 04:45:00,0.0,-0.0033717304,lstm
2020-12-24 04:45:00,0.0,-0.00212121,lstm
2020-12-24 04:45:00,0.0,0.00024366379,lstm
2020-12-24 05:00:00,0.0,-0.0014564246,lstm
2020-12-24 05:00:00,0.0,-0.0033993274,lstm
2020-12-24 05:00:00,0.0,-0.0021504909,lstm
2020-12-24 05:00:00,0.0,0.00019021332,lstm
2020-12-24 05:15:00,0.0,-0.0014293343,lstm
2020-12-24 05:15:00,0.0,-0.0034427047,lstm
2020-12-24 05:15:00,0.0,-0.002198249,lstm
2020-12-24 05:15:00,0.0,0.00014217198,lstm
2020-12-24 05:30:00,0.0,-0.0014020205,lstm
2020-12-24 05:30:00,0.0,-0.0034799725,lstm
2020-12-24 05:30:00,0.0,-0.0022410005,lstm
2020-12-24 05:30:00,0.0,0.00010718405,lstm
2020-12-24 05:45:00,0.0,-0.0014065206,lstm
2020-12-24 05:45:00,0.0,-0.003500402,lstm
2020-12-24 05:45:00,0.0,-0.0022858977,lstm
2020-12-24 05:45:00,0.0,8.2314014e-05,lstm
2020-12-24 06:00:00,0.0,-0.0013893545,lstm
2020-12-24 06:00:00,0.0,-0.0035642385,lstm
2020-12-24 06:00:00,0.0,-0.0023348033,lstm
2020-12-24 06:00:00,0.0,4.9442053e-05,lstm
2020-12-24 06:15:00,0.0,-0.0013563186,lstm
2020-12-24 06:15:00,0.0,-0.0036334395,lstm
2020-12-24 06:15:00,0.0,-0.002400577,lstm
2020-12-24 06:15:00,0.0,1.7255545e-05,lstm
2020-12-24 06:30:00,0.0,-0.0013295114,lstm
2020-12-24 06:30:00,0.0,-0.0036947727,lstm
2020-12-24 06:30:00,0.0,-0.0024520457,lstm
2020-12-24 06:30:00,0.0,8.702278e-06,lstm
2020-12-24 06:45:00,0.0,-0.0013265461,lstm
2020-12-24 06:45:00,0.0,-0.0037234426,lstm
2020-12-24 06:45:00,0.0,-0.0024772137,lstm
2020-12-24 06:45:00,0.0,4.6133995e-05,lstm
2020-12-24 07:00:00,0.0,-0.0013016313,lstm
2020-12-24 07:00:00,0.0,-0.0038176924,lstm
2020-12-24 07:00:00,0.0,-0.0025257617,lstm
2020-12-24 07:00:00,0.0,6.480515e-05,lstm
2020-12-24 07:15:00,0.0,-0.0012442172,lstm
2020-12-24 07:15:00,0.0,-0.0039072633,lstm
2020-12-24 07:15:00,0.0,-0.0025803298,lstm
2020-12-24 07:15:00,0.0,9.715557e-05,lstm
2020-12-24 07:30:00,0.0,-0.0011741817,lstm
2020-12-24 07:30:00,0.0,-0.0039858967,lstm
2020-12-24 07:30:00,0.0,-0.0026224554,lstm
2020-12-24 07:30:00,0.0,0.0001360029,lstm
2020-12-24 07:45:00,0.0,-0.0011254549,lstm
2020-12-24 07:45:00,0.0,-0.0040030032,lstm
2020-12-24 07:45:00,0.0,-0.0025797188,lstm
2020-12-24 07:45:00,0.0,0.00031144917,lstm
2020-12-24 08:00:00,0.0,-0.0010754615,lstm
2020-12-24 08:00:00,0.0,-0.004102826,lstm
2020-12-24 08:00:00,0.0,-0.0025700629,lstm
2020-12-24 08:00:00,0.0,0.00048175454,lstm
2020-12-24 08:15:00,0.0,-0.0009468645,lstm
2020-12-24 08:15:00,0.0,-0.0042152256,lstm
2020-12-24 08:15:00,0.0,-0.002564907,lstm
2020-12-24 08:15:00,0.0,0.0006776601,lstm
2020-12-24 08:30:00,0.0,-0.0007595718,lstm
2020-12-24 08:30:00,0.0,-0.0043301582,lstm
2020-12-24 08:30:00,0.0,-0.002539724,lstm
2020-12-24 08:30:00,0.0,0.0009494126,lstm
2020-12-24 08:45:00,0.0,-0.0005236268,lstm
2020-12-24 08:45:00,0.0,-0.004336506,lstm
2020-12-24 08:45:00,0.0,-0.002332732,lstm
2020-12-24 08:45:00,0.0,0.0015766323,lstm
2020-12-24 09:00:00,0.0,-0.00024235249,lstm
2020-12-24 09:00:00,0.0,-0.0044187754,lstm
2020-12-24 09:00:00,0.0,-0.0019276291,lstm
2020-12-24 09:00:00,0.0046000034,0.002896309,lstm
2020-12-24 09:15:00,0.0,0.00023545325,lstm
2020-12-24 09:15:00,0.0,-0.004330501,lstm
2020-12-24 09:15:00,0.0046000034,-0.00057692826,lstm
2020-12-24 09:15:00,0.0282,0.006904602,lstm
2020-12-24 09:30:00,0.0,0.00075121224,lstm
2020-12-24 09:30:00,0.0046000034,-0.0020418465,lstm
2020-12-24 09:30:00,0.0282,0.0066342503,lstm
2020-12-24 09:30:00,0.0842,0.024285018,lstm
2020-12-24 09:45:00,0.0046000034,0.0009493977,lstm
2020-12-24 09:45:00,0.0282,0.006446451,lstm
2020-12-24 09:45:00,0.084199995,0.026217744,lstm
2020-12-24 09:45:00,0.132,0.063367814,lstm
2020-12-24 10:00:00,0.0282,0.005225137,lstm
2020-12-24 10:00:00,0.0842,0.024531126,lstm
2020-12-24 10:00:00,0.132,0.06446259,lstm
2020-12-24 10:00:00,0.2188,0.12570263,lstm
2020-12-24 10:15:00,0.084199995,0.064640924,lstm
2020-12-24 10:15:00,0.132,0.1141072,lstm
2020-12-24 10:15:00,0.2188,0.19442216,lstm
2020-12-24 10:15:00,0.3682,0.27843094,lstm
2020-12-24 10:30:00,0.132,0.17149721,lstm
2020-12-24 10:30:00,0.2188,0.25720668,lstm
2020-12-24 10:30:00,0.3682,0.36294264,lstm
2020-12-24 10:30:00,0.47400004,0.44714588,lstm
2020-12-24 10:45:00,0.2188,0.24043965,lstm
2020-12-24 10:45:00,0.3682,0.3386066,lstm
2020-12-24 10:45:00,0.47400004,0.4286306,lstm
2020-12-24 10:45:00,0.5438,0.5014222,lstm
2020-12-24 11:00:00,0.3682,0.35285288,lstm
2020-12-24 11:00:00,0.474,0.43830115,lstm
2020-12-24 11:00:00,0.5438,0.5015357,lstm
2020-12-24 11:00:00,0.599,0.5712824,lstm
2020-12-24 11:15:00,0.474,0.4608649,lstm
2020-12-24 11:15:00,0.5438,0.5253813,lstm
2020-12-24 11:15:00,0.599,0.57968765,lstm
2020-12-24 11:15:00,0.6438,0.6399554,lstm
2020-12-24 11:30:00,0.5438,0.5473386,lstm
2020-12-24 11:30:00,0.599,0.59206885,lstm
2020-12-24 11:30:00,0.6438,0.64089656,lstm
2020-12-24 11:30:00,0.6812,0.67846537,lstm
2020-12-24 11:45:00,0.599,0.6106439,lstm
2020-12-24 11:45:00,0.6438,0.6407691,lstm
2020-12-24 11:45:00,0.6812,0.6787988,lstm
2020-12-24 11:45:00,0.713,0.6996066,lstm
2020-12-24 12:00:00,0.6438,0.65141237,lstm
2020-12-24 12:00:00,0.6812,0.6726933,lstm
2020-12-24 12:00:00,0.713,0.69833666,lstm
2020-12-24 12:00:00,0.7372,0.7142766,lstm
2020-12-24 12:15:00,0.6812,0.679469,lstm
2020-12-24 12:15:00,0.71299994,0.6950581,lstm
2020-12-24 12:15:00,0.7372,0.7099648,lstm
2020-12-24 12:15:00,0.7562,0.7249472,lstm
2020-12-24 12:30:00,0.713,0.7005434,lstm
2020-12-24 12:30:00,0.7372,0.71158814,lstm
2020-12-24 12:30:00,0.7562,0.71883255,lstm
2020-12-24 12:30:00,0.774,0.7333098,lstm
2020-12-24 12:45:00,0.7372,0.71859723,lstm
2020-12-24 12:45:00,0.75619996,0.72581995,lstm
2020-12-24 12:45:00,0.774,0.72819674,lstm
2020-12-24 12:45:00,0.7886,0.74175113,lstm
2020-12-24 13:00:00,0.7562,0.73055726,lstm
2020-12-24 13:00:00,0.7739999,0.73514545,lstm
2020-12-24 13:00:00,0.7886,0.7346393,lstm
2020-12-24 13:00:00,0.798,0.74670404,lstm
2020-12-24 13:15:00,0.774,0.7424774,lstm
2020-12-24 13:15:00,0.78859997,0.7444674,lstm
2020-12-24 13:15:00,0.798,0.7431536,lstm
2020-12-24 13:15:00,0.8048,0.75412595,lstm
2020-12-24 13:30:00,0.7886,0.7613104,lstm
2020-12-24 13:30:00,0.798,0.7612455,lstm
2020-12-24 13:30:00,0.8048,0.76087904,lstm
2020-12-24 13:30:00,0.8066,0.77158815,lstm
2020-12-24 13:45:00,0.798,0.78370243,lstm
2020-12-24 13:45:00,0.8047999,0.7815052,lstm
2020-12-24 13:45:00,0.8066,0.7815049,lstm
2020-12-24 13:45:00,0.806,0.7906404,lstm
2020-12-24 14:00:00,0.8048,0.8013366,lstm
2020-12-24 14:00:00,0.8066,0.79698646,lstm
2020-12-24 14:00:00,0.806,0.7968375,lstm
2020-12-24 14:00:00,0.7992,0.8033699,lstm
2020-12-24 14:15:00,0.8066,0.8113026,lstm
2020-12-24 14:15:00,0.806,0.8055078,lstm
2020-12-24 14:15:00,0.7992,0.8048967,lstm
2020-12-24 14:15:00,0.78459996,0.80920786,lstm
2020-12-24 14:30:00,0.806,0.8125824,lstm
2020-12-24 14:30:00,0.79919994,0.8055537,lstm
2020-12-24 14:30:00,0.7846,0.8034145,lstm
2020-12-24 14:30:00,0.7682,0.8048662,lstm
2020-12-24 14:45:00,0.7992,0.8148858,lstm
2020-12-24 14:45:00,0.7846,0.80404377,lstm
2020-12-24 14:45:00,0.7682,0.7985341,lstm
2020-12-24 14:45:00,0.7446,0.7954611,lstm
2020-12-24 15:00:00,0.7846,0.80991614,lstm
2020-12-24 15:00:00,0.7681999,0.7956221,lstm
2020-12-24 15:00:00,0.7446,0.7857385,lstm
2020-12-24 15:00:00,0.7164,0.77706254,lstm
2020-12-24 15:15:00,0.7682,0.7919453,lstm
2020-12-24 15:15:00,0.74459994,0.77443516,lstm
2020-12-24 15:15:00,0.7164,0.75944144,lstm
2020-12-24 15:15:00,0.684,0.74495137,lstm
2020-12-24 15:30:00,0.7446,0.7689196,lstm
2020-12-24 15:30:00,0.7164,0.74762475,lstm
2020-12-24 15:30:00,0.684,0.7275763,lstm
2020-12-24 15:30:00,0.6438,0.70894474,lstm
2020-12-24 15:45:00,0.7164,0.735788,lstm
2020-12-24 15:45:00,0.684,0.7067987,lstm
2020-12-24 15:45:00,0.6438,0.6796275,lstm
2020-12-24 15:45:00,0.596,0.6539572,lstm
2020-12-24 16:00:00,0.684,0.69764614,lstm
2020-12-24 16:00:00,0.6438,0.6572278,lstm
2020-12-24 16:00:00,0.596,0.62247473,lstm
2020-12-24 16:00:00,0.5434,0.58853596,lstm
2020-12-24 16:15:00,0.6438,0.6519393,lstm
2020-12-24 16:15:00,0.596,0.6025924,lstm
2020-12-24 16:15:00,0.5434,0.5541337,lstm
2020-12-24 16:15:00,0.4734,0.50938773,lstm
2020-12-24 16:30:00,0.596,0.58581376,lstm
2020-12-24 16:30:00,0.5434,0.52005035,lstm
2020-12-24 16:30:00,0.47339994,0.4557777,lstm
2020-12-24 16:30:00,0.3582,0.39498967,lstm
2020-12-24 16:45:00,0.5434,0.50040114,lstm
2020-12-24 16:45:00,0.4734,0.4021893,lstm
2020-12-24 16:45:00,0.3582,0.32244015,lstm
2020-12-24 16:45:00,0.2138,0.24349678,lstm
2020-12-24 17:00:00,0.4734,0.4327403,lstm
2020-12-24 17:00:00,0.3582,0.31950998,lstm
2020-12-24 17:00:00,0.2138,0.22551918,lstm
2020-12-24 17:00:00,0.13,0.14137238,lstm
2020-12-24 17:15:00,0.3582,0.3621164,lstm
2020-12-24 17:15:00,0.2138,0.24607116,lstm
2020-12-24 17:15:00,0.13,0.1494945,lstm
2020-12-24 17:15:00,0.0766,0.07638957,lstm
2020-12-24 17:30:00,0.2138,0.25870958,lstm
2020-12-24 17:30:00,0.13,0.15306917,lstm
2020-12-24 17:30:00,0.0766,0.077195026,lstm
2020-12-24 17:30:00,0.026799992,0.02840133,lstm
2020-12-24 17:45:00,0.13,0.14273822,lstm
2020-12-24 17:45:00,0.0766,0.06592338,lstm
2020-12-24 17:45:00,0.026800007,0.023617178,lstm
2020-12-24 17:45:00,0.003399998,0.0006210059,lstm
2020-12-24 18:00:00,0.0766,0.07201838,lstm
2020-12-24 18:00:00,0.026800007,0.022205174,lstm
2020-12-24 18:00:00,0.003399998,-0.0005106181,lstm
2020-12-24 18:00:00,0.0,-0.0077676326,lstm
2020-12-24 18:15:00,0.026800007,0.039889455,lstm
2020-12-24 18:15:00,0.003399998,0.005649179,lstm
2020-12-24 18:15:00,0.0,-0.0068244487,lstm
2020-12-24 18:15:00,0.0,-0.007798195,lstm
2020-12-24 18:30:00,0.003399998,0.021818474,lstm
2020-12-24 18:30:00,0.0,-0.001156807,lstm
2020-12-24 18:30:00,0.0,-0.007699564,lstm
2020-12-24 18:30:00,0.0,-0.0059884638,lstm
2020-12-24 18:45:00,0.0,0.011486739,lstm
2020-12-24 18:45:00,0.0,-0.0027587116,lstm
2020-12-24 18:45:00,0.0,-0.0053545088,lstm
2020-12-24 18:45:00,0.0,-0.0031662434,lstm
2020-12-24 19:00:00,0.0,0.004805103,lstm
2020-12-24 19:00:00,0.0,-0.003013596,lstm
2020-12-24 19:00:00,0.0,-0.0035019517,lstm
2020-12-24 19:00:00,0.0,-0.000921458,lstm
2020-12-24 19:15:00,0.0,0.0017729402,lstm
2020-12-24 19:15:00,0.0,-0.0030639768,lstm
2020-12-24 19:15:00,0.0,-0.0023964942,lstm
2020-12-24 19:15:00,0.0,6.5892935e-05,lstm
2020-12-24 19:30:00,0.0,0.00033535063,lstm
2020-12-24 19:30:00,0.0,-0.0031600744,lstm
2020-12-24 19:30:00,0.0,-0.0018662065,lstm
2020-12-24 19:30:00,0.0,0.000370875,lstm
2020-12-24 19:45:00,0.0,-0.0004195273,lstm
2020-12-24 19:45:00,0.0,-0.0033356547,lstm
2020-12-24 19:45:00,0.0,-0.0017540306,lstm
2020-12-24 19:45:00,0.0,0.0004464984,lstm
2020-12-24 20:00:00,0.0,-0.00084991753,lstm
2020-12-24 20:00:00,0.0,-0.0034465492,lstm
2020-12-24 20:00:00,0.0,-0.0017203689,lstm
2020-12-24 20:00:00,0.0,0.00050249696,lstm
2020-12-24 20:15:00,0.0,-0.0010860115,lstm
2020-12-24 20:15:00,0.0,-0.0035023987,lstm
2020-12-24 20:15:00,0.0,-0.0016934425,lstm
2020-12-24 20:15:00,0.0,0.0005476177,lstm
2020-12-24 20:30:00,0.0,-0.0012265891,lstm
2020-12-24 20:30:00,0.0,-0.0035363734,lstm
2020-12-24 20:30:00,0.0,-0.0016745925,lstm
2020-12-24 20:30:00,0.0,0.0005786568,lstm
2020-12-24 20:45:00,0.0,-0.001390323,lstm
2020-12-24 20:45:00,0.0,-0.003663078,lstm
2020-12-24 20:45:00,0.0,-0.001803413,lstm
2020-12-24 20:45:00,0.0,0.00054465234,lstm
2020-12-24 21:00:00,0.0,-0.0014778674,lstm
2020-12-24 21:00:00,0.0,-0.0036876202,lstm
2020-12-24 21:00:00,0.0,-0.001822859,lstm
2020-12-24 21:00:00,0.0,0.00057803094,lstm
2020-12-24 21:15:00,0.0,-0.0015291423,lstm
2020-12-24 21:15:00,0.0,-0.0036893338,lstm
2020-12-24 21:15:00,0.0,-0.0018101186,lstm
2020-12-24 21:15:00,0.0,0.00061009824,lstm
2020-12-24 21:30:00,0.0,-0.0015681833,lstm
2020-12-24 21:30:00,0.0,-0.0036926568,lstm
2020-12-24 21:30:00,0.0,-0.0017904788,lstm
2020-12-24 21:30:00,0.0,0.00063335896,lstm
2020-12-24 21:45:00,0.0,-0.0016852617,lstm
2020-12-24 21:45:00,0.0,-0.0037847757,lstm
2020-12-24 21:45:00,0.0,-0.0019243509,lstm
2020-12-24 21:45:00,0.0,0.0005891174,lstm
2020-12-24 22:00:00,0.0,-0.0017041266,lstm
2020-12-24 22:00:00,0.0,-0.0037604868,lstm
2020-12-24 22:00:00,0.0,-0.0019114166,lstm
2020-12-24 22:00:00,0.0,0.000632748,lstm
2020-12-24 22:15:00,0.0,-0.0017027408,lstm
2020-12-24 22:15:00,0.0,-0.003730625,lstm
2020-12-24 22:15:00,0.0,-0.0018854588,lstm
2020-12-24 22:15:00,0.0,0.00066542625,lstm
2020-12-24 22:30:00,0.0,-0.0017079264,lstm
2020-12-24 22:30:00,0.0,-0.0037142038,lstm
2020-12-24 22:30:00,0.0,-0.0018624365,lstm
2020-12-24 22:30:00,0.0,0.0006942898,lstm
2020-12-24 22:45:00,0.0,-0.0018184483,lstm
2020-12-24 22:45:00,0.0,-0.003772825,lstm
2020-12-24 22:45:00,0.0,-0.0019783527,lstm
2020-12-24 22:45:00,0.0,0.00066287816,lstm
2020-12-24 23:00:00,0.0,-0.0018250644,lstm
2020-12-24 23:00:00,0.0,-0.003732264,lstm
2020-12-24 23:00:00,0.0,-0.00193955,lstm
2020-12-24 23:00:00,0.0,0.00071541965,lstm
2020-12-24 23:15:00,0.0,-0.0018218756,lstm
2020-12-24 23:15:00,0.0,-0.00369972,lstm
2020-12-24 23:15:00,0.0,-0.0019069612,lstm
2020-12-24 23:15:00,0.0,0.0007444769,lstm
2020-12-24 23:30:00,0.0,-0.0018096268,lstm
2020-12-24 23:30:00,0.0,-0.003671065,lstm
2020-12-24 23:30:00,0.0,-0.0018846393,lstm
2020-12-24 23:30:00,0.0,0.0007645488,lstm
2020-12-24 23:45:00,0.0,-0.0018978715,lstm
2020-12-24 23:45:00,0.0,-0.0037102997,lstm
2020-12-24 23:45:00,0.0,-0.0019960701,lstm
2020-12-24 23:45:00,0.0,0.0007215142,lstm
2020-12-25 00:00:00,0.0,-0.001878649,lstm
2020-12-25 00:00:00,0.0,-0.0036571175,lstm
2020-12-25 00:00:00,0.0,-0.0019474626,lstm
2020-12-25 00:00:00,0.0,0.00076444447,lstm
2020-12-25 00:15:00,0.0,-0.0018562973,lstm
2020-12-25 00:15:00,0.0,-0.003620267,lstm
2020-12-25 00:15:00,0.0,-0.0019129813,lstm
2020-12-25 00:15:00,0.0,0.0007837266,lstm
2020-12-25 00:30:00,0.0,-0.0018388778,lstm
2020-12-25 00:30:00,0.0,-0.0036005974,lstm
2020-12-25 00:30:00,0.0,-0.0018966645,lstm
2020-12-25 00:30:00,0.0,0.00079120696,lstm
2020-12-25 00:45:00,0.0,-0.0018943548,lstm
2020-12-25 00:45:00,0.0,-0.0036052912,lstm
2020-12-25 00:45:00,0.0,-0.0019811243,lstm
2020-12-25 00:45:00,0.0,0.00075033307,lstm
2020-12-25 01:00:00,0.0,-0.0018498749,lstm
2020-12-25 01:00:00,0.0,-0.003538236,lstm
2020-12-25 01:00:00,0.0,-0.0019226521,lstm
2020-12-25 01:00:00,0.0,0.0007830858,lstm
2020-12-25 01:15:00,0.0,-0.0018170625,lstm
2020-12-25 01:15:00,0.0,-0.003506571,lstm
2020-12-25 01:15:00,0.0,-0.0018908083,lstm
2020-12-25 01:15:00,0.0,0.0007893145,lstm
2020-12-25 01:30:00,0.0,-0.0017919242,lstm
2020-12-25 01:30:00,0.0,-0.0034836829,lstm
2020-12-25 01:30:00,0.0,-0.0018722117,lstm
2020-12-25 01:30:00,0.0,0.0007919073,lstm
2020-12-25 01:45:00,0.0,-0.0018224716,lstm
2020-12-25 01:45:00,0.0,-0.0034772456,lstm
2020-12-25 01:45:00,0.0,-0.0019426942,lstm
2020-12-25 01:45:00,0.0,0.00074221194,lstm
2020-12-25 02:00:00,0.0,-0.0017670095,lstm
2020-12-25 02:00:00,0.0,-0.0034187883,lstm
2020-12-25 02:00:00,0.0,-0.0019000173,lstm
2020-12-25 02:00:00,0.0,0.0007440299,lstm
2020-12-25 02:15:00,0.0,-0.0017338544,lstm
2020-12-25 02:15:00,0.0,-0.0033994466,lstm
2020-12-25 02:15:00,0.0,-0.001880005,lstm
2020-12-25 02:15:00,0.0,0.00074002147,lstm
2020-12-25 02:30:00,0.0,-0.0017148256,lstm
2020-12-25 02:30:00,0.0,-0.0033900887,lstm
2020-12-25 02:30:00,0.0,-0.0018709153,lstm
2020-12-25 02:30:00,0.0,0.00073361397,lstm
2020-12-25 02:45:00,0.0,-0.0017277449,lstm
2020-12-25 02:45:00,0.0,-0.0033803135,lstm
2020-12-25 02:45:00,0.0,-0.0019383878,lstm
2020-12-25 02:45:00,0.0,0.0006698221,lstm
2020-12-25 03:00:00,0.0,-0.0016775429,lstm
2020-12-25 03:00:00,0.0,-0.0033432245,lstm
2020-12-25 03:00:00,0.0,-0.0019072741,lstm
2020-12-25 03:00:00,0.0,0.0006623119,lstm
2020-12-25 03:15:00,0.0,-0.0016396493,lstm
2020-12-25 03:15:00,0.0,-0.003335312,lstm
2020-12-25 03:15:00,0.0,-0.0019081086,lstm
2020-12-25 03:15:00,0.0,0.0006365776,lstm
2020-12-25 03:30:00,0.0,-0.0016168356,lstm
2020-12-25 03:30:00,0.0,-0.003336072,lstm
2020-12-25 03:30:00,0.0,-0.0019163191,lstm
2020-12-25 03:30:00,0.0,0.0006195307,lstm
2020-12-25 03:45:00,0.0,-0.0016151816,lstm
2020-12-25 03:45:00,0.0,-0.0033150613,lstm
2020-12-25 03:45:00,0.0,-0.0019631684,lstm
2020-12-25 03:45:00,0.0,0.0005684197,lstm
2020-12-25 04:00:00,0.0,-0.0015649647,lstm
2020-12-25 04:00:00,0.0,-0.0032969266,lstm
2020-12-25 04:00:00,0.0,-0.0019537657,lstm
2020-12-25 04:00:00,0.0,0.0005402118,lstm
2020-12-25 04:15:00,0.0,-0.0015345812,lstm
2020-12-25 04:15:00,0.0,-0.003309533,lstm
2020-12-25 04:15:00,0.0,-0.0019692928,lstm
2020-12-25 04:15:00,0.0,0.0005120933,lstm
2020-12-25 04:30:00,0.0,-0.0015144348,lstm
2020-12-25 04:30:00,0.0,-0.0033236295,lstm
2020-12-25 04:30:00,0.0,-0.0019912273,lstm
2020-12-25 04:30:00,0.0,0.00048726797,lstm
2020-12-25 04:45:00,0.0,-0.0015134662,lstm
2020-12-25 04:45:00,0.0,-0.003313452,lstm
2020-12-25 04:45:00,0.0,-0.0020313412,lstm
2020-12-25 04:45:00,0.0,0.00044821203,lstm
2020-12-25 05:00:00,0.0,-0.0014724284,lstm
2020-12-25 05:00:00,0.0,-0.0033265501,lstm
2020-12-25 05:00:00,0.0,-0.0020470917,lstm
2020-12-25 05:00:00,0.0,0.00041390955,lstm
2020-12-25 05:15:00,0.0,-0.0014398396,lstm
2020-12-25 05:15:00,0.0,-0.0033601373,lstm
2020-12-25 05:15:00,0.0,-0.0020838082,lstm
2020-12-25 05:15:00,0.0,0.00038297474,lstm
2020-12-25 05:30:00,0.0,-0.001415506,lstm
2020-12-25 05:30:00,0.0,-0.0033926815,lstm
2020-12-25 05:30:00,0.0,-0.0021193773,lstm
2020-12-25 05:30:00,0.0,0.00036121905,lstm
2020-12-25 05:45:00,0.0,-0.0014182925,lstm
2020-12-25 05:45:00,0.0,-0.0033974499,lstm
2020-12-25 05:45:00,0.0,-0.0021520853,lstm
2020-12-25 05:45:00,0.0,0.0003527105,lstm
2020-12-25 06:00:00,0.0,-0.0013900995,lstm
2020-12-25 06:00:00,0.0,-0.0034465045,lstm
2020-12-25 06:00:00,0.0,-0.0021862388,lstm
2020-12-25 06:00:00,0.0,0.00033724308,lstm
2020-12-25 06:15:00,0.0,-0.001357615,lstm
2020-12-25 06:15:00,0.0,-0.0035056174,lstm
2020-12-25 06:15:00,0.0,-0.0022337139,lstm
2020-12-25 06:15:00,0.0,0.00033304095,lstm
2020-12-25 06:30:00,0.0,-0.0013246089,lstm
2020-12-25 06:30:00,0.0,-0.0035553724,lstm
2020-12-25 06:30:00,0.0,-0.0022768825,lstm
2020-12-25 06:30:00,0.0,0.0003363937,lstm
2020-12-25 06:45:00,0.0,-0.0013170242,lstm
2020-12-25 06:45:00,0.0,-0.0035740584,lstm
2020-12-25 06:45:00,0.0,-0.0022895187,lstm
2020-12-25 06:45:00,0.0,0.00039313734,lstm
2020-12-25 07:00:00,0.0,-0.0012846738,lstm
2020-12-25 07:00:00,0.0,-0.0036487281,lstm
2020-12-25 07:00:00,0.0,-0.0023131818,lstm
2020-12-25 07:00:00,0.0,0.00044722855,lstm
2020-12-25 07:15:00,0.0,-0.0012226403,lstm
2020-12-25 07:15:00,0.0,-0.0037287474,lstm
2020-12-25 07:15:00,0.0,-0.0023565441,lstm
2020-12-25 07:15:00,0.0,0.00049455464,lstm
2020-12-25 07:30:00,0.0,-0.0011503696,lstm
2020-12-25 07:30:00,0.0,-0.0037994683,lstm
2020-12-25 07:30:00,0.0,-0.002388358,lstm
2020-12-25 07:30:00,0.0,0.0005502999,lstm
2020-12-25 07:45:00,0.0,-0.0010933876,lstm
2020-12-25 07:45:00,0.0,-0.0038208216,lstm
2020-12-25 07:45:00,0.0,-0.0023445785,lstm
2020-12-25 07:45:00,0.0,0.0007279813,lstm
2020-12-25 08:00:00,0.0,-0.0010203272,lstm
2020-12-25 08:00:00,0.0,-0.0039061755,lstm
2020-12-25 08:00:00,0.0,-0.0023074448,lstm
2020-12-25 08:00:00,0.0,0.0009288043,lstm
2020-12-25 08:15:00,0.0,-0.00090013444,lstm
2020-12-25 08:15:00,0.0,-0.004002139,lstm
2020-12-25 08:15:00,0.0,-0.0022758842,lstm
2020-12-25 08:15:00,0.0,0.0011689365,lstm
2020-12-25 08:30:00,0.0,-0.00072827935,lstm
2020-12-25 08:30:00,0.0,-0.00409168,lstm
2020-12-25 08:30:00,0.0,-0.0021955967,lstm
2020-12-25 08:30:00,0.0,0.0015203506,lstm
2020-12-25 08:45:00,0.0,-0.0005142242,lstm
2020-12-25 08:45:00,0.0,-0.004068136,lstm
2020-12-25 08:45:00,0.0,-0.0019130707,lstm
2020-12-25 08:45:00,0.0,0.0022747368,lstm
2020-12-25 09:00:00,0.0,-0.0002053231,lstm
2020-12-25 09:00:00,0.0,-0.004060641,lstm
2020-12-25 09:00:00,0.0,-0.001352936,lstm
2020-12-25 09:00:00,0.002000004,0.0037994385,lstm
2020-12-25 09:15:00,0.0,0.00034357607,lstm
2020-12-25 09:15:00,0.0,-0.0037761033,lstm
2020-12-25 09:15:00,0.002000004,0.00030586123,lstm
2020-12-25 09:15:00,0.020400003,0.008179754,lstm
2020-12-25 09:30:00,0.0,0.0011067092,lstm
2020-12-25 09:30:00,0.002000004,-0.00084635615,lstm
2020-12-25 09:30:00,0.020400003,0.00858897,lstm
2020-12-25 09:30:00,0.053000003,0.026858017,lstm
2020-12-25 09:45:00,0.002000004,0.0018649846,lstm
2020-12-25 09:45:00,0.020400003,0.009054825,lstm
2020-12-25 09:45:00,0.053000003,0.030807525,lstm
2020-12-25 09:45:00,0.0878,0.06933038,lstm
2020-12-25 10:00:00,0.020400003,0.005187303,lstm
2020-12-25 10:00:00,0.053000003,0.026666611,lstm
2020-12-25 10:00:00,0.0878,0.06867416,lstm
2020-12-25 10:00:00,0.1506,0.13118854,lstm
2020-12-25 10:15:00,0.053000003,0.04596448,lstm
2020-12-25 10:15:00,0.0878,0.092993245,lstm
2020-12-25 10:15:00,0.1506,0.16863179,lstm
2020-12-25 10:15:00,0.2748,0.25032896,lstm
2020-12-25 10:30:00,0.0878,0.10347633,lstm
2020-12-25 10:30:00,0.1506,0.17860436,lstm
2020-12-25 10:30:00,0.2748,0.273467,lstm
2020-12-25 10:30:00,0.3702,0.35150713,lstm
2020-12-25 10:45:00,0.1506,0.158566,lstm
2020-12-25 10:45:00,0.2748,0.24780063,lstm
2020-12-25 10:45:00,0.3702,0.33256984,lstm
2020-12-25 10:45:00,0.41260004,0.39741713,lstm
2020-12-25 11:00:00,0.2748,0.25509512,lstm
2020-12-25 11:00:00,0.3702,0.33724606,lstm
2020-12-25 11:00:00,0.41260004,0.3990333,lstm
2020-12-25 11:00:00,0.4634,0.45873183,lstm
2020-12-25 11:15:00,0.3702,0.36693814,lstm
2020-12-25 11:15:00,0.4126,0.43031704,lstm
2020-12-25 11:15:00,0.4634,0.47755587,lstm
2020-12-25 11:15:00,0.5016,0.5360797,lstm
2020-12-25 11:30:00,0.4126,0.43920785,lstm
2020-12-25 11:30:00,0.4634,0.48879817,lstm
2020-12-25 11:30:00,0.5016,0.5307375,lstm
2020-12-25 11:30:00,0.5192,0.5801882,lstm
2020-12-25 11:45:00,0.4634,0.4856547,lstm
2020-12-25 11:45:00,0.5016,0.5267963,lstm
2020-12-25 11:45:00,0.5192,0.5626992,lstm
2020-12-25 11:45:00,0.5614,0.5967894,lstm
2020-12-25 12:00:00,0.5016,0.5407158,lstm
2020-12-25 12:00:00,0.5192,0.57126755,lstm
2020-12-25 12:00:00,0.5614,0.6014433,lstm
2020-12-25 12:00:00,0.5746,0.6263063,lstm
2020-12-25 12:15:00,0.5192,0.57863164,lstm
2020-12-25 12:15:00,0.5614,0.6035738,lstm
2020-12-25 12:15:00,0.5746,0.6260221,lstm
2020-12-25 12:15:00,0.6062,0.64676625,lstm
2020-12-25 12:30:00,0.5614,0.5891181,lstm
2020-12-25 12:30:00,0.5746,0.6073413,lstm
2020-12-25 12:30:00,0.6062,0.6207902,lstm
2020-12-25 12:30:00,0.6508,0.6367385,lstm
2020-12-25 12:45:00,0.5746,0.63696504,lstm
2020-12-25 12:45:00,0.6062,0.65207505,lstm
2020-12-25 12:45:00,0.65079993,0.66350186,lstm
2020-12-25 12:45:00,0.7054,0.6827472,lstm
2020-12-25 13:00:00,0.6062,0.6301315,lstm
2020-12-25 13:00:00,0.6508,0.6426556,lstm
2020-12-25 13:00:00,0.7054,0.6470735,lstm
2020-12-25 13:00:00,0.7232,0.6603535,lstm
2020-12-25 13:15:00,0.6508,0.6673348,lstm
2020-12-25 13:15:00,0.7054,0.67755705,lstm
2020-12-25 13:15:00,0.7232,0.6818292,lstm
2020-12-25 13:15:00,0.7068,0.6974672,lstm
2020-12-25 13:30:00,0.7054,0.7091706,lstm
2020-12-25 13:30:00,0.72319996,0.72386324,lstm
2020-12-25 13:30:00,0.7068,0.7288248,lstm
2020-12-25 13:30:00,0.5881999,0.74727774,lstm
2020-12-25 13:45:00,0.7232,0.7566846,lstm
2020-12-25 13:45:00,0.7068,0.7698091,lstm
2020-12-25 13:45:00,0.5882,0.77474797,lstm
2020-12-25 13:45:00,0.7,0.7924727,lstm
2020-12-25 14:00:00,0.7068,0.7691235,lstm
2020-12-25 14:00:00,0.5882,0.77865744,lstm
2020-12-25 14:00:00,0.7,0.7792572,lstm
2020-12-25 14:00:00,0.7064,0.7876552,lstm
2020-12-25 14:15:00,0.5882,0.7360873,lstm
2020-12-25 14:15:00,0.6999999,0.73668265,lstm
2020-12-25 14:15:00,0.7064,0.72985,lstm
2020-12-25 14:15:00,0.6814,0.7261003,lstm
2020-12-25 14:30:00,0.7,0.58003557,lstm
2020-12-25 14:30:00,0.7063999,0.5887397,lstm
2020-12-25 14:30:00,0.6814,0.5724412,lstm
2020-12-25 14:30:00,0.6764,0.5604009,lstm
2020-12-25 14:45:00,0.7064,0.72278506,lstm
2020-12-25 14:45:00,0.68139994,0.70023036,lstm
2020-12-25 14:45:00,0.6764,0.6898049,lstm
2020-12-25 14:45:00,0.658,0.69126445,lstm
2020-12-25 15:00:00,0.6814,0.7142445,lstm
2020-12-25 15:00:00,0.6764,0.6961074,lstm
2020-12-25 15:00:00,0.658,0.67879957,lstm
2020-12-25 15:00:00,0.6324,0.66462153,lstm
2020-12-25 15:15:00,0.6764,0.6780387,lstm
2020-12-25 15:15:00,0.658,0.65097475,lstm
2020-12-25 15:15:00,0.6324,0.624529,lstm
2020-12-25 15:15:00,0.5924,0.5993016,lstm
2020-12-25 15:30:00,0.658,0.6570666,lstm
2020-12-25 15:30:00,0.6324,0.6165587,lstm
2020-12-25 15:30:00,0.5924,0.58002585,lstm
2020-12-25 15:30:00,0.548,0.54764175,lstm
2020-12-25 15:45:00,0.6324,0.6150186,lstm
2020-12-25 15:45:00,0.5924,0.5679165,lstm
2020-12-25 15:45:00,0.548,0.5214035,lstm
2020-12-25 15:45:00,0.49800003,0.478027,lstm
2020-12-25 16:00:00,0.5924,0.56469077,lstm
2020-12-25 16:00:00,0.548,0.51043856,lstm
2020-12-25 16:00:00,0.49800003,0.45597434,lstm
2020-12-25 16:00:00,0.4432,0.40269035,lstm
2020-12-25 16:15:00,0.548,0.51300716,lstm
2020-12-25 16:15:00,0.49800003,0.44770777,lstm
2020-12-25 16:15:00,0.4432,0.38707024,lstm
2020-12-25 16:15:00,0.3776,0.3228281,lstm
2020-12-25 16:30:00,0.498,0.46731362,lstm
2020-12-25 16:30:00,0.4432,0.38658252,lstm
2020-12-25 16:30:00,0.3776,0.31784967,lstm
2020-12-25 16:30:00,0.2802,0.24402565,lstm
2020-12-25 16:45:00,0.4432,0.41761476,lstm
2020-12-25 16:45:00,0.3776,0.3194969,lstm
2020-12-25 16:45:00,0.2802,0.2402685,lstm
2020-12-25 16:45:00,0.1662,0.16090369,lstm
2020-12-25 17:00:00,0.3776,0.36081377,lstm
2020-12-25 17:00:00,0.2802,0.254126,lstm
2020-12-25 17:00:00,0.1662,0.16877769,lstm
2020-12-25 17:00:00,0.0974,0.09542989,lstm
2020-12-25 17:15:00,0.2802,0.2899199,lstm
2020-12-25 17:15:00,0.1662,0.18425007,lstm
2020-12-25 17:15:00,0.0974,0.10451179,lstm
2020-12-25 17:15:00,0.056600004,0.046825156,lstm
2020-12-25 17:30:00,0.1662,0.19350071,lstm
2020-12-25 17:30:00,0.097399995,0.102686636,lstm
2020-12-25 17:30:00,0.056600004,0.04801753,lstm
2020-12-25 17:30:00,0.0238,0.0130919665,lstm
2020-12-25 17:45:00,0.0974,0.096779145,lstm
2020-12-25 17:45:00,0.056600004,0.037718862,lstm
2020-12-25 17:45:00,0.0238,0.007311985,lstm
2020-12-25 17:45:00,0.0039999783,-0.0026098639,lstm
2020-12-25 18:00:00,0.056600004,0.047357917,lstm
2020-12-25 18:00:00,0.0238,0.010509938,lstm
2020-12-25 18:00:00,0.003999993,-0.005262524,lstm
2020-12-25 18:00:00,0.0,-0.0059020817,lstm
2020-12-25 18:15:00,0.023799986,0.025891215,lstm
2020-12-25 18:15:00,0.003999993,0.0019938052,lstm
2020-12-25 18:15:00,0.0,-0.0059321076,lstm
2020-12-25 18:15:00,0.0,-0.004350111,lstm
2020-12-25 18:30:00,0.003999993,0.01407814,lstm
2020-12-25 18:30:00,0.0,-0.0012929738,lstm
2020-12-25 18:30:00,0.0,-0.0049553066,lstm
2020-12-25 18:30:00,0.0,-0.0026914328,lstm
2020-12-25 18:45:00,0.0,0.0060835034,lstm
2020-12-25 18:45:00,0.0,-0.0029889941,lstm
2020-12-25 18:45:00,0.0,-0.0037717223,lstm
2020-12-25 18:45:00,0.0,-0.0013620406,lstm
2020-12-25 19:00:00,0.0,0.0024731904,lstm
2020-12-25 19:00:00,0.0,-0.003047794,lstm
2020-12-25 19:00:00,0.0,-0.0026595294,lstm
2020-12-25 19:00:00,0.0,-0.00013375282,lstm
2020-12-25 19:15:00,0.0,0.0008202344,lstm
2020-12-25 19:15:00,0.0,-0.0030720085,lstm
2020-12-25 19:15:00,0.0,-0.0020041764,lstm
2020-12-25 19:15:00,0.0,0.00035594404,lstm
2020-12-25 19:30:00,0.0,-0.00010560453,lstm
2020-12-25 19:30:00,0.0,-0.0031794012,lstm
2020-12-25 19:30:00,0.0,-0.0017311722,lstm
2020-12-25 19:30:00,0.0,0.0004915595,lstm
2020-12-25 19:45:00,0.0,-0.0006314963,lstm
2020-12-25 19:45:00,0.0,-0.003359884,lstm
2020-12-25 19:45:00,0.0,-0.0017445385,lstm
2020-12-25 19:45:00,0.0,0.00049495697,lstm
2020-12-25 20:00:00,0.0,-0.0009610504,lstm
2020-12-25 20:00:00,0.0,-0.0034611225,lstm
2020-12-25 20:00:00,0.0,-0.0017591268,lstm
2020-12-25 20:00:00,0.0,0.00052924454,lstm
2020-12-25 20:15:00,0.0,-0.0011573881,lstm
2020-12-25 20:15:00,0.0,-0.0035142154,lstm
2020-12-25 20:15:00,0.0,-0.0017477274,lstm
2020-12-25 20:15:00,0.0,0.00056535006,lstm
2020-12-25 20:30:00,0.0,-0.0012803674,lstm
2020-12-25 20:30:00,0.0,-0.0035474598,lstm
2020-12-25 20:30:00,0.0,-0.0017362386,lstm
2020-12-25 20:30:00,0.0,0.00058963895,lstm
2020-12-25 20:45:00,0.0,-0.0014467686,lstm
2020-12-25 20:45:00,0.0,-0.003677532,lstm
2020-12-25 20:45:00,0.0,-0.0018627942,lstm
2020-12-25 20:45:00,0.0,0.0005565882,lstm
2020-12-25 21:00:00,0.0,-0.0015307516,lstm
2020-12-25 21:00:00,0.0,-0.0036979169,lstm
2020-12-25 21:00:00,0.0,-0.0018725693,lstm
2020-12-25 21:00:00,0.0,0.0005927384,lstm
2020-12-25 21:15:00,0.0,-0.0015766919,lstm
2020-12-25 21:15:00,0.0,-0.0036971122,lstm
2020-12-25 21:15:00,0.0,-0.0018548369,lstm
2020-12-25 21:15:00,0.0,0.0006236732,lstm
2020-12-25 21:30:00,0.0,-0.0016069114,lstm
2020-12-25 21:30:00,0.0,-0.0036916733,lstm
2020-12-25 21:30:00,0.0,-0.0018340945,lstm
2020-12-25 21:30:00,0.0,0.0006495565,lstm
2020-12-25 21:45:00,0.0,-0.0017345846,lstm
2020-12-25 21:45:00,0.0,-0.0037896931,lstm
2020-12-25 21:45:00,0.0,-0.0019682944,lstm
2020-12-25 21:45:00,0.0,0.00060902536,lstm
2020-12-25 22:00:00,0.0,-0.0017560273,lstm
2020-12-25 22:00:00,0.0,-0.0037636608,lstm
2020-12-25 22:00:00,0.0,-0.0019515902,lstm
2020-12-25 22:00:00,0.0,0.000654608,lstm
2020-12-25 22:15:00,0.0,-0.0017549098,lstm
2020-12-25 22:15:00,0.0,-0.003729716,lstm
2020-12-25 22:15:00,0.0,-0.0019199103,lstm
2020-12-25 22:15:00,0.0,0.00068977475,lstm
2020-12-25 22:30:00,0.0,-0.0017635077,lstm
2020-12-25 22:30:00,0.0,-0.0037113726,lstm
2020-12-25 22:30:00,0.0,-0.0018945485,lstm
2020-12-25 22:30:00,0.0,0.00072041154,lstm
2020-12-25 22:45:00,0.0,-0.0018813014,lstm
2020-12-25 22:45:00,0.0,-0.00376755,lstm
2020-12-25 22:45:00,0.0,-0.0020106435,lstm
2020-12-25 22:45:00,0.0,0.0006915033,lstm
2020-12-25 23:00:00,0.0,-0.00187096,lstm
2020-12-25 23:00:00,0.0,-0.00371781,lstm
2020-12-25 23:00:00,0.0,-0.0019711405,lstm
2020-12-25 23:00:00,0.0,0.00073851645,lstm
2020-12-25 23:15:00,0.0,-0.0018562824,lstm
2020-12-25 23:15:00,0.0,-0.0036827624,lstm
2020-12-25 23:15:00,0.0,-0.0019330382,lstm
2020-12-25 23:15:00,0.0,0.00076779723,lstm
2020-12-25 23:30:00,0.0,-0.0018336326,lstm
2020-12-25 23:30:00,0.0,-0.003654644,lstm
2020-12-25 23:30:00,0.0,-0.0019112378,lstm
2020-12-25 23:30:00,0.0,0.0007792264,lstm
2020-12-25 23:45:00,0.0,-0.0019353628,lstm
2020-12-25 23:45:00,0.0,-0.0036970824,lstm
2020-12-25 23:45:00,0.0,-0.0020244122,lstm
2020-12-25 23:45:00,0.0,0.00073838234,lstm
2020-12-26 00:00:00,0.0,-0.0019043833,lstm
2020-12-26 00:00:00,0.0,-0.0036381632,lstm
2020-12-26 00:00:00,0.0,-0.0019747615,lstm
2020-12-26 00:00:00,0.0,0.00077416,lstm
2020-12-26 00:15:00,0.0,-0.0018743128,lstm
2020-12-26 00:15:00,0.0,-0.0036021322,lstm
2020-12-26 00:15:00,0.0,-0.0019406825,lstm
2020-12-26 00:15:00,0.0,0.0007866174,lstm
2020-12-26 00:30:00,0.0,-0.0018549263,lstm
2020-12-26 00:30:00,0.0,-0.0035841614,lstm
2020-12-26 00:30:00,0.0,-0.0019212812,lstm
2020-12-26 00:30:00,0.0,0.0007929504,lstm
2020-12-26 00:45:00,0.0,-0.0019354224,lstm
2020-12-26 00:45:00,0.0,-0.0036027431,lstm
2020-12-26 00:45:00,0.0,-0.0020157993,lstm
2020-12-26 00:45:00,0.0,0.00074891746,lstm
2020-12-26 01:00:00,0.0,-0.001890406,lstm
2020-12-26 01:00:00,0.0,-0.0035360456,lstm
2020-12-26 01:00:00,0.0,-0.0019590855,lstm
2020-12-26 01:00:00,0.0,0.0007763505,lstm
2020-12-26 01:15:00,0.0,-0.0018596649,lstm
2020-12-26 01:15:00,0.0,-0.0035114735,lstm
2020-12-26 01:15:00,0.0,-0.0019312948,lstm
2020-12-26 01:15:00,0.0,0.0007764399,lstm
2020-12-26 01:30:00,0.0,-0.0018369853,lstm
2020-12-26 01:30:00,0.0,-0.0034967363,lstm
2020-12-26 01:30:00,0.0,-0.0019179136,lstm
2020-12-26 01:30:00,0.0,0.00077213347,lstm
2020-12-26 01:45:00,0.0,-0.0018853694,lstm
2020-12-26 01:45:00,0.0,-0.0034963787,lstm
2020-12-26 01:45:00,0.0,-0.0019962192,lstm
2020-12-26 01:45:00,0.0,0.0007226765,lstm
2020-12-26 02:00:00,0.0,-0.0018337965,lstm
2020-12-26 02:00:00,0.0,-0.003436625,lstm
2020-12-26 02:00:00,0.0,-0.0019439757,lstm
2020-12-26 02:00:00,0.0,0.0007364452,lstm
2020-12-26 02:15:00,0.0,-0.0018013716,lstm
2020-12-26 02:15:00,0.0,-0.0034160316,lstm
2020-12-26 02:15:00,0.0,-0.0019254237,lstm
2020-12-26 02:15:00,0.0,0.0007278323,lstm
2020-12-26 02:30:00,0.0,-0.0017763525,lstm
2020-12-26 02:30:00,0.0,-0.0034053326,lstm
2020-12-26 02:30:00,0.0,-0.0019228607,lstm
2020-12-26 02:30:00,0.0,0.00071138144,lstm
2020-12-26 02:45:00,0.0,-0.0017955303,lstm
2020-12-26 02:45:00,0.0,-0.0033861399,lstm
2020-12-26 02:45:00,0.0,-0.001978457,lstm
2020-12-26 02:45:00,0.0,0.0006673783,lstm
2020-12-26 03:00:00,0.0,-0.0017284602,lstm
2020-12-26 03:00:00,0.0,-0.0033357441,lstm
2020-12-26 03:00:00,0.0,-0.0019386411,lstm
2020-12-26 03:00:00,0.0,0.0006546378,lstm
2020-12-26 03:15:00,0.0,-0.0016857535,lstm
2020-12-26 03:15:00,0.0,-0.0033296347,lstm
2020-12-26 03:15:00,0.0,-0.0019339919,lstm
2020-12-26 03:15:00,0.0,0.00062805414,lstm
2020-12-26 03:30:00,0.0,-0.0016640127,lstm
2020-12-26 03:30:00,0.0,-0.0033365935,lstm
2020-12-26 03:30:00,0.0,-0.0019404143,lstm
2020-12-26 03:30:00,0.0,0.00060759485,lstm
2020-12-26 03:45:00,0.0,-0.0016712695,lstm
2020-12-26 03:45:00,0.0,-0.0033111572,lstm
2020-12-26 03:45:00,0.0,-0.0019807965,lstm
2020-12-26 03:45:00,0.0,0.00057186186,lstm
2020-12-26 04:00:00,0.0,-0.0016106069,lstm
2020-12-26 04:00:00,0.0,-0.0032865852,lstm
2020-12-26 04:00:00,0.0,-0.0019606948,lstm
2020-12-26 04:00:00,0.0,0.0005476326,lstm
2020-12-26 04:15:00,0.0,-0.0015633702,lstm
2020-12-26 04:15:00,0.0,-0.0032945573,lstm
2020-12-26 04:15:00,0.0,-0.0019700527,lstm
2020-12-26 04:15:00,0.0,0.0005144179,lstm
2020-12-26 04:30:00,0.0,-0.0015354455,lstm
2020-12-26 04:30:00,0.0,-0.003306225,lstm
2020-12-26 04:30:00,0.0,-0.0019815564,lstm
2020-12-26 04:30:00,0.0,0.00050106645,lstm
2020-12-26 04:45:00,0.0,-0.001531139,lstm
2020-12-26 04:45:00,0.0,-0.0032814294,lstm
2020-12-26 04:45:00,0.0,-0.00200589,lstm
2020-12-26 04:45:00,0.0,0.0004837662,lstm
2020-12-26 05:00:00,0.0,-0.0014898628,lstm
2020-12-26 05:00:00,0.0,-0.003288284,lstm
2020-12-26 05:00:00,0.0,-0.0020111948,lstm
2020-12-26 05:00:00,0.0,0.00046408176,lstm
2020-12-26 05:15:00,0.0,-0.0014558882,lstm
2020-12-26 05:15:00,0.0,-0.0033135712,lstm
2020-12-26 05:15:00,0.0,-0.0020396411,lstm
2020-12-26 05:15:00,0.0,0.00044246018,lstm
2020-12-26 05:30:00,0.0,-0.001423791,lstm
2020-12-26 05:30:00,0.0,-0.003339067,lstm
2020-12-26 05:30:00,0.0,-0.0020661652,lstm
2020-12-26 05:30:00,0.0,0.0004287958,lstm
2020-12-26 05:45:00,0.0,-0.0014192015,lstm
2020-12-26 05:45:00,0.0,-0.0033308864,lstm
2020-12-26 05:45:00,0.0,-0.0020794421,lstm
2020-12-26 05:45:00,0.0,0.00044682622,lstm
2020-12-26 06:00:00,0.0,-0.0013899952,lstm
2020-12-26 06:00:00,0.0,-0.0033628345,lstm
2020-12-26 06:00:00,0.0,-0.002098024,lstm
2020-12-26 06:00:00,0.0,0.00045980513,lstm
2020-12-26 06:15:00,0.0,-0.0013564974,lstm
2020-12-26 06:15:00,0.0,-0.0034087747,lstm
2020-12-26 06:15:00,0.0,-0.002138555,lstm
2020-12-26 06:15:00,0.0,0.00046776235,lstm
2020-12-26 06:30:00,0.0,-0.0013210624,lstm
2020-12-26 06:30:00,0.0,-0.0034501404,lstm
2020-12-26 06:30:00,0.0,-0.0021732897,lstm
2020-12-26 06:30:00,0.0,0.0004836768,lstm
2020-12-26 06:45:00,0.0,-0.001313746,lstm
2020-12-26 06:45:00,0.0,-0.0034502447,lstm
2020-12-26 06:45:00,0.0,-0.0021718442,lstm
2020-12-26 06:45:00,0.0,0.00057056546,lstm
2020-12-26 07:00:00,0.0,-0.0012855977,lstm
2020-12-26 07:00:00,0.0,-0.0035086721,lstm
2020-12-26 07:00:00,0.0,-0.0021909773,lstm
2020-12-26 07:00:00,0.0,0.00064074993,lstm
2020-12-26 07:15:00,0.0,-0.0012340397,lstm
2020-12-26 07:15:00,0.0,-0.0035743564,lstm
2020-12-26 07:15:00,0.0,-0.0022268444,lstm
2020-12-26 07:15:00,0.0,0.00070658326,lstm
2020-12-26 07:30:00,0.0,-0.0011713207,lstm
2020-12-26 07:30:00,0.0,-0.0036327392,lstm
2020-12-26 07:30:00,0.0,-0.0022546947,lstm
2020-12-26 07:30:00,0.0,0.0007764548,lstm
2020-12-26 07:45:00,0.0,-0.0011214316,lstm
2020-12-26 07:45:00,0.0,-0.0036356896,lstm
2020-12-26 07:45:00,0.0,-0.0022082627,lstm
2020-12-26 07:45:00,0.0,0.00097331405,lstm
2020-12-26 08:00:00,0.0,-0.0010607392,lstm
2020-12-26 08:00:00,0.0,-0.0037053525,lstm
2020-12-26 08:00:00,0.0,-0.0021775663,lstm
2020-12-26 08:00:00,0.0,0.0011831969,lstm
2020-12-26 08:15:00,0.0,-0.0009615123,lstm
2020-12-26 08:15:00,0.0,-0.0037859678,lstm
2020-12-26 08:15:00,0.0,-0.0021570325,lstm
2020-12-26 08:15:00,0.0,0.0014310926,lstm
2020-12-26 08:30:00,0.0,-0.00081685185,lstm
2020-12-26 08:30:00,0.0,-0.0038758218,lstm
2020-12-26 08:30:00,0.0,-0.0021095276,lstm
2020-12-26 08:30:00,0.0,0.0017739683,lstm
2020-12-26 08:45:00,0.0,-0.0006259829,lstm
2020-12-26 08:45:00,0.0,-0.003869176,lstm
2020-12-26 08:45:00,0.0,-0.0018742234,lstm
2020-12-26 08:45:00,0.0,0.0025227368,lstm
2020-12-26 09:00:00,0.0,-0.00036616623,lstm
2020-12-26 09:00:00,0.0,-0.0038961023,lstm
2020-12-26 09:00:00,0.0,-0.001367718,lstm
2020-12-26 09:00:00,0.0048000067,0.0041323304,lstm
2020-12-26 09:15:00,0.0,8.5935e-05,lstm
2020-12-26 09:15:00,0.0,-0.0036057234,lstm
2020-12-26 09:15:00,0.0048000067,0.00037913024,lstm
2020-12-26 09:15:00,0.023399994,0.009081259,lstm
2020-12-26 09:30:00,0.0,0.0006069988,lstm
2020-12-26 09:30:00,0.0048000067,-0.00041250885,lstm
2020-12-26 09:30:00,0.023399994,0.00900498,lstm
2020-12-26 09:30:00,0.059,0.028832495,lstm
2020-12-26 09:45:00,0.0048000067,0.0013178885,lstm
2020-12-26 09:45:00,0.023399994,0.0083526075,lstm
2020-12-26 09:45:00,0.059,0.028370708,lstm
2020-12-26 09:45:00,0.1004,0.06585112,lstm
2020-12-26 10:00:00,0.023399994,0.0059645176,lstm
2020-12-26 10:00:00,0.059,0.02450262,lstm
2020-12-26 10:00:00,0.1004,0.06148687,lstm
2020-12-26 10:00:00,0.1644,0.11840878,lstm
2020-12-26 10:15:00,0.059,0.045591936,lstm
2020-12-26 10:15:00,0.1004,0.08933583,lstm
2020-12-26 10:15:00,0.1644,0.1588551,lstm
2020-12-26 10:15:00,0.2972,0.23639773,lstm
2020-12-26 10:30:00,0.1004,0.107249506,lstm
2020-12-26 10:30:00,0.1644,0.18103245,lstm
2020-12-26 10:30:00,0.2972,0.27478755,lstm
2020-12-26 10:30:00,0.3998,0.35552865,lstm
2020-12-26 10:45:00,0.1644,0.16969919,lstm
2020-12-26 10:45:00,0.2972,0.26074988,lstm
2020-12-26 10:45:00,0.3998,0.35144728,lstm
2020-12-26 10:45:00,0.46100003,0.42374605,lstm
2020-12-26 11:00:00,0.2972,0.26161805,lstm
2020-12-26 11:00:00,0.3998,0.3487622,lstm
2020-12-26 11:00:00,0.46100003,0.41641068,lstm
2020-12-26 11:00:00,0.5126,0.48514646,lstm
2020-12-26 11:15:00,0.3998,0.38952476,lstm
2020-12-26 11:15:00,0.461,0.45815048,lstm
2020-12-26 11:15:00,0.5126,0.5090733,lstm
2020-12-26 11:15:00,0.5616,0.5739234,lstm
2020-12-26 11:30:00,0.461,0.47641888,lstm
2020-12-26 11:30:00,0.5126,0.52811897,lstm
2020-12-26 11:30:00,0.5616,0.5718356,lstm
2020-12-26 11:30:00,0.603,0.6213511,lstm
2020-12-26 11:45:00,0.5126,0.5430285,lstm
2020-12-26 11:45:00,0.5616,0.5821947,lstm
2020-12-26 11:45:00,0.603,0.6174495,lstm
2020-12-26 11:45:00,0.6492,0.64907575,lstm
2020-12-26 12:00:00,0.5616,0.59491825,lstm
2020-12-26 12:00:00,0.603,0.6241745,lstm
2020-12-26 12:00:00,0.6492,0.64926106,lstm
2020-12-26 12:00:00,0.6792,0.6721118,lstm
2020-12-26 12:15:00,0.603,0.6375676,lstm
2020-12-26 12:15:00,0.6492,0.66045475,lstm
2020-12-26 12:15:00,0.6792,0.67743176,lstm
2020-12-26 12:15:00,0.711,0.6981904,lstm
2020-12-26 12:30:00,0.6492,0.66833305,lstm
2020-12-26 12:30:00,0.6792,0.68733895,lstm
2020-12-26 12:30:00,0.711,0.6976773,lstm
2020-12-26 12:30:00,0.7192,0.7175708,lstm
2020-12-26 12:45:00,0.6792,0.7015678,lstm
2020-12-26 12:45:00,0.71099997,0.7176465,lstm
2020-12-26 12:45:00,0.7192,0.72464293,lstm
2020-12-26 12:45:00,0.7004,0.74518824,lstm
2020-12-26 13:00:00,0.711,0.717402,lstm
2020-12-26 13:00:00,0.7192,0.7309828,lstm
2020-12-26 13:00:00,0.7004,0.73327523,lstm
2020-12-26 13:00:00,0.7156,0.7505748,lstm
2020-12-26 13:15:00,0.7192,0.74024564,lstm
2020-12-26 13:15:00,0.7004,0.7502587,lstm
2020-12-26 13:15:00,0.7156,0.7515255,lstm
2020-12-26 13:15:00,0.7532,0.76787436,lstm
2020-12-26 13:30:00,0.7004,0.7367731,lstm
2020-12-26 13:30:00,0.7156,0.7412721,lstm
2020-12-26 13:30:00,0.7532,0.73784935,lstm
2020-12-26 13:30:00,0.74419993,0.74777573,lstm
2020-12-26 13:45:00,0.7156,0.70303917,lstm
2020-12-26 13:45:00,0.75319993,0.69370663,lstm
2020-12-26 13:45:00,0.7442,0.6838183,lstm
2020-12-26 13:45:00,0.741,0.6837444,lstm
2020-12-26 14:00:00,0.7532,0.73965126,lstm
2020-12-26 14:00:00,0.7442,0.72997713,lstm
2020-12-26 14:00:00,0.741,0.7244537,lstm
2020-12-26 14:00:00,0.7454001,0.7280979,lstm
2020-12-26 14:15:00,0.7442,0.7805819,lstm
2020-12-26 14:15:00,0.74099994,0.7787719,lstm
2020-12-26 14:15:00,0.7454,0.7779041,lstm
2020-12-26 14:15:00,0.7258,0.78544676,lstm
2020-12-26 14:30:00,0.741,0.76002675,lstm
2020-12-26 14:30:00,0.74539995,0.75971866,lstm
2020-12-26 14:30:00,0.7258,0.75284964,lstm
2020-12-26 14:30:00,0.6686,0.7515969,lstm
2020-12-26 14:45:00,0.7454,0.74799985,lstm
2020-12-26 14:45:00,0.7257999,0.74077654,lstm
2020-12-26 14:45:00,0.6686,0.7281865,lstm
2020-12-26 14:45:00,0.6722,0.722314,lstm
2020-12-26 15:00:00,0.7258,0.75069493,lstm
2020-12-26 15:00:00,0.6686,0.7374872,lstm
2020-12-26 15:00:00,0.6722,0.7203977,lstm
2020-12-26 15:00:00,0.648,0.71115637,lstm
2020-12-26 15:15:00,0.6686,0.71622986,lstm
2020-12-26 15:15:00,0.6722,0.69833326,lstm
2020-12-26 15:15:00,0.648,0.67513716,lstm
2020-12-26 15:15:00,0.6042,0.65806216,lstm
2020-12-26 15:30:00,0.6722,0.6389692,lstm
2020-12-26 15:30:00,0.648,0.61539364,lstm
2020-12-26 15:30:00,0.6042,0.585118,lstm
2020-12-26 15:30:00,0.5642,0.5577189,lstm
2020-12-26 15:45:00,0.648,0.6464062,lstm
2020-12-26 15:45:00,0.6042,0.5974499,lstm
2020-12-26 15:45:00,0.5642,0.5586373,lstm
2020-12-26 15:45:00,0.5158,0.5243343,lstm
2020-12-26 16:00:00,0.6042,0.6025529,lstm
2020-12-26 16:00:00,0.5642,0.5482218,lstm
2020-12-26 16:00:00,0.5158,0.49948585,lstm
2020-12-26 16:00:00,0.45960003,0.45143938,lstm
2020-12-26 16:15:00,0.5641999,0.5344839,lstm
2020-12-26 16:15:00,0.5158,0.47184077,lstm
2020-12-26 16:15:00,0.45960003,0.4157971,lstm
2020-12-26 16:15:00,0.39239997,0.35494557,lstm
2020-12-26 16:30:00,0.5158,0.47552902,lstm
2020-12-26 16:30:00,0.4596,0.39685452,lstm
2020-12-26 16:30:00,0.3924,0.33033425,lstm
2020-12-26 16:30:00,0.294,0.25734484,lstm
2020-12-26 16:45:00,0.4596,0.41610563,lstm
2020-12-26 16:45:00,0.39240003,0.31938618,lstm
2020-12-26 16:45:00,0.294,0.24057822,lstm
2020-12-26 16:45:00,0.1766,0.16085026,lstm
2020-12-26 17:00:00,0.3924,0.3526612,lstm
2020-12-26 17:00:00,0.294,0.24577156,lstm
2020-12-26 17:00:00,0.1766,0.16045523,lstm
2020-12-26 17:00:00,0.102,0.08820455,lstm
2020-12-26 17:15:00,0.294,0.27258325,lstm
2020-12-26 17:15:00,0.1766,0.1687664,lstm
2020-12-26 17:15:00,0.102,0.092983,lstm
2020-12-26 17:15:00,0.0598,0.038610294,lstm
2020-12-26 17:30:00,0.1766,0.18015994,lstm
2020-12-26 17:30:00,0.102,0.091815956,lstm
2020-12-26 17:30:00,0.0598,0.041444823,lstm
2020-12-26 17:30:00,0.025399998,0.009563282,lstm
2020-12-26 17:45:00,0.102,0.098719865,lstm
2020-12-26 17:45:00,0.0598,0.03835553,lstm
2020-12-26 17:45:00,0.025399998,0.008460894,lstm
2020-12-26 17:45:00,0.0039999783,-0.0023322105,lstm
2020-12-26 18:00:00,0.0598,0.048573226,lstm
2020-12-26 18:00:00,0.025399998,0.01064457,lstm
2020-12-26 18:00:00,0.003999993,-0.0055512637,lstm
2020-12-26 18:00:00,0.0,-0.006163582,lstm
2020-12-26 18:15:00,0.025399998,0.024525374,lstm
2020-12-26 18:15:00,0.003999993,0.0008378476,lstm
2020-12-26 18:15:00,0.0,-0.0068348795,lstm
2020-12-26 18:15:00,0.0,-0.0048156083,lstm
2020-12-26 18:30:00,0.003999993,0.012929499,lstm
2020-12-26 18:30:00,0.0,-0.0021874458,lstm
2020-12-26 18:30:00,0.0,-0.005574599,lstm
2020-12-26 18:30:00,0.0,-0.002930969,lstm
2020-12-26 18:45:00,0.0,0.0061603785,lstm
2020-12-26 18:45:00,0.0,-0.003286451,lstm
2020-12-26 18:45:00,0.0,-0.004164353,lstm
2020-12-26 18:45:00,0.0,-0.0014495552,lstm
2020-12-26 19:00:00,0.0,0.0024075806,lstm
2020-12-26 19:00:00,0.0,-0.0032932758,lstm
2020-12-26 19:00:00,0.0,-0.0029062927,lstm
2020-12-26 19:00:00,0.0,-0.00016474724,lstm
2020-12-26 19:15:00,0.0,0.0006748438,lstm
2020-12-26 19:15:00,0.0,-0.003296256,lstm
2020-12-26 19:15:00,0.0,-0.0021938533,lstm
2020-12-26 19:15:00,0.0,0.00033342838,lstm
2020-12-26 19:30:00,0.0,-0.000183478,lstm
2020-12-26 19:30:00,0.0,-0.0033652931,lstm
2020-12-26 19:30:00,0.0,-0.0019206554,lstm
2020-12-26 19:30:00,0.0,0.0004387796,lstm
2020-12-26 19:45:00,0.0,-0.00076682866,lstm
2020-12-26 19:45:00,0.0,-0.003537804,lstm
2020-12-26 19:45:00,0.0,-0.0019006282,lstm
2020-12-26 19:45:00,0.0,0.00046421587,lstm
2020-12-26 20:00:00,0.0,-0.0011098385,lstm
2020-12-26 20:00:00,0.0,-0.0036385208,lstm
2020-12-26 20:00:00,0.0,-0.0019069612,lstm
2020-12-26 20:00:00,0.0,0.0004969686,lstm
2020-12-26 20:15:00,0.0,-0.0012879968,lstm
2020-12-26 20:15:00,0.0,-0.003675729,lstm
2020-12-26 20:15:00,0.0,-0.001893431,lstm
2020-12-26 20:15:00,0.0,0.000525102,lstm
2020-12-26 20:30:00,0.0,-0.0013946146,lstm
2020-12-26 20:30:00,0.0,-0.0036880076,lstm
2020-12-26 20:30:00,0.0,-0.0018648952,lstm
2020-12-26 20:30:00,0.0,0.0005620569,lstm
2020-12-26 20:45:00,0.0,-0.0015445501,lstm
2020-12-26 20:45:00,0.0,-0.0038021058,lstm
2020-12-26 20:45:00,0.0,-0.001972586,lstm
2020-12-26 20:45:00,0.0,0.00053218007,lstm
2020-12-26 21:00:00,0.0,-0.0016225427,lstm
2020-12-26 21:00:00,0.0,-0.0038230568,lstm
2020-12-26 21:00:00,0.0,-0.0019863397,lstm
2020-12-26 21:00:00,0.0,0.0005583465,lstm
2020-12-26 21:15:00,0.0,-0.0016619712,lstm
2020-12-26 21:15:00,0.0,-0.0038153976,lstm
2020-12-26 21:15:00,0.0,-0.0019682646,lstm
2020-12-26 21:15:00,0.0,0.0005893558,lstm
2020-12-26 21:30:00,0.0,-0.0016828626,lstm
2020-12-26 21:30:00,0.0,-0.0038005263,lstm
2020-12-26 21:30:00,0.0,-0.0019418746,lstm
2020-12-26 21:30:00,0.0,0.0006185323,lstm
2020-12-26 21:45:00,0.0,-0.001802817,lstm
2020-12-26 21:45:00,0.0,-0.0038872808,lstm
2020-12-26 21:45:00,0.0,-0.0020608157,lstm
2020-12-26 21:45:00,0.0,0.0005837232,lstm
2020-12-26 22:00:00,0.0,-0.0018320829,lstm
2020-12-26 22:00:00,0.0,-0.0038659722,lstm
2020-12-26 22:00:00,0.0,-0.0020417273,lstm
2020-12-26 22:00:00,0.0,0.0006290972,lstm
2020-12-26 22:15:00,0.0,-0.001826182,lstm
2020-12-26 22:15:00,0.0,-0.003832683,lstm
2020-12-26 22:15:00,0.0,-0.0020121187,lstm
2020-12-26 22:15:00,0.0,0.00065527856,lstm
2020-12-26 22:30:00,0.0,-0.0018285066,lstm
2020-12-26 22:30:00,0.0,-0.0038138628,lstm
2020-12-26 22:30:00,0.0,-0.0019878298,lstm
2020-12-26 22:30:00,0.0,0.00068221986,lstm
2020-12-26 22:45:00,0.0,-0.0019362122,lstm
2020-12-26 22:45:00,0.0,-0.0038693845,lstm
2020-12-26 22:45:00,0.0,-0.002094999,lstm
2020-12-26 22:45:00,0.0,0.0006519854,lstm
2020-12-26 23:00:00,0.0,-0.00192976,lstm
2020-12-26 23:00:00,0.0,-0.003821671,lstm
2020-12-26 23:00:00,0.0,-0.0020558387,lstm
2020-12-26 23:00:00,0.0,0.0006970018,lstm
2020-12-26 23:15:00,0.0,-0.0019136816,lstm
2020-12-26 23:15:00,0.0,-0.0037859678,lstm
2020-12-26 23:15:00,0.0,-0.0020219237,lstm
2020-12-26 23:15:00,0.0,0.0007214248,lstm
2020-12-26 23:30:00,0.0,-0.0019042641,lstm
2020-12-26 23:30:00,0.0,-0.0037579983,lstm
2020-12-26 23:30:00,0.0,-0.0019913912,lstm
2020-12-26 23:30:00,0.0,0.00074744225,lstm
2020-12-26 23:45:00,0.0,-0.0019928813,lstm
2020-12-26 23:45:00,0.0,-0.0037828833,lstm
2020-12-26 23:45:00,0.0,-0.0020874143,lstm
2020-12-26 23:45:00,0.0,0.00071297586,lstm
2020-12-27 00:00:00,0.0,-0.001970172,lstm
2020-12-27 00:00:00,0.0,-0.0037188828,lstm
2020-12-27 00:00:00,0.0,-0.0020289123,lstm
2020-12-27 00:00:00,0.0,0.00076176226,lstm
2020-12-27 00:15:00,0.0,-0.0019447356,lstm
2020-12-27 00:15:00,0.0,-0.0036776364,lstm
2020-12-27 00:15:00,0.0,-0.0019892752,lstm
2020-12-27 00:15:00,0.0,0.00078096986,lstm
2020-12-27 00:30:00,0.0,-0.001934439,lstm
2020-12-27 00:30:00,0.0,-0.0036546886,lstm
2020-12-27 00:30:00,0.0,-0.0019639581,lstm
2020-12-27 00:30:00,0.0,0.00079870224,lstm
2020-12-27 00:45:00,0.0,-0.0019903183,lstm
2020-12-27 00:45:00,0.0,-0.0036489964,lstm
2020-12-27 00:45:00,0.0,-0.0020407587,lstm
2020-12-27 00:45:00,0.0,0.00076009333,lstm
2020-12-27 01:00:00,0.0,-0.0019311905,lstm
2020-12-27 01:00:00,0.0,-0.0035829246,lstm
2020-12-27 01:00:00,0.0,-0.0019898713,lstm
2020-12-27 01:00:00,0.0,0.0007774532,lstm
2020-12-27 01:15:00,0.0,-0.0018881112,lstm
2020-12-27 01:15:00,0.0,-0.0035496354,lstm
2020-12-27 01:15:00,0.0,-0.001957789,lstm
2020-12-27 01:15:00,0.0,0.0007801801,lstm
2020-12-27 01:30:00,0.0,-0.0018667132,lstm
2020-12-27 01:30:00,0.0,-0.0035362989,lstm
2020-12-27 01:30:00,0.0,-0.0019419789,lstm
2020-12-27 01:30:00,0.0,0.00078064203,lstm
2020-12-27 01:45:00,0.0,-0.001902461,lstm
2020-12-27 01:45:00,0.0,-0.003520757,lstm
2020-12-27 01:45:00,0.0,-0.0020073056,lstm
2020-12-27 01:45:00,0.0,0.0007378608,lstm
2020-12-27 02:00:00,0.0,-0.0018434674,lstm
2020-12-27 02:00:00,0.0,-0.003457442,lstm
2020-12-27 02:00:00,0.0,-0.0019535422,lstm
2020-12-27 02:00:00,0.0,0.00075018406,lstm
2020-12-27 02:15:00,0.0,-0.0018029213,lstm
2020-12-27 02:15:00,0.0,-0.0034379363,lstm
2020-12-27 02:15:00,0.0,-0.0019349307,lstm
2020-12-27 02:15:00,0.0,0.0007377714,lstm
2020-12-27 02:30:00,0.0,-0.0017802119,lstm
2020-12-27 02:30:00,0.0,-0.0034262985,lstm
2020-12-27 02:30:00,0.0,-0.0019260943,lstm
2020-12-27 02:30:00,0.0,0.00073200464,lstm
2020-12-27 02:45:00,0.0,-0.0017936528,lstm
2020-12-27 02:45:00,0.0,-0.0033959597,lstm
2020-12-27 02:45:00,0.0,-0.0019731075,lstm
2020-12-27 02:45:00,0.0,0.00069600344,lstm
2020-12-27 03:00:00,0.0,-0.0017470866,lstm
2020-12-27 03:00:00,0.0,-0.003347233,lstm
2020-12-27 03:00:00,0.0,-0.0019302964,lstm
2020-12-27 03:00:00,0.0,0.0007070899,lstm
2020-12-27 03:15:00,0.0,-0.0017160326,lstm
2020-12-27 03:15:00,0.0,-0.0033340454,lstm
2020-12-27 03:15:00,0.0,-0.0019259006,lstm
2020-12-27 03:15:00,0.0,0.0006892532,lstm
2020-12-27 03:30:00,0.0,-0.0016970634,lstm
2020-12-27 03:30:00,0.0,-0.0033399165,lstm
2020-12-27 03:30:00,0.0,-0.0019342601,lstm
2020-12-27 03:30:00,0.0,0.0006737113,lstm
2020-12-27 03:45:00,0.0,-0.0016842186,lstm
2020-12-27 03:45:00,0.0,-0.0033065826,lstm
2020-12-27 03:45:00,0.0,-0.0019685477,lstm
2020-12-27 03:45:00,0.0,0.00063350797,lstm
2020-12-27 04:00:00,0.0,-0.0016209632,lstm
2020-12-27 04:00:00,0.0,-0.0032785684,lstm
2020-12-27 04:00:00,0.0,-0.0019478947,lstm
2020-12-27 04:00:00,0.0,0.0006196946,lstm
2020-12-27 04:15:00,0.0,-0.0015823394,lstm
2020-12-27 04:15:00,0.0,-0.0032780617,lstm
2020-12-27 04:15:00,0.0,-0.0019564182,lstm
2020-12-27 04:15:00,0.0,0.0005991161,lstm
2020-12-27 04:30:00,0.0,-0.0015601665,lstm
2020-12-27 04:30:00,0.0,-0.0032882243,lstm
2020-12-27 04:30:00,0.0,-0.0019711554,lstm
2020-12-27 04:30:00,0.0,0.00058215857,lstm
2020-12-27 04:45:00,0.0,-0.0015527457,lstm
2020-12-27 04:45:00,0.0,-0.003263533,lstm
2020-12-27 04:45:00,0.0,-0.001996383,lstm
2020-12-27 04:45:00,0.0,0.00055861473,lstm
2020-12-27 05:00:00,0.0,-0.0015051365,lstm
2020-12-27 05:00:00,0.0,-0.00327003,lstm
2020-12-27 05:00:00,0.0,-0.002003044,lstm
2020-12-27 05:00:00,0.0,0.00053296983,lstm
2020-12-27 05:15:00,0.0,-0.0014743954,lstm
2020-12-27 05:15:00,0.0,-0.003298521,lstm
2020-12-27 05:15:00,0.0,-0.0020338297,lstm
2020-12-27 05:15:00,0.0,0.0005120784,lstm
2020-12-27 05:30:00,0.0,-0.0014540404,lstm
2020-12-27 05:30:00,0.0,-0.0033282936,lstm
2020-12-27 05:30:00,0.0,-0.0020685643,lstm
2020-12-27 05:30:00,0.0,0.00049361587,lstm
2020-12-27 05:45:00,0.0,-0.0014563054,lstm
2020-12-27 05:45:00,0.0,-0.0033236593,lstm
2020-12-27 05:45:00,0.0,-0.0020900816,lstm
2020-12-27 05:45:00,0.0,0.0005013943,lstm
2020-12-27 06:00:00,0.0,-0.001423195,lstm
2020-12-27 06:00:00,0.0,-0.0033615232,lstm
2020-12-27 06:00:00,0.0,-0.0021109134,lstm
2020-12-27 06:00:00,0.0,0.00050495565,lstm
2020-12-27 06:15:00,0.0,-0.0013813972,lstm
2020-12-27 06:15:00,0.0,-0.003413707,lstm
2020-12-27 06:15:00,0.0,-0.0021523088,lstm
2020-12-27 06:15:00,0.0,0.00050373375,lstm
2020-12-27 06:30:00,0.0,-0.0013414323,lstm
2020-12-27 06:30:00,0.0,-0.0034549534,lstm
2020-12-27 06:30:00,0.0,-0.0021872371,lstm
2020-12-27 06:30:00,0.0,0.0005156547,lstm
2020-12-27 06:45:00,0.0,-0.0013266206,lstm
2020-12-27 06:45:00,0.0,-0.0034608096,lstm
2020-12-27 06:45:00,0.0,-0.0021876097,lstm
2020-12-27 06:45:00,0.0,0.00058826804,lstm
2020-12-27 07:00:00,0.0,-0.0012889951,lstm
2020-12-27 07:00:00,0.0,-0.003525719,lstm
2020-12-27 07:00:00,0.0,-0.002204001,lstm
2020-12-27 07:00:00,0.0,0.0006509274,lstm
2020-12-27 07:15:00,0.0,-0.0012331158,lstm
2020-12-27 07:15:00,0.0,-0.003594488,lstm
2020-12-27 07:15:00,0.0,-0.0022372305,lstm
2020-12-27 07:15:00,0.0,0.0007187426,lstm
2020-12-27 07:30:00,0.0,-0.0011683404,lstm
2020-12-27 07:30:00,0.0,-0.0036576986,lstm
2020-12-27 07:30:00,0.0,-0.0022705346,lstm
2020-12-27 07:30:00,0.0,0.0007798523,lstm
2020-12-27 07:45:00,0.0,-0.0011173934,lstm
2020-12-27 07:45:00,0.0,-0.0036660582,lstm
2020-12-27 07:45:00,0.0,-0.0022249222,lstm
2020-12-27 07:45:00,0.0,0.0009726286,lstm
2020-12-27 08:00:00,0.0,-0.0010541826,lstm
2020-12-27 08:00:00,0.0,-0.003736809,lstm
2020-12-27 08:00:00,0.0,-0.0021888316,lstm
2020-12-27 08:00:00,0.0,0.001185149,lstm
2020-12-27 08:15:00,0.0,-0.00094881654,lstm
2020-12-27 08:15:00,0.0,-0.0038180202,lstm
2020-12-27 08:15:00,0.0,-0.0021558255,lstm
2020-12-27 08:15:00,0.0,0.0014424473,lstm
2020-12-27 08:30:00,0.0,-0.00080029666,lstm
2020-12-27 08:30:00,0.0,-0.003905505,lstm
2020-12-27 08:30:00,0.0,-0.002104953,lstm
2020-12-27 08:30:00,0.0,0.001780495,lstm
2020-12-27 08:45:00,0.0,-0.00061272085,lstm
2020-12-27 08:45:00,0.0,-0.0038869232,lstm
2020-12-27 08:45:00,0.0,-0.0018591136,lstm
2020-12-27 08:45:00,0.0,0.0025211275,lstm
2020-12-27 09:00:00,0.0,-0.00035320222,lstm
2020-12-27 09:00:00,0.0,-0.0038942993,lstm
2020-12-27 09:00:00,0.0,-0.0013412535,lstm
2020-12-27 09:00:00,0.006799996,0.0040795207,lstm
2020-12-27 09:15:00,0.0,0.00010755658,lstm
2020-12-27 09:15:00,0.0,-0.0035947561,lstm
2020-12-27 09:15:00,0.006799996,0.00036081672,lstm
2020-12-27 09:15:00,0.023399994,0.008787513,lstm
2020-12-27 09:30:00,0.0,0.00068318844,lstm
2020-12-27 09:30:00,0.006799996,-0.00049334764,lstm
2020-12-27 09:30:00,0.023399994,0.008788735,lstm
2020-12-27 09:30:00,0.022599995,0.027984932,lstm
2020-12-27 09:45:00,0.006799996,0.0014334321,lstm
2020-12-27 09:45:00,0.023399994,0.008482024,lstm
2020-12-27 09:45:00,0.022599995,0.028680488,lstm
2020-12-27 09:45:00,0.0238,0.065994084,lstm
2020-12-27 10:00:00,0.023399994,0.0077751875,lstm
2020-12-27 10:00:00,0.022599995,0.027648762,lstm
2020-12-27 10:00:00,0.0238,0.066666454,lstm
2020-12-27 10:00:00,0.025600001,0.12531337,lstm
2020-12-27 10:15:00,0.022599995,0.041749045,lstm
2020-12-27 10:15:00,0.0238,0.08515332,lstm
2020-12-27 10:15:00,0.025600001,0.1547068,lstm
2020-12-27 10:15:00,0.0484,0.23224753,lstm
2020-12-27 10:30:00,0.023799986,0.0312618,lstm
2020-12-27 10:30:00,0.025600016,0.08680539,lstm
2020-12-27 10:30:00,0.0484,0.1602163,lstm
2020-12-27 10:30:00,0.059599996,0.23026985,lstm
2020-12-27 10:45:00,0.025600001,0.024895161,lstm
2020-12-27 10:45:00,0.0484,0.07955826,lstm
2020-12-27 10:45:00,0.059599996,0.14484778,lstm
2020-12-27 10:45:00,0.0886,0.20187627,lstm
2020-12-27 11:00:00,0.0484,0.01657714,lstm
2020-12-27 11:00:00,0.059599996,0.062686086,lstm
2020-12-27 11:00:00,0.0886,0.112793215,lstm
2020-12-27 11:00:00,0.1038,0.15877008,lstm
2020-12-27 11:15:00,0.059599996,0.05544491,lstm
2020-12-27 11:15:00,0.0886,0.099423185,lstm
2020-12-27 11:15:00,0.103800006,0.13970329,lstm
2020-12-27 11:15:00,0.126,0.1801,lstm
2020-12-27 11:30:00,0.0886,0.054649845,lstm
2020-12-27 11:30:00,0.1038,0.093735814,lstm
2020-12-27 11:30:00,0.126,0.12579316,lstm
2020-12-27 11:30:00,0.2094,0.16161406,lstm
2020-12-27 11:45:00,0.1038,0.10209664,lstm
2020-12-27 11:45:00,0.126,0.1412421,lstm
2020-12-27 11:45:00,0.2094,0.16958554,lstm
2020-12-27 11:45:00,0.354,0.20086363,lstm
2020-12-27 12:00:00,0.126,0.10672599,lstm
2020-12-27 12:00:00,0.2094,0.14249663,lstm
2020-12-27 12:00:00,0.354,0.16698001,lstm
2020-12-27 12:00:00,0.4634,0.19586891,lstm
2020-12-27 12:15:00,0.2094,0.1350367,lstm
2020-12-27 12:15:00,0.354,0.16811055,lstm
2020-12-27 12:15:00,0.4634,0.18995814,lstm
2020-12-27 12:15:00,0.437,0.21599814,lstm
2020-12-27 12:30:00,0.354,0.2569455,lstm
2020-12-27 12:30:00,0.4634,0.28572276,lstm
2020-12-27 12:30:00,0.437,0.30298257,lstm
2020-12-27 12:30:00,0.45500004,0.32403153,lstm
2020-12-27 12:45:00,0.4634,0.36985287,lstm
2020-12-27 12:45:00,0.437,0.38585624,lstm
2020-12-27 12:45:00,0.45500004,0.39831075,lstm
2020-12-27 12:45:00,0.5734,0.42118907,lstm
2020-12-27 13:00:00,0.437,0.45199648,lstm
2020-12-27 13:00:00,0.455,0.46165043,lstm
2020-12-27 13:00:00,0.5734,0.47031146,lstm
2020-12-27 13:00:00,0.3838,0.4932996,lstm
2020-12-27 13:15:00,0.455,0.42462343,lstm
2020-12-27 13:15:00,0.5734,0.44056332,lstm
2020-12-27 13:15:00,0.3838,0.4448387,lstm
2020-12-27 13:15:00,0.3796,0.4543907,lstm
2020-12-27 13:30:00,0.5734,0.45924497,lstm
2020-12-27 13:30:00,0.3838,0.46458256,lstm
2020-12-27 13:30:00,0.3796,0.4620511,lstm
2020-12-27 13:30:00,0.5336,0.46873873,lstm
2020-12-27 13:45:00,0.3838,0.5796631,lstm
2020-12-27 13:45:00,0.3796,0.5713314,lstm
2020-12-27 13:45:00,0.5336,0.5577111,lstm
2020-12-27 13:45:00,0.5056,0.5660447,lstm
2020-12-27 14:00:00,0.3796,0.45166215,lstm
2020-12-27 14:00:00,0.5336,0.47427124,lstm
2020-12-27 14:00:00,0.5056,0.46234578,lstm
2020-12-27 14:00:00,0.44340003,0.4520846,lstm
2020-12-27 14:15:00,0.5336,0.4449947,lstm
2020-12-27 14:15:00,0.5056,0.44963524,lstm
2020-12-27 14:15:00,0.44340003,0.4322794,lstm
2020-12-27 14:15:00,0.6368,0.42680556,lstm
2020-12-27 14:30:00,0.5056,0.53362405,lstm
2020-12-27 14:30:00,0.4434,0.49710268,lstm
2020-12-27 14:30:00,0.6368,0.46678823,lstm
2020-12-27 14:30:00,0.6282,0.45143813,lstm
2020-12-27 14:45:00,0.4434,0.4986996,lstm
2020-12-27 14:45:00,0.6368,0.46928796,lstm
2020-12-27 14:45:00,0.6282,0.4367552,lstm
2020-12-27 14:45:00,0.5912,0.41086644,lstm
2020-12-27 15:00:00,0.63680005,0.4657827,lstm
2020-12-27 15:00:00,0.6282,0.4359816,lstm
2020-12-27 15:00:00,0.5912,0.40117264,lstm
2020-12-27 15:00:00,0.4814,0.36963966,lstm
2020-12-27 15:15:00,0.6282,0.60415053,lstm
2020-12-27 15:15:00,0.5912,0.5390406,lstm
2020-12-27 15:15:00,0.4814,0.49314916,lstm
2020-12-27 15:15:00,0.444,0.45405918,lstm
2020-12-27 15:30:00,0.5912,0.56620324,lstm
2020-12-27 15:30:00,0.48139998,0.5159795,lstm
2020-12-27 15:30:00,0.444,0.4668789,lstm
2020-12-27 15:30:00,0.4346,0.42055303,lstm
2020-12-27 15:45:00,0.48139998,0.5278326,lstm
2020-12-27 15:45:00,0.444,0.47572878,lstm
2020-12-27 15:45:00,0.4346,0.42148143,lstm
2020-12-27 15:45:00,0.3692,0.36780548,lstm
2020-12-27 16:00:00,0.444,0.45458674,lstm
2020-12-27 16:00:00,0.4346,0.40328538,lstm
2020-12-27 16:00:00,0.3692,0.3503796,lstm
2020-12-27 16:00:00,0.3698,0.29203025,lstm
2020-12-27 16:15:00,0.4346,0.4232331,lstm
2020-12-27 16:15:00,0.3692,0.35038766,lstm
2020-12-27 16:15:00,0.3698,0.29113066,lstm
2020-12-27 16:15:00,0.3262,0.22731444,lstm
2020-12-27 16:30:00,0.3692,0.42048597,lstm
2020-12-27 16:30:00,0.3698,0.32901347,lstm
2020-12-27 16:30:00,0.3262,0.25797495,lstm
2020-12-27 16:30:00,0.2966,0.18902762,lstm
2020-12-27 16:45:00,0.3698,0.36965337,lstm
2020-12-27 16:45:00,0.3262,0.26878598,lstm
2020-12-27 16:45:00,0.2966,0.19119339,lstm
2020-12-27 16:45:00,0.1822,0.121472135,lstm
2020-12-27 17:00:00,0.3262,0.3533113,lstm
2020-12-27 17:00:00,0.2966,0.2488525,lstm
2020-12-27 17:00:00,0.1822,0.16027905,lstm
2020-12-27 17:00:00,0.1064,0.09008507,lstm
2020-12-27 17:15:00,0.2966,0.29396367,lstm
2020-12-27 17:15:00,0.1822,0.19334312,lstm
2020-12-27 17:15:00,0.1064,0.107206985,lstm
2020-12-27 17:15:00,0.0632,0.048472688,lstm
2020-12-27 17:30:00,0.1822,0.23239729,lstm
2020-12-27 17:30:00,0.1064,0.14587323,lstm
2020-12-27 17:30:00,0.0632,0.06776287,lstm
2020-12-27 17:30:00,0.025199994,0.024250656,lstm
2020-12-27 17:45:00,0.1064,0.13217953,lstm
2020-12-27 17:45:00,0.0632,0.064995155,lstm
2020-12-27 17:45:00,0.025199994,0.017984316,lstm
2020-12-27 17:45:00,0.003399998,0.002055794,lstm
2020-12-27 18:00:00,0.0632,0.068552636,lstm
2020-12-27 18:00:00,0.025199994,0.022038877,lstm
2020-12-27 18:00:00,0.003399998,-0.0026725084,lstm
2020-12-27 18:00:00,0.0,-0.0050768107,lstm
2020-12-27 18:15:00,0.025199994,0.034390435,lstm
2020-12-27 18:15:00,0.003399998,0.0050282776,lstm
2020-12-27 18:15:00,0.0,-0.006467387,lstm
2020-12-27 18:15:00,0.0,-0.005137816,lstm
2020-12-27 18:30:00,0.003399998,0.015824392,lstm
2020-12-27 18:30:00,0.0,-0.0016210526,lstm
2020-12-27 18:30:00,0.0,-0.006211683,lstm
2020-12-27 18:30:00,0.0,-0.0038342178,lstm
2020-12-27 18:45:00,0.0,0.0075724274,lstm
2020-12-27 18:45:00,0.0,-0.0031345636,lstm
2020-12-27 18:45:00,0.0,-0.0045442134,lstm
2020-12-27 18:45:00,0.0,-0.0020889342,lstm
2020-12-27 19:00:00,0.0,0.003368646,lstm
2020-12-27 19:00:00,0.0,-0.0030959249,lstm
2020-12-27 19:00:00,0.0,-0.0030045956,lstm
2020-12-27 19:00:00,0.0,-0.00053553283,lstm
2020-12-27 19:15:00,0.0,0.0010139942,lstm
2020-12-27 19:15:00,0.0,-0.0031392425,lstm
2020-12-27 19:15:00,0.0,-0.002090454,lstm
2020-12-27 19:15:00,0.0,0.00018650293,lstm
2020-12-27 19:30:00,0.0,-5.2154064e-06,lstm
2020-12-27 19:30:00,0.0,-0.0032031685,lstm
2020-12-27 19:30:00,0.0,-0.0017324239,lstm
2020-12-27 19:30:00,0.0,0.00040847063,lstm
2020-12-27 19:45:00,0.0,-0.00056655705,lstm
2020-12-27 19:45:00,0.0,-0.0033736825,lstm
2020-12-27 19:45:00,0.0,-0.0017138422,lstm
2020-12-27 19:45:00,0.0,0.0004428476,lstm
2020-12-27 20:00:00,0.0,-0.0008985847,lstm
2020-12-27 20:00:00,0.0,-0.003464371,lstm
2020-12-27 20:00:00,0.0,-0.0017143339,lstm
2020-12-27 20:00:00,0.0,0.0004862398,lstm
2020-12-27 20:15:00,0.0,-0.0010799319,lstm
2020-12-27 20:15:00,0.0,-0.0034873337,lstm
2020-12-27 20:15:00,0.0,-0.0016908199,lstm
2020-12-27 20:15:00,0.0,0.00053474307,lstm
2020-12-27 20:30:00,0.0,-0.0011918098,lstm
2020-12-27 20:30:00,0.0,-0.0034941137,lstm
2020-12-27 20:30:00,0.0,-0.0016607046,lstm
2020-12-27 20:30:00,0.0,0.00057701766,lstm
2020-12-27 20:45:00,0.0,-0.0013474375,lstm
2020-12-27 20:45:00,0.0,-0.00361678,lstm
2020-12-27 20:45:00,0.0,-0.0017888546,lstm
2020-12-27 20:45:00,0.0,0.00054459274,lstm
2020-12-27 21:00:00,0.0,-0.0014248192,lstm
2020-12-27 21:00:00,0.0,-0.003616035,lstm
2020-12-27 21:00:00,0.0,-0.0017811209,lstm
2020-12-27 21:00:00,0.0,0.0005995184,lstm
2020-12-27 21:15:00,0.0,-0.0014609396,lstm
2020-12-27 21:15:00,0.0,-0.0036003292,lstm
2020-12-27 21:15:00,0.0,-0.0017552972,lstm
2020-12-27 21:15:00,0.0,0.0006380826,lstm
2020-12-27 21:30:00,0.0,-0.0014784038,lstm
2020-12-27 21:30:00,0.0,-0.0035770535,lstm
2020-12-27 21:30:00,0.0,-0.0017264634,lstm
2020-12-27 21:30:00,0.0,0.00067181885,lstm
2020-12-27 21:45:00,0.0,-0.0016115606,lstm
2020-12-27 21:45:00,0.0,-0.003679216,lstm
2020-12-27 21:45:00,0.0,-0.0018656701,lstm
2020-12-27 21:45:00,0.0,0.0006324649,lstm
2020-12-27 22:00:00,0.0,-0.0016304255,lstm
2020-12-27 22:00:00,0.0,-0.0036524385,lstm
2020-12-27 22:00:00,0.0,-0.0018469095,lstm
2020-12-27 22:00:00,0.0,0.00067824125,lstm
2020-12-27 22:15:00,0.0,-0.0016355366,lstm
2020-12-27 22:15:00,0.0,-0.0036211312,lstm
2020-12-27 22:15:00,0.0,-0.0018131137,lstm
2020-12-27 22:15:00,0.0,0.000716418,lstm
2020-12-27 22:30:00,0.0,-0.0016266704,lstm
2020-12-27 22:30:00,0.0,-0.0035945922,lstm
2020-12-27 22:30:00,0.0,-0.0017916709,lstm
2020-12-27 22:30:00,0.0,0.0007381141,lstm
2020-12-27 22:45:00,0.0,-0.001745984,lstm
2020-12-27 22:45:00,0.0,-0.003665477,lstm
2020-12-27 22:45:00,0.0,-0.0019211471,lstm
2020-12-27 22:45:00,0.0,0.0007009357,lstm
2020-12-27 23:00:00,0.0,-0.0017377883,lstm
2020-12-27 23:00:00,0.0,-0.0036102831,lstm
2020-12-27 23:00:00,0.0,-0.0018720925,lstm
2020-12-27 23:00:00,0.0,0.00075772405,lstm
2020-12-27 23:15:00,0.0,-0.0017206967,lstm
2020-12-27 23:15:00,0.0,-0.0035696626,lstm
2020-12-27 23:15:00,0.0,-0.0018328577,lstm
2020-12-27 23:15:00,0.0,0.00078576803,lstm
2020-12-27 23:30:00,0.0,-0.0016972125,lstm
2020-12-27 23:30:00,0.0,-0.0035422742,lstm
2020-12-27 23:30:00,0.0,-0.0018121898,lstm
2020-12-27 23:30:00,0.0,0.0007959306,lstm
2020-12-27 23:45:00,0.0,-0.0018113256,lstm
2020-12-27 23:45:00,0.0,-0.0035976768,lstm
2020-12-27 23:45:00,0.0,-0.0019402951,lstm
2020-12-27 23:45:00,0.0,0.000746876,lstm
2020-12-28 00:00:00,0.0,-0.0017814636,lstm
2020-12-28 00:00:00,0.0,-0.0035405457,lstm
2020-12-28 00:00:00,0.0,-0.0018931478,lstm
2020-12-28 00:00:00,0.0,0.00078061223,lstm
2020-12-28 00:15:00,0.0,-0.0017577112,lstm
2020-12-28 00:15:00,0.0,-0.003509879,lstm
2020-12-28 00:15:00,0.0,-0.0018602759,lstm
2020-12-28 00:15:00,0.0,0.0007932484,lstm
2020-12-28 00:30:00,0.0,-0.0017406344,lstm
2020-12-28 00:30:00,0.0,-0.0034893602,lstm
2020-12-28 00:30:00,0.0,-0.0018403381,lstm
2020-12-28 00:30:00,0.0,0.0007997453,lstm
2020-12-28 00:45:00,0.0,-0.0018326789,lstm
2020-12-28 00:45:00,0.0,-0.003521651,lstm
2020-12-28 00:45:00,0.0,-0.0019518584,lstm
2020-12-28 00:45:00,0.0,0.00074474514,lstm
2020-12-28 01:00:00,0.0,-0.0017873943,lstm
2020-12-28 01:00:00,0.0,-0.0034613907,lstm
2020-12-28 01:00:00,0.0,-0.0019040257,lstm
2020-12-28 01:00:00,0.0,0.00076049566,lstm
2020-12-28 01:15:00,0.0,-0.0017632842,lstm
2020-12-28 01:15:00,0.0,-0.0034378767,lstm
2020-12-28 01:15:00,0.0,-0.0018774718,lstm
2020-12-28 01:15:00,0.0,0.0007611662,lstm
2020-12-28 01:30:00,0.0,-0.0017460883,lstm
2020-12-28 01:30:00,0.0,-0.003423646,lstm
2020-12-28 01:30:00,0.0,-0.0018650293,lstm
2020-12-28 01:30:00,0.0,0.00075633824,lstm
2020-12-28 01:45:00,0.0,-0.0018175393,lstm
2020-12-28 01:45:00,0.0,-0.0034378916,lstm
2020-12-28 01:45:00,0.0,-0.0019587576,lstm
2020-12-28 01:45:00,0.0,0.00070123374,lstm
2020-12-28 02:00:00,0.0,-0.0017623603,lstm
2020-12-28 02:00:00,0.0,-0.0033816844,lstm
2020-12-28 02:00:00,0.0,-0.0019171834,lstm
2020-12-28 02:00:00,0.0,0.0006953031,lstm
2020-12-28 02:15:00,0.0,-0.0017264634,lstm
2020-12-28 02:15:00,0.0,-0.003371358,lstm
2020-12-28 02:15:00,0.0,-0.001907587,lstm
2020-12-28 02:15:00,0.0,0.000669539,lstm
2020-12-28 02:30:00,0.0,-0.0017083734,lstm
2020-12-28 02:30:00,0.0,-0.0033699274,lstm
2020-12-28 02:30:00,0.0,-0.0019050986,lstm
2020-12-28 02:30:00,0.0,0.00065389276,lstm
2020-12-28 02:45:00,0.0,-0.0017395765,lstm
2020-12-28 02:45:00,0.0,-0.0033747852,lstm
2020-12-28 02:45:00,0.0,-0.001990661,lstm
2020-12-28 02:45:00,0.0,0.0005776733,lstm
2020-12-28 03:00:00,0.0,-0.0016888231,lstm
2020-12-28 03:00:00,0.0,-0.0033417195,lstm
2020-12-28 03:00:00,0.0,-0.0019634962,lstm
2020-12-28 03:00:00,0.0,0.0005559176,lstm
2020-12-28 03:15:00,0.0,-0.00165537,lstm
2020-12-28 03:15:00,0.0,-0.0033449382,lstm
2020-12-28 03:15:00,0.0,-0.0019682795,lstm
2020-12-28 03:15:00,0.0,0.0005159378,lstm
2020-12-28 03:30:00,0.0,-0.0016321093,lstm
2020-12-28 03:30:00,0.0,-0.0033491552,lstm
2020-12-28 03:30:00,0.0,-0.001980096,lstm
2020-12-28 03:30:00,0.0,0.00048668683,lstm
2020-12-28 03:45:00,0.0,-0.0016541928,lstm
2020-12-28 03:45:00,0.0,-0.0033509433,lstm
2020-12-28 03:45:00,0.0,-0.0020459443,lstm
2020-12-28 03:45:00,0.0,0.00042448938,lstm
2020-12-28 04:00:00,0.0,-0.0016065687,lstm
2020-12-28 04:00:00,0.0,-0.0033452064,lstm
2020-12-28 04:00:00,0.0,-0.0020459443,lstm
2020-12-28 04:00:00,0.0,0.0003734082,lstm
2020-12-28 04:15:00,0.0,-0.0015667677,lstm
2020-12-28 04:15:00,0.0,-0.0033680946,lstm
2020-12-28 04:15:00,0.0,-0.0020768195,lstm
2020-12-28 04:15:00,0.0,0.00031103194,lstm
2020-12-28 04:30:00,0.0,-0.0015492737,lstm
2020-12-28 04:30:00,0.0,-0.0033910125,lstm
2020-12-28 04:30:00,0.0,-0.0021028519,lstm
2020-12-28 04:30:00,0.0,0.00027902424,lstm
2020-12-28 04:45:00,0.0,-0.0015636235,lstm
2020-12-28 04:45:00,0.0,-0.0033988953,lstm
2020-12-28 04:45:00,0.0,-0.0021645129,lstm
2020-12-28 04:45:00,0.0,0.00021868944,lstm
2020-12-28 05:00:00,0.0,-0.0015410781,lstm
2020-12-28 05:00:00,0.0,-0.0034356713,lstm
2020-12-28 05:00:00,0.0,-0.0022003502,lstm
2020-12-28 05:00:00,0.0,0.0001552254,lstm
2020-12-28 05:15:00,0.0,-0.0015152842,lstm
2020-12-28 05:15:00,0.0,-0.0034902692,lstm
2020-12-28 05:15:00,0.0,-0.002258435,lstm
2020-12-28 05:15:00,0.0,8.769333e-05,lstm
2020-12-28 05:30:00,0.0,-0.0014906526,lstm
2020-12-28 05:30:00,0.0,-0.0035394132,lstm
2020-12-28 05:30:00,0.0,-0.002312377,lstm
2020-12-28 05:30:00,0.0,3.6597252e-05,lstm
2020-12-28 05:45:00,0.0,-0.0015091598,lstm
2020-12-28 05:45:00,0.0,-0.0035730451,lstm
2020-12-28 05:45:00,0.0,-0.0023710728,lstm
2020-12-28 05:45:00,0.0,-8.791685e-07,lstm
2020-12-28 06:00:00,0.0,-0.0015025884,lstm
2020-12-28 06:00:00,0.0,-0.0036549717,lstm
2020-12-28 06:00:00,0.0,-0.002439037,lstm
2020-12-28 06:00:00,0.0,-6.109476e-05,lstm
2020-12-28 06:15:00,0.0,-0.0014789104,lstm
2020-12-28 06:15:00,0.0,-0.0037373751,lstm
2020-12-28 06:15:00,0.0,-0.0025140643,lstm
2020-12-28 06:15:00,0.0,-0.00010563433,lstm
2020-12-28 06:30:00,0.0,-0.0014470071,lstm
2020-12-28 06:30:00,0.0,-0.0038083345,lstm
2020-12-28 06:30:00,0.0,-0.0025782734,lstm
2020-12-28 06:30:00,0.0,-0.00013801455,lstm
2020-12-28 06:45:00,0.0,-0.0014428049,lstm
2020-12-28 06:45:00,0.0,-0.0038484782,lstm
2020-12-28 06:45:00,0.0,-0.0026161224,lstm
2020-12-28 06:45:00,0.0,-0.00012245774,lstm
2020-12-28 07:00:00,0.0,-0.0014338493,lstm
2020-12-28 07:00:00,0.0,-0.003961727,lstm
2020-12-28 07:00:00,0.0,-0.0026828796,lstm
2020-12-28 07:00:00,0.0,-0.00012800097,lstm
2020-12-28 07:15:00,0.0,-0.0013955384,lstm
2020-12-28 07:15:00,0.0,-0.004073292,lstm
2020-12-28 07:15:00,0.0,-0.0027497262,lstm
2020-12-28 07:15:00,0.0,-0.00011205673,lstm
2020-12-28 07:30:00,0.0,-0.0013318807,lstm
2020-12-28 07:30:00,0.0,-0.004171476,lstm
2020-12-28 07:30:00,0.0,-0.002808854,lstm
2020-12-28 07:30:00,0.0,-9.788573e-05,lstm
2020-12-28 07:45:00,0.0,-0.0012622476,lstm
2020-12-28 07:45:00,0.0,-0.004200667,lstm
2020-12-28 07:45:00,0.0,-0.0027818829,lstm
2020-12-28 07:45:00,0.0,4.1753054e-05,lstm
2020-12-28 08:00:00,0.0,-0.001185149,lstm
2020-12-28 08:00:00,0.0,-0.0043139756,lstm
2020-12-28 08:00:00,0.0,-0.00278081,lstm
2020-12-28 08:00:00,0.0,0.00018848479,lstm
2020-12-28 08:15:00,0.0,-0.0010645986,lstm
2020-12-28 08:15:00,0.0,-0.004433602,lstm
2020-12-28 08:15:00,0.0,-0.0027742237,lstm
2020-12-28 08:15:00,0.0,0.00039330125,lstm
2020-12-28 08:30:00,0.0,-0.0009019077,lstm
2020-12-28 08:30:00,0.0,-0.0045603365,lstm
2020-12-28 08:30:00,0.0,-0.00273332,lstm
2020-12-28 08:30:00,0.0,0.0006916523,lstm
2020-12-28 08:45:00,0.0,-0.00069618225,lstm
2020-12-28 08:45:00,0.0,-0.0045570433,lstm
2020-12-28 08:45:00,0.0,-0.0024848431,lstm
2020-12-28 08:45:00,0.0,0.0013854057,lstm
2020-12-28 09:00:00,0.0,-0.00041612983,lstm
2020-12-28 09:00:00,0.0,-0.0046275854,lstm
2020-12-28 09:00:00,0.0,-0.002022162,lstm
2020-12-28 09:00:00,0.00079999864,0.0027932674,lstm
2020-12-28 09:15:00,0.0,7.453561e-05,lstm
2020-12-28 09:15:00,0.0,-0.0044555813,lstm
2020-12-28 09:15:00,0.00079999864,-0.00045332313,lstm
2020-12-28 09:15:00,0.014200002,0.007117182,lstm
2020-12-28 09:30:00,0.0,0.00060366094,lstm
2020-12-28 09:30:00,0.00079999864,-0.0021183789,lstm
2020-12-28 09:30:00,0.014200002,0.0069834143,lstm
2020-12-28 09:30:00,0.048600003,0.024893865,lstm
2020-12-28 09:45:00,0.00079999864,0.0007430911,lstm
2020-12-28 09:45:00,0.014200002,0.0067469925,lstm
2020-12-28 09:45:00,0.048600003,0.027549058,lstm
2020-12-28 09:45:00,0.08,0.065894455,lstm
2020-12-28 10:00:00,0.014200002,0.0014473796,lstm
2020-12-28 10:00:00,0.048600018,0.020275936,lstm
2020-12-28 10:00:00,0.08,0.060447678,lstm
2020-12-28 10:00:00,0.142,0.12219407,lstm
2020-12-28 10:15:00,0.04859999,0.017302722,lstm
2020-12-28 10:15:00,0.08,0.04487714,lstm
2020-12-28 10:15:00,0.142,0.105689205,lstm
2020-12-28 10:15:00,0.2698,0.17728508,lstm
2020-12-28 10:30:00,0.08,0.09342751,lstm
2020-12-28 10:30:00,0.142,0.14898585,lstm
2020-12-28 10:30:00,0.2698,0.23854935,lstm
2020-12-28 10:30:00,0.3674,0.31638166,lstm
2020-12-28 10:45:00,0.142,0.14023525,lstm
2020-12-28 10:45:00,0.2698,0.22146809,lstm
2020-12-28 10:45:00,0.3674,0.3190217,lstm
2020-12-28 10:45:00,0.4046,0.38916594,lstm
2020-12-28 11:00:00,0.2698,0.23980743,lstm
2020-12-28 11:00:00,0.3674,0.32583725,lstm
2020-12-28 11:00:00,0.40459996,0.405878,lstm
2020-12-28 11:00:00,0.3784,0.46807033,lstm
2020-12-28 11:15:00,0.3674,0.36626,lstm
2020-12-28 11:15:00,0.4046,0.4354438,lstm
2020-12-28 11:15:00,0.37840003,0.49056375,lstm
2020-12-28 11:15:00,0.373,0.5535445,lstm
2020-12-28 11:30:00,0.4046,0.43850356,lstm
2020-12-28 11:30:00,0.3784,0.49330148,lstm
2020-12-28 11:30:00,0.373,0.53874844,lstm
2020-12-28 11:30:00,0.3602,0.59397495,lstm
2020-12-28 11:45:00,0.3784,0.48200804,lstm
2020-12-28 11:45:00,0.373,0.5305487,lstm
2020-12-28 11:45:00,0.3602,0.5686501,lstm
2020-12-28 11:45:00,0.363,0.6076822,lstm
2020-12-28 12:00:00,0.37300003,0.43859592,lstm
2020-12-28 12:00:00,0.3602,0.47246233,lstm
2020-12-28 12:00:00,0.363,0.48862898,lstm
2020-12-28 12:00:00,0.3612,0.5049109,lstm
2020-12-28 12:15:00,0.3602,0.42022765,lstm
2020-12-28 12:15:00,0.36299998,0.4267454,lstm
2020-12-28 12:15:00,0.3612,0.4329167,lstm
2020-12-28 12:15:00,0.199,0.44196433,lstm
2020-12-28 12:30:00,0.363,0.35976994,lstm
2020-12-28 12:30:00,0.3612,0.3521816,lstm
2020-12-28 12:30:00,0.199,0.34888417,lstm
2020-12-28 12:30:00,0.17,0.3613516,lstm
2020-12-28 12:45:00,0.3612,0.346118,lstm
2020-12-28 12:45:00,0.199,0.3373825,lstm
2020-12-28 12:45:00,0.17,0.32571286,lstm
2020-12-28 12:45:00,0.1648,0.34494483,lstm
2020-12-28 13:00:00,0.199,0.32354712,lstm
2020-12-28 13:00:00,0.17,0.3198046,lstm
2020-12-28 13:00:00,0.1648,0.30029768,lstm
2020-12-28 13:00:00,0.1622,0.3226305,lstm
2020-12-28 13:15:00,0.17,0.21836025,lstm
2020-12-28 13:15:00,0.1648,0.2122986,lstm
2020-12-28 13:15:00,0.1622,0.19061227,lstm
2020-12-28 13:15:00,0.2812,0.20818222,lstm
2020-12-28 13:30:00,0.1648,0.19994178,lstm
2020-12-28 13:30:00,0.1622,0.18470863,lstm
2020-12-28 13:30:00,0.2812,0.1587266,lstm
2020-12-28 13:30:00,0.359,0.17434968,lstm
2020-12-28 13:45:00,0.1622,0.19701824,lstm
2020-12-28 13:45:00,0.2812,0.19242975,lstm
2020-12-28 13:45:00,0.359,0.16897802,lstm
2020-12-28 13:45:00,0.4068,0.18404609,lstm
2020-12-28 14:00:00,0.2812,0.18559237,lstm
2020-12-28 14:00:00,0.359,0.1895893,lstm
2020-12-28 14:00:00,0.4068,0.17211974,lstm
2020-12-28 14:00:00,0.562,0.18464139,lstm
2020-12-28 14:15:00,0.359,0.33955568,lstm
2020-12-28 14:15:00,0.4068,0.36375034,lstm
2020-12-28 14:15:00,0.562,0.35787082,lstm
2020-12-28 14:15:00,0.6366,0.35943618,lstm
2020-12-28 14:30:00,0.4068,0.42211092,lstm
2020-12-28 14:30:00,0.562,0.45611304,lstm
2020-12-28 14:30:00,0.6366,0.45372635,lstm
2020-12-28 14:30:00,0.736,0.44170102,lstm
2020-12-28 14:45:00,0.562,0.5010652,lstm
2020-12-28 14:45:00,0.6366,0.5306805,lstm
2020-12-28 14:45:00,0.736,0.51936823,lstm
2020-12-28 14:45:00,0.727,0.5072178,lstm
2020-12-28 15:00:00,0.6366,0.63011765,lstm
2020-12-28 15:00:00,0.73599994,0.644679,lstm
2020-12-28 15:00:00,0.727,0.6352069,lstm
2020-12-28 15:00:00,0.7198,0.63401747,lstm
2020-12-28 15:15:00,0.736,0.682852,lstm
2020-12-28 15:15:00,0.727,0.69627833,lstm
2020-12-28 15:15:00,0.7198,0.6837047,lstm
2020-12-28 15:15:00,0.692,0.6826212,lstm
2020-12-28 15:30:00,0.727,0.6816727,lstm
2020-12-28 15:30:00,0.7198,0.6863396,lstm
2020-12-28 15:30:00,0.692,0.6788072,lstm
2020-12-28 15:30:00,0.6502,0.67682314,lstm
2020-12-28 15:45:00,0.7198,0.62624276,lstm
2020-12-28 15:45:00,0.692,0.63240004,lstm
2020-12-28 15:45:00,0.6502,0.6100593,lstm
2020-12-28 15:45:00,0.601,0.59518135,lstm
2020-12-28 16:00:00,0.692,0.595119,lstm
2020-12-28 16:00:00,0.6502,0.57316935,lstm
2020-12-28 16:00:00,0.601,0.5398425,lstm
2020-12-28 16:00:00,0.5462,0.5072507,lstm
2020-12-28 16:15:00,0.6502,0.5584515,lstm
2020-12-28 16:15:00,0.601,0.5037004,lstm
2020-12-28 16:15:00,0.5462,0.45673406,lstm
2020-12-28 16:15:00,0.4792,0.4027121,lstm
2020-12-28 16:30:00,0.601,0.5135492,lstm
2020-12-28 16:30:00,0.5462,0.4314065,lstm
2020-12-28 16:30:00,0.4792,0.36911482,lstm
2020-12-28 16:30:00,0.379,0.30246025,lstm
2020-12-28 16:45:00,0.5462,0.4636721,lstm
2020-12-28 16:45:00,0.4792,0.36070776,lstm
2020-12-28 16:45:00,0.379,0.28542343,lstm
2020-12-28 16:45:00,0.2324,0.20947537,lstm
2020-12-28 17:00:00,0.4792,0.41563594,lstm
2020-12-28 17:00:00,0.379,0.3023869,lstm
2020-12-28 17:00:00,0.2324,0.21533494,lstm
2020-12-28 17:00:00,0.1398,0.13748047,lstm
2020-12-28 17:15:00,0.379,0.37816566,lstm
2020-12-28 17:15:00,0.2324,0.26754987,lstm
2020-12-28 17:15:00,0.1398,0.18053336,lstm
2020-12-28 17:15:00,0.0848,0.10829813,lstm
2020-12-28 17:30:00,0.2324,0.3100328,lstm
2020-12-28 17:30:00,0.1398,0.2054138,lstm
2020-12-28 17:30:00,0.0848,0.12824959,lstm
2020-12-28 17:30:00,0.033600003,0.06836247,lstm
2020-12-28 17:45:00,0.1398,0.20252444,lstm
2020-12-28 17:45:00,0.0848,0.116814405,lstm
2020-12-28 17:45:00,0.033600017,0.06553626,lstm
2020-12-28 17:45:00,0.005799994,0.025127515,lstm
2020-12-28 18:00:00,0.084800005,0.12485285,lstm
2020-12-28 18:00:00,0.033600003,0.05930397,lstm
2020-12-28 18:00:00,0.005799994,0.026469857,lstm
2020-12-28 18:00:00,0.0,0.004464403,lstm
2020-12-28 18:15:00,0.033600003,0.06774157,lstm
2020-12-28 18:15:00,0.005799994,0.021194205,lstm
2020-12-28 18:15:00,0.0,0.0011758059,lstm
2020-12-28 18:15:00,0.0,-0.004567951,lstm
2020-12-28 18:30:00,0.005799994,0.033950105,lstm
2020-12-28 18:30:00,0.0,0.0038095117,lstm
2020-12-28 18:30:00,0.0,-0.0062740594,lstm
2020-12-28 18:30:00,0.0,-0.0058451593,lstm
2020-12-28 18:45:00,0.0,0.017098382,lstm
2020-12-28 18:45:00,0.0,-0.00093488395,lstm
2020-12-28 18:45:00,0.0,-0.005299881,lstm
2020-12-28 18:45:00,0.0,-0.0036088526,lstm
2020-12-28 19:00:00,0.0,0.0074008703,lstm
2020-12-28 19:00:00,0.0,-0.0024547875,lstm
2020-12-28 19:00:00,0.0,-0.0037611574,lstm
2020-12-28 19:00:00,0.0,-0.0015819073,lstm
2020-12-28 19:15:00,0.0,0.0032671392,lstm
2020-12-28 19:15:00,0.0,-0.002597645,lstm
2020-12-28 19:15:00,0.0,-0.002280578,lstm
2020-12-28 19:15:00,0.0,-0.0003629923,lstm
2020-12-28 19:30:00,0.0,0.0012250692,lstm
2020-12-28 19:30:00,0.0,-0.0026880503,lstm
2020-12-28 19:30:00,0.0,-0.0015184134,lstm
2020-12-28 19:30:00,0.0,0.00010788441,lstm
2020-12-28 19:45:00,0.0,0.00034180284,lstm
2020-12-28 19:45:00,0.0,-0.0028791279,lstm
2020-12-28 19:45:00,0.0,-0.0014111847,lstm
2020-12-28 19:45:00,0.0,0.00021615624,lstm
2020-12-28 20:00:00,0.0,-0.00016193092,lstm
2020-12-28 20:00:00,0.0,-0.0029784143,lstm
2020-12-28 20:00:00,0.0,-0.0013488531,lstm
2020-12-28 20:00:00,0.0,0.0003144294,lstm
2020-12-28 20:15:00,0.0,-0.00043442845,lstm
2020-12-28 20:15:00,0.0,-0.0030391067,lstm
2020-12-28 20:15:00,0.0,-0.0013266951,lstm
2020-12-28 20:15:00,0.0,0.00036089122,lstm
2020-12-28 20:30:00,0.0,-0.00060655177,lstm
2020-12-28 20:30:00,0.0,-0.0030744672,lstm
2020-12-28 20:30:00,0.0,-0.0013039559,lstm
2020-12-28 20:30:00,0.0,0.00039947033,lstm
2020-12-28 20:45:00,0.0,-0.0008211136,lstm
2020-12-28 20:45:00,0.0,-0.003256753,lstm
2020-12-28 20:45:00,0.0,-0.0014809072,lstm
2020-12-28 20:45:00,0.0,0.00033952296,lstm
2020-12-28 21:00:00,0.0,-0.00092837214,lstm
2020-12-28 21:00:00,0.0,-0.003294304,lstm
2020-12-28 21:00:00,0.0,-0.0015002936,lstm
2020-12-28 21:00:00,0.0,0.0003774017,lstm
2020-12-28 21:15:00,0.0,-0.0009920001,lstm
2020-12-28 21:15:00,0.0,-0.0033032,lstm
2020-12-28 21:15:00,0.0,-0.001488924,lstm
2020-12-28 21:15:00,0.0,0.00040704012,lstm
2020-12-28 21:30:00,0.0,-0.0010243207,lstm
2020-12-28 21:30:00,0.0,-0.0033057183,lstm
2020-12-28 21:30:00,0.0,-0.0014775842,lstm
2020-12-28 21:30:00,0.0,0.0004170239,lstm
2020-12-28 21:45:00,0.0,-0.0011853278,lstm
2020-12-28 21:45:00,0.0,-0.0034660548,lstm
2020-12-28 21:45:00,0.0,-0.001657784,lstm
2020-12-28 21:45:00,0.0,0.00034572184,lstm
2020-12-28 22:00:00,0.0,-0.0012133569,lstm
2020-12-28 22:00:00,0.0,-0.0034468472,lstm
2020-12-28 22:00:00,0.0,-0.0016523302,lstm
2020-12-28 22:00:00,0.0,0.00039483607,lstm
2020-12-28 22:15:00,0.0,-0.0012331158,lstm
2020-12-28 22:15:00,0.0,-0.0034233034,lstm
2020-12-28 22:15:00,0.0,-0.0016287565,lstm
2020-12-28 22:15:00,0.0,0.00044070184,lstm
2020-12-28 22:30:00,0.0,-0.0012429804,lstm
2020-12-28 22:30:00,0.0,-0.0033988357,lstm
2020-12-28 22:30:00,0.0,-0.0016057193,lstm
2020-12-28 22:30:00,0.0,0.00047522783,lstm
2020-12-28 22:45:00,0.0,-0.0013906956,lstm
2020-12-28 22:45:00,0.0,-0.0035185963,lstm
2020-12-28 22:45:00,0.0,-0.0017669648,lstm
2020-12-28 22:45:00,0.0,0.00041987002,lstm
2020-12-28 23:00:00,0.0,-0.0014017075,lstm
2020-12-28 23:00:00,0.0,-0.0034822226,lstm
2020-12-28 23:00:00,0.0,-0.0017401427,lstm
2020-12-28 23:00:00,0.0,0.00047402084,lstm
2020-12-28 23:15:00,0.0,-0.0014039129,lstm
2020-12-28 23:15:00,0.0,-0.0034475774,lstm
2020-12-28 23:15:00,0.0,-0.0017047673,lstm
2020-12-28 23:15:00,0.0,0.0005185008,lstm
2020-12-28 23:30:00,0.0,-0.0014024675,lstm
2020-12-28 23:30:00,0.0,-0.0034221113,lstm
2020-12-28 23:30:00,0.0,-0.0016829073,lstm
2020-12-28 23:30:00,0.0,0.00054362416,lstm
2020-12-28 23:45:00,0.0,-0.0015218854,lstm
2020-12-28 23:45:00,0.0,-0.0035107732,lstm
2020-12-28 23:45:00,0.0,-0.0018435419,lstm
2020-12-28 23:45:00,0.0,0.00047276914,lstm
2020-12-29 00:00:00,0.0,-0.0015144944,lstm
2020-12-29 00:00:00,0.0,-0.0034641474,lstm
2020-12-29 00:00:00,0.0,-0.001808837,lstm
2020-12-29 00:00:00,0.0,0.0005186498,lstm
2020-12-29 00:15:00,0.0,-0.0015192926,lstm
2020-12-29 00:15:00,0.0,-0.003446281,lstm
2020-12-29 00:15:00,0.0,-0.0017842501,lstm
2020-12-29 00:15:00,0.0,0.00054062903,lstm
2020-12-29 00:30:00,0.0,-0.0015155226,lstm
2020-12-29 00:30:00,0.0,-0.0034266263,lstm
2020-12-29 00:30:00,0.0,-0.001773715,lstm
2020-12-29 00:30:00,0.0,0.0005504638,lstm
2020-12-29 00:45:00,0.0,-0.00162673,lstm
2020-12-29 00:45:00,0.0,-0.003504768,lstm
2020-12-29 00:45:00,0.0,-0.0019218624,lstm
2020-12-29 00:45:00,0.0,0.00046615303,lstm
2020-12-29 01:00:00,0.0,-0.0016183257,lstm
2020-12-29 01:00:00,0.0,-0.0034650117,lstm
2020-12-29 01:00:00,0.0,-0.0018948168,lstm
2020-12-29 01:00:00,0.0,0.00048211217,lstm
2020-12-29 01:15:00,0.0,-0.0016234368,lstm
2020-12-29 01:15:00,0.0,-0.0034602731,lstm
2020-12-29 01:15:00,0.0,-0.0018814355,lstm
2020-12-29 01:15:00,0.0,0.00048021972,lstm
2020-12-29 01:30:00,0.0,-0.0016293675,lstm
2020-12-29 01:30:00,0.0,-0.0034601688,lstm
2020-12-29 01:30:00,0.0,-0.001869142,lstm
2020-12-29 01:30:00,0.0,0.00047576427,lstm
2020-12-29 01:45:00,0.0,-0.0017183274,lstm
2020-12-29 01:45:00,0.0,-0.0035312772,lstm
2020-12-29 01:45:00,0.0,-0.0019955784,lstm
2020-12-29 01:45:00,0.0,0.000364393,lstm
2020-12-29 02:00:00,0.0,-0.001709491,lstm
2020-12-29 02:00:00,0.0,-0.003516391,lstm
2020-12-29 02:00:00,0.0,-0.0019810796,lstm
2020-12-29 02:00:00,0.0,0.00033675134,lstm
2020-12-29 02:15:00,0.0,-0.0016943812,lstm
2020-12-29 02:15:00,0.0,-0.0035226792,lstm
2020-12-29 02:15:00,0.0,-0.0019932538,lstm
2020-12-29 02:15:00,0.0,0.0002953112,lstm
2020-12-29 02:30:00,0.0,-0.0016826391,lstm
2020-12-29 02:30:00,0.0,-0.0035331696,lstm
2020-12-29 02:30:00,0.0,-0.0019981414,lstm
2020-12-29 02:30:00,0.0,0.00026968122,lstm
2020-12-29 02:45:00,0.0,-0.0017332137,lstm
2020-12-29 02:45:00,0.0,-0.003594026,lstm
2020-12-29 02:45:00,0.0,-0.002138123,lstm
2020-12-29 02:45:00,0.0,0.00013075769,lstm
2020-12-29 03:00:00,0.0,-0.0017122328,lstm
2020-12-29 03:00:00,0.0,-0.003595233,lstm
2020-12-29 03:00:00,0.0,-0.0021510124,lstm
2020-12-29 03:00:00,0.0,7.940829e-05,lstm
2020-12-29 03:15:00,0.0,-0.0016943067,lstm
2020-12-29 03:15:00,0.0,-0.003613472,lstm
2020-12-29 03:15:00,0.0,-0.0021687597,lstm
2020-12-29 03:15:00,0.0,3.041327e-05,lstm
2020-12-29 03:30:00,0.0,-0.0016918778,lstm
2020-12-29 03:30:00,0.0,-0.0036407858,lstm
2020-12-29 03:30:00,0.0,-0.0021869838,lstm
2020-12-29 03:30:00,0.0,-1.2472272e-05,lstm
2020-12-29 03:45:00,0.0,-0.0017409176,lstm
2020-12-29 03:45:00,0.0,-0.0037048906,lstm
2020-12-29 03:45:00,0.0,-0.0023075044,lstm
2020-12-29 03:45:00,0.0,-0.00015707314,lstm
2020-12-29 04:00:00,0.0,-0.0017374754,lstm
2020-12-29 04:00:00,0.0,-0.003745675,lstm
2020-12-29 04:00:00,0.0,-0.0023515671,lstm
2020-12-29 04:00:00,0.0,-0.00025321543,lstm
2020-12-29 04:15:00,0.0,-0.0017220676,lstm
2020-12-29 04:15:00,0.0,-0.0037923455,lstm
2020-12-29 04:15:00,0.0,-0.0024015903,lstm
2020-12-29 04:15:00,0.0,-0.00033770502,lstm
2020-12-29 04:30:00,0.0,-0.0017158687,lstm
2020-12-29 04:30:00,0.0,-0.0038388073,lstm
2020-12-29 04:30:00,0.0,-0.0024182498,lstm
2020-12-29 04:30:00,0.0,-0.00039468706,lstm
2020-12-29 04:45:00,0.0,-0.0017516017,lstm
2020-12-29 04:45:00,0.0,-0.003910914,lstm
2020-12-29 04:45:00,0.0,-0.0025268793,lstm
2020-12-29 04:45:00,0.0,-0.00055244565,lstm
2020-12-29 05:00:00,0.0,-0.0017459542,lstm
2020-12-29 05:00:00,0.0,-0.003992796,lstm
2020-12-29 05:00:00,0.0,-0.0025868118,lstm
2020-12-29 05:00:00,0.0,-0.00067929924,lstm
2020-12-29 05:15:00,0.0,-0.0017067641,lstm
2020-12-29 05:15:00,0.0,-0.0040783286,lstm
2020-12-29 05:15:00,0.0,-0.002667591,lstm
2020-12-29 05:15:00,0.0,-0.00079371035,lstm
2020-12-29 05:30:00,0.0,-0.0016454905,lstm
2020-12-29 05:30:00,0.0,-0.0041397065,lstm
2020-12-29 05:30:00,0.0,-0.0027316362,lstm
2020-12-29 05:30:00,0.0,-0.0008752495,lstm
2020-12-29 05:45:00,0.0,-0.0016423315,lstm
2020-12-29 05:45:00,0.0,-0.004203722,lstm
2020-12-29 05:45:00,0.0,-0.002819106,lstm
2020-12-29 05:45:00,0.0,-0.0009685159,lstm
2020-12-29 06:00:00,0.0,-0.0016165078,lstm
2020-12-29 06:00:00,0.0,-0.0043042004,lstm
2020-12-29 06:00:00,0.0,-0.0028926432,lstm
2020-12-29 06:00:00,0.0,-0.0010551512,lstm
2020-12-29 06:15:00,0.0,-0.0015461743,lstm
2020-12-29 06:15:00,0.0,-0.0043985993,lstm
2020-12-29 06:15:00,0.0,-0.0029581636,lstm
2020-12-29 06:15:00,0.0,-0.0011130869,lstm
2020-12-29 06:30:00,0.0,-0.0014667213,lstm
2020-12-29 06:30:00,0.0,-0.0044796616,lstm
2020-12-29 06:30:00,0.0,-0.0029973984,lstm
2020-12-29 06:30:00,0.0,-0.0011432469,lstm
2020-12-29 06:45:00,0.0,-0.0014326274,lstm
2020-12-29 06:45:00,0.0,-0.004519418,lstm
2020-12-29 06:45:00,0.0,-0.0029751956,lstm
2020-12-29 06:45:00,0.0,-0.0010815263,lstm
2020-12-29 07:00:00,0.0,-0.0013718009,lstm
2020-12-29 07:00:00,0.0,-0.0046308637,lstm
2020-12-29 07:00:00,0.0,-0.0029768497,lstm
2020-12-29 07:00:00,0.0,-0.0010192245,lstm
2020-12-29 07:15:00,0.0,-0.001227811,lstm
2020-12-29 07:15:00,0.0,-0.004752621,lstm
2020-12-29 07:15:00,0.0,-0.0030089468,lstm
2020-12-29 07:15:00,0.0,-0.0009304434,lstm
2020-12-29 07:30:00,0.0,-0.0010536909,lstm
2020-12-29 07:30:00,0.0,-0.004868105,lstm
2020-12-29 07:30:00,0.0,-0.0030192435,lstm
2020-12-29 07:30:00,0.0,-0.0008055568,lstm
2020-12-29 07:45:00,0.0,-0.00091563165,lstm
2020-12-29 07:45:00,0.0,-0.0048325807,lstm
2020-12-29 07:45:00,0.0,-0.0027302504,lstm
2020-12-29 07:45:00,0.0,-0.0003118515,lstm
2020-12-29 08:00:00,0.0,-0.00074644387,lstm
2020-12-29 08:00:00,0.0,-0.00486131,lstm
2020-12-29 08:00:00,0.0,-0.0023622066,lstm
2020-12-29 08:00:00,0.0,0.00034970045,lstm
2020-12-29 08:15:00,0.0,-0.00043280423,lstm
2020-12-29 08:15:00,0.0,-0.004874274,lstm
2020-12-29 08:15:00,0.0,-0.0018781424,lstm
2020-12-29 08:15:00,0.0,0.001268819,lstm
2020-12-29 08:30:00,0.0,-7.405877e-06,lstm
2020-12-29 08:30:00,0.0,-0.0048819184,lstm
2020-12-29 08:30:00,0.0,-0.0012978315,lstm
2020-12-29 08:30:00,0.0,0.0024787635,lstm
2020-12-29 08:45:00,0.0,0.00057697296,lstm
2020-12-29 08:45:00,0.0,-0.0045372844,lstm
2020-12-29 08:45:00,0.0,-9.0673566e-05,lstm
2020-12-29 08:45:00,0.0,0.004716143,lstm
2020-12-29 09:00:00,0.0,0.0013162494,lstm
2020-12-29 09:00:00,0.0,-0.0039941072,lstm
2020-12-29 09:00:00,0.0,0.0019090325,lstm
2020-12-29 09:00:00,0.0031999946,0.008742258,lstm
2020-12-29 09:15:00,0.0,0.0023686439,lstm
2020-12-29 09:15:00,0.0,-0.0025736988,lstm
2020-12-29 09:15:00,0.0031999946,0.0064502656,lstm
2020-12-29 09:15:00,0.018399999,0.018265724,lstm
2020-12-29 09:30:00,0.0,0.0034440309,lstm
2020-12-29 09:30:00,0.0031999797,0.0037618876,lstm
2020-12-29 09:30:00,0.018399999,0.022956446,lstm
2020-12-29 09:30:00,0.060599998,0.05150239,lstm
2020-12-29 09:45:00,0.0031999946,0.0026043802,lstm
2020-12-29 09:45:00,0.018399999,0.019148752,lstm
2020-12-29 09:45:00,0.060599998,0.05728233,lstm
2020-12-29 09:45:00,0.1158,0.11574735,lstm
2020-12-29 10:00:00,0.018399999,0.007304594,lstm
2020-12-29 10:00:00,0.060599998,0.0404827,lstm
2020-12-29 10:00:00,0.1158,0.10462327,lstm
2020-12-29 10:00:00,0.1986,0.18763329,lstm
2020-12-29 10:15:00,0.060599998,0.045687422,lstm
2020-12-29 10:15:00,0.1158,0.097170725,lstm
2020-12-29 10:15:00,0.1986,0.18975823,lstm
2020-12-29 10:15:00,0.3492,0.2775107,lstm
2020-12-29 10:30:00,0.1158,0.12530336,lstm
2020-12-29 10:30:00,0.1986,0.20104755,lstm
2020-12-29 10:30:00,0.3492,0.30736238,lstm
2020-12-29 10:30:00,0.47119993,0.38426328,lstm
2020-12-29 10:45:00,0.1986,0.22301045,lstm
2020-12-29 10:45:00,0.3492,0.31072068,lstm
2020-12-29 10:45:00,0.4712,0.4030831,lstm
2020-12-29 10:45:00,0.546,0.46173114,lstm
2020-12-29 11:00:00,0.3492,0.32962805,lstm
2020-12-29 11:00:00,0.4712,0.40553755,lstm
2020-12-29 11:00:00,0.546,0.46821547,lstm
2020-12-29 11:00:00,0.6106,0.51871014,lstm
2020-12-29 11:15:00,0.4712,0.43036878,lstm
2020-12-29 11:15:00,0.546,0.48565462,lstm
2020-12-29 11:15:00,0.6106,0.53649324,lstm
2020-12-29 11:15:00,0.6626,0.5865603,lstm
2020-12-29 11:30:00,0.546,0.50626004,lstm
2020-12-29 11:30:00,0.6106,0.54576236,lstm
2020-12-29 11:30:00,0.6626,0.5944926,lstm
2020-12-29 11:30:00,0.7054,0.6326129,lstm
2020-12-29 11:45:00,0.6106,0.5697665,lstm
2020-12-29 11:45:00,0.6626,0.5995537,lstm
2020-12-29 11:45:00,0.7054,0.6477148,lstm
2020-12-29 11:45:00,0.7016,0.6672132,lstm
2020-12-29 12:00:00,0.6626,0.6166,lstm
2020-12-29 12:00:00,0.7054,0.63882744,lstm
2020-12-29 12:00:00,0.7016,0.6846683,lstm
2020-12-29 12:00:00,0.5464,0.6963429,lstm
2020-12-29 12:15:00,0.7054,0.64693093,lstm
2020-12-29 12:15:00,0.70159996,0.665938,lstm
2020-12-29 12:15:00,0.5464,0.7060876,lstm
2020-12-29 12:15:00,0.5226,0.7180496,lstm
2020-12-29 12:30:00,0.7016,0.66670954,lstm
2020-12-29 12:30:00,0.5464,0.6832521,lstm
2020-12-29 12:30:00,0.5226,0.7145637,lstm
2020-12-29 12:30:00,0.5268,0.7281777,lstm
2020-12-29 12:45:00,0.5464,0.6138201,lstm
2020-12-29 12:45:00,0.5226,0.6180486,lstm
2020-12-29 12:45:00,0.5268,0.6268351,lstm
2020-12-29 12:45:00,0.51039994,0.6304718,lstm
2020-12-29 13:00:00,0.5226,0.35360545,lstm
2020-12-29 13:00:00,0.5268,0.33546233,lstm
2020-12-29 13:00:00,0.5104,0.334009,lstm
2020-12-29 13:00:00,0.538,0.3183779,lstm
2020-12-29 13:15:00,0.5268,0.29035324,lstm
2020-12-29 13:15:00,0.5104,0.24826622,lstm
2020-12-29 13:15:00,0.538,0.24530374,lstm
2020-12-29 13:15:00,0.48000002,0.25131983,lstm
2020-12-29 13:30:00,0.51039994,0.28346768,lstm
2020-12-29 13:30:00,0.538,0.25021273,lstm
2020-12-29 13:30:00,0.48000002,0.23255591,lstm
2020-12-29 13:30:00,0.4084,0.24729979,lstm
2020-12-29 13:45:00,0.538,0.23801923,lstm
2020-12-29 13:45:00,0.48,0.21155241,lstm
2020-12-29 13:45:00,0.4084,0.17706569,lstm
2020-12-29 13:45:00,0.3716,0.18474708,lstm
2020-12-29 14:00:00,0.48,0.26780367,lstm
2020-12-29 14:00:00,0.4084,0.24256565,lstm
2020-12-29 14:00:00,0.3716,0.20217639,lstm
2020-12-29 14:00:00,0.3486,0.2017613,lstm
2020-12-29 14:15:00,0.4084,0.19327325,lstm
2020-12-29 14:15:00,0.3716,0.17523177,lstm
2020-12-29 14:15:00,0.3486,0.1377644,lstm
2020-12-29 14:15:00,0.339,0.12494106,lstm
2020-12-29 14:30:00,0.3716,0.14863774,lstm
2020-12-29 14:30:00,0.3486,0.13589945,lstm
2020-12-29 14:30:00,0.339,0.09870679,lstm
2020-12-29 14:30:00,0.3272,0.082448475,lstm
2020-12-29 14:45:00,0.3486,0.12346903,lstm
2020-12-29 14:45:00,0.339,0.11463328,lstm
2020-12-29 14:45:00,0.3272,0.080181755,lstm
2020-12-29 14:45:00,0.3134,0.064608365,lstm
2020-12-29 15:00:00,0.339,0.10135537,lstm
2020-12-29 15:00:00,0.3272,0.09662758,lstm
2020-12-29 15:00:00,0.3134,0.06684907,lstm
2020-12-29 15:00:00,0.2924,0.054943606,lstm
2020-12-29 15:15:00,0.3272,0.07878353,lstm
2020-12-29 15:15:00,0.3134,0.077847496,lstm
2020-12-29 15:15:00,0.2924,0.05613756,lstm
2020-12-29 15:15:00,0.2834,0.04631971,lstm
2020-12-29 15:30:00,0.3134,0.06211835,lstm
2020-12-29 15:30:00,0.2924,0.06559312,lstm
2020-12-29 15:30:00,0.2834,0.057383344,lstm
2020-12-29 15:30:00,0.2656,0.0495999,lstm
2020-12-29 15:45:00,0.2924,0.05250886,lstm
2020-12-29 15:45:00,0.2834,0.05967854,lstm
2020-12-29 15:45:00,0.2656,0.061323747,lstm
2020-12-29 15:45:00,0.238,0.05744466,lstm
2020-12-29 16:00:00,0.2834,0.0474374,lstm
2020-12-29 16:00:00,0.2656,0.05545035,lstm
2020-12-29 16:00:00,0.238,0.060646713,lstm
2020-12-29 16:00:00,0.2672,0.06163454,lstm
2020-12-29 16:15:00,0.2656,0.05136484,lstm
2020-12-29 16:15:00,0.238,0.060104057,lstm
2020-12-29 16:15:00,0.2672,0.06529063,lstm
2020-12-29 16:15:00,0.2662,0.068419695,lstm
2020-12-29 16:30:00,0.238,0.072620675,lstm
2020-12-29 16:30:00,0.2672,0.08043342,lstm
2020-12-29 16:30:00,0.2662,0.079529345,lstm
2020-12-29 16:30:00,0.2264,0.083294235,lstm
2020-12-29 16:45:00,0.2672,0.09693548,lstm
2020-12-29 16:45:00,0.2662,0.10205901,lstm
2020-12-29 16:45:00,0.2264,0.08875954,lstm
2020-12-29 16:45:00,0.2094,0.09022721,lstm
2020-12-29 17:00:00,0.2662,0.100231394,lstm
2020-12-29 17:00:00,0.2264,0.11053681,lstm
2020-12-29 17:00:00,0.2094,0.08763106,lstm
2020-12-29 17:00:00,0.1448,0.08208139,lstm
2020-12-29 17:15:00,0.2264,0.119797245,lstm
2020-12-29 17:15:00,0.2094,0.12365478,lstm
2020-12-29 17:15:00,0.1448,0.08308759,lstm
2020-12-29 17:15:00,0.0866,0.06917114,lstm
2020-12-29 17:30:00,0.2094,0.13395439,lstm
2020-12-29 17:30:00,0.1448,0.123088546,lstm
2020-12-29 17:30:00,0.0866,0.064367,lstm
2020-12-29 17:30:00,0.035400018,0.049202487,lstm
2020-12-29 17:45:00,0.1448,0.13153717,lstm
2020-12-29 17:45:00,0.0866,0.11515358,lstm
2020-12-29 17:45:00,0.035400003,0.048496842,lstm
2020-12-29 17:45:00,0.0062000006,0.03375338,lstm
2020-12-29 18:00:00,0.0866,0.0994401,lstm
2020-12-29 18:00:00,0.035400003,0.07400732,lstm
2020-12-29 18:00:00,0.0062000006,0.021712452,lstm
2020-12-29 18:00:00,0.0,0.013616756,lstm
2020-12-29 18:15:00,0.035400003,0.05911106,lstm
2020-12-29 18:15:00,0.0062000006,0.030920655,lstm
2020-12-29 18:15:00,0.0,0.003872916,lstm
2020-12-29 18:15:00,0.0,-0.0010547936,lstm
2020-12-29 18:30:00,0.0062000006,0.029909432,lstm
2020-12-29 18:30:00,0.0,0.006144926,lstm
2020-12-29 18:30:00,0.0,-0.0044843107,lstm
2020-12-29 18:30:00,0.0,-0.0067899376,lstm
2020-12-29 18:45:00,0.0,0.014782459,lstm
2020-12-29 18:45:00,0.0,-0.0016279966,lstm
2020-12-29 18:45:00,0.0,-0.005361229,lstm
2020-12-29 18:45:00,0.0,-0.005718872,lstm
2020-12-29 19:00:00,0.0,0.006765306,lstm
2020-12-29 19:00:00,0.0,-0.0030542463,lstm
2020-12-29 19:00:00,0.0,-0.0040797293,lstm
2020-12-29 19:00:00,0.0,-0.0030767322,lstm
2020-12-29 19:15:00,0.0,0.0031159818,lstm
2020-12-29 19:15:00,0.0,-0.0030718595,lstm
2020-12-29 19:15:00,0.0,-0.0026411265,lstm
2020-12-29 19:15:00,0.0,-0.0013660789,lstm
2020-12-29 19:30:00,0.0,0.0013727397,lstm
2020-12-29 19:30:00,0.0,-0.0030500293,lstm
2020-12-29 19:30:00,0.0,-0.0018318295,lstm
2020-12-29 19:30:00,0.0,-0.00065378845,lstm
2020-12-29 19:45:00,0.0,0.00046753883,lstm
2020-12-29 19:45:00,0.0,-0.0031761527,lstm
2020-12-29 19:45:00,0.0,-0.001613304,lstm
2020-12-29 19:45:00,0.0,-0.00037425756,lstm
2020-12-29 20:00:00,0.0,-4.324317e-05,lstm
2020-12-29 20:00:00,0.0,-0.003225997,lstm
2020-12-29 20:00:00,0.0,-0.0014719516,lstm
2020-12-29 20:00:00,0.0,-0.00016027689,lstm
2020-12-29 20:15:00,0.0,-0.00032441318,lstm
2020-12-29 20:15:00,0.0,-0.0032350868,lstm
2020-12-29 20:15:00,0.0,-0.001383245,lstm
2020-12-29 20:15:00,0.0,-2.4482608e-05,lstm
2020-12-29 20:30:00,0.0,-0.00047177076,lstm
2020-12-29 20:30:00,0.0,-0.0032284856,lstm
2020-12-29 20:30:00,0.0,-0.0013422817,lstm
2020-12-29 20:30:00,0.0,6.432831e-05,lstm
2020-12-29 20:45:00,0.0,-0.0006556064,lstm
2020-12-29 20:45:00,0.0,-0.0033707172,lstm
2020-12-29 20:45:00,0.0,-0.001514852,lstm
2020-12-29 20:45:00,0.0,6.1526895e-05,lstm
2020-12-29 21:00:00,0.0,-0.0007958263,lstm
2020-12-29 21:00:00,0.0,-0.0033896565,lstm
2020-12-29 21:00:00,0.0,-0.0015297085,lstm
2020-12-29 21:00:00,0.0,0.00017258525,lstm
2020-12-29 21:15:00,0.0,-0.0008818358,lstm
2020-12-29 21:15:00,0.0,-0.003372386,lstm
2020-12-29 21:15:00,0.0,-0.0015128851,lstm
2020-12-29 21:15:00,0.0,0.0002734065,lstm
2020-12-29 21:30:00,0.0,-0.00093726814,lstm
2020-12-29 21:30:00,0.0,-0.0033486485,lstm
2020-12-29 21:30:00,0.0,-0.0014959276,lstm
2020-12-29 21:30:00,0.0,0.00034883618,lstm
2020-12-29 21:45:00,0.0,-0.0011141598,lstm
2020-12-29 21:45:00,0.0,-0.00347659,lstm
2020-12-29 21:45:00,0.0,-0.0016693324,lstm
2020-12-29 21:45:00,0.0,0.00033514202,lstm
2020-12-29 22:00:00,0.0,-0.0011723042,lstm
2020-12-29 22:00:00,0.0,-0.0034549981,lstm
2020-12-29 22:00:00,0.0,-0.0016590208,lstm
2020-12-29 22:00:00,0.0,0.00041924417,lstm
2020-12-29 22:15:00,0.0,-0.0012078732,lstm
2020-12-29 22:15:00,0.0,-0.0034295619,lstm
2020-12-29 22:15:00,0.0,-0.0016388595,lstm
2020-12-29 22:15:00,0.0,0.000480026,lstm
2020-12-29 22:30:00,0.0,-0.0012268126,lstm
2020-12-29 22:30:00,0.0,-0.0033961236,lstm
2020-12-29 22:30:00,0.0,-0.0016151518,lstm
2020-12-29 22:30:00,0.0,0.00053206086,lstm
2020-12-29 22:45:00,0.0,-0.0013824701,lstm
2020-12-29 22:45:00,0.0,-0.0035063922,lstm
2020-12-29 22:45:00,0.0,-0.0017864406,lstm
2020-12-29 22:45:00,0.0,0.00048577785,lstm
2020-12-29 23:00:00,0.0,-0.0013967007,lstm
2020-12-29 23:00:00,0.0,-0.0034585,lstm
2020-12-29 23:00:00,0.0,-0.0017538071,lstm
2020-12-29 23:00:00,0.0,0.00055477023,lstm
2020-12-29 23:15:00,0.0,-0.001403451,lstm
2020-12-29 23:15:00,0.0,-0.0034261495,lstm
2020-12-29 23:15:00,0.0,-0.0017282516,lstm
2020-12-29 23:15:00,0.0,0.00059498847,lstm
2020-12-29 23:30:00,0.0,-0.0014049858,lstm
2020-12-29 23:30:00,0.0,-0.0033940375,lstm
2020-12-29 23:30:00,0.0,-0.0017056316,lstm
2020-12-29 23:30:00,0.0,0.00062920153,lstm
2020-12-29 23:45:00,0.0,-0.0015462935,lstm
2020-12-29 23:45:00,0.0,-0.0034884214,lstm
2020-12-29 23:45:00,0.0,-0.0018728226,lstm
2020-12-29 23:45:00,0.0,0.00055989623,lstm
2020-12-30 00:00:00,0.0,-0.0015463233,lstm
2020-12-30 00:00:00,0.0,-0.0034423769,lstm
2020-12-30 00:00:00,0.0,-0.0018334687,lstm
2020-12-30 00:00:00,0.0,0.0006045252,lstm
2020-12-30 00:15:00,0.0,-0.0015482157,lstm
2020-12-30 00:15:00,0.0,-0.003422141,lstm
2020-12-30 00:15:00,0.0,-0.0018102825,lstm
2020-12-30 00:15:00,0.0,0.00062021613,lstm
2020-12-30 00:30:00,0.0,-0.0015437454,lstm
2020-12-30 00:30:00,0.0,-0.003402114,lstm
2020-12-30 00:30:00,0.0,-0.0017959177,lstm
2020-12-30 00:30:00,0.0,0.0006310791,lstm
2020-12-30 00:45:00,0.0,-0.0016668588,lstm
2020-12-30 00:45:00,0.0,-0.0034871995,lstm
2020-12-30 00:45:00,0.0,-0.0019450635,lstm
2020-12-30 00:45:00,0.0,0.0005481839,lstm
2020-12-30 01:00:00,0.0,-0.001654923,lstm
2020-12-30 01:00:00,0.0,-0.0034428537,lstm
2020-12-30 01:00:00,0.0,-0.0019020438,lstm
2020-12-30 01:00:00,0.0,0.0005713552,lstm
2020-12-30 01:15:00,0.0,-0.0016520321,lstm
2020-12-30 01:15:00,0.0,-0.0034371614,lstm
2020-12-30 01:15:00,0.0,-0.0018804818,lstm
2020-12-30 01:15:00,0.0,0.0005674809,lstm
2020-12-30 01:30:00,0.0,-0.0016343892,lstm
2020-12-30 01:30:00,0.0,-0.0034240484,lstm
2020-12-30 01:30:00,0.0,-0.0018755347,lstm
2020-12-30 01:30:00,0.0,0.0005571991,lstm
2020-12-30 01:45:00,0.0,-0.00170739,lstm
2020-12-30 01:45:00,0.0,-0.0034817308,lstm
2020-12-30 01:45:00,0.0,-0.0020139217,lstm
2020-12-30 01:45:00,0.0,0.0004542768,lstm
2020-12-30 02:00:00,0.0,-0.0016814321,lstm
2020-12-30 02:00:00,0.0,-0.0034536123,lstm
2020-12-30 02:00:00,0.0,-0.0019890964,lstm
2020-12-30 02:00:00,0.0,0.00044298172,lstm
2020-12-30 02:15:00,0.0,-0.0016589165,lstm
2020-12-30 02:15:00,0.0,-0.0034525692,lstm
2020-12-30 02:15:00,0.0,-0.0019913763,lstm
2020-12-30 02:15:00,0.0,0.00041033328,lstm
2020-12-30 02:30:00,0.0,-0.0016383678,lstm
2020-12-30 02:30:00,0.0,-0.0034520924,lstm
2020-12-30 02:30:00,0.0,-0.0019987524,lstm
2020-12-30 02:30:00,0.0,0.0003862381,lstm
2020-12-30 02:45:00,0.0,-0.0016960949,lstm
2020-12-30 02:45:00,0.0,-0.0035077184,lstm
2020-12-30 02:45:00,0.0,-0.0021193773,lstm
2020-12-30 02:45:00,0.0,0.00027354062,lstm
2020-12-30 03:00:00,0.0,-0.001672715,lstm
2020-12-30 03:00:00,0.0,-0.0035032928,lstm
2020-12-30 03:00:00,0.0,-0.0021178275,lstm
2020-12-30 03:00:00,0.0,0.00022526085,lstm
2020-12-30 03:15:00,0.0,-0.0016502887,lstm
2020-12-30 03:15:00,0.0,-0.003522426,lstm
2020-12-30 03:15:00,0.0,-0.00214006,lstm
2020-12-30 03:15:00,0.0,0.00017015636,lstm
2020-12-30 03:30:00,0.0,-0.0016257465,lstm
2020-12-30 03:30:00,0.0,-0.0035350323,lstm
2020-12-30 03:30:00,0.0,-0.0021566004,lstm
2020-12-30 03:30:00,0.0,0.00013504922,lstm
2020-12-30 03:45:00,0.0,-0.0016520619,lstm
2020-12-30 03:45:00,0.0,-0.0035726428,lstm
2020-12-30 03:45:00,0.0,-0.002253428,lstm
2020-12-30 03:45:00,0.0,2.9489398e-05,lstm
2020-12-30 04:00:00,0.0,-0.0016216487,lstm
2020-12-30 04:00:00,0.0,-0.0035916269,lstm
2020-12-30 04:00:00,0.0,-0.0022848248,lstm
2020-12-30 04:00:00,0.0,-4.979968e-05,lstm
2020-12-30 04:15:00,0.0,-0.0015933067,lstm
2020-12-30 04:15:00,0.0,-0.0036243498,lstm
2020-12-30 04:15:00,0.0,-0.0023166388,lstm
2020-12-30 04:15:00,0.0,-0.00010871887,lstm
2020-12-30 04:30:00,0.0,-0.0015652776,lstm
2020-12-30 04:30:00,0.0,-0.0036549568,lstm
2020-12-30 04:30:00,0.0,-0.002357006,lstm
2020-12-30 04:30:00,0.0,-0.0001656264,lstm
2020-12-30 04:45:00,0.0,-0.0015849024,lstm
2020-12-30 04:45:00,0.0,-0.0036978275,lstm
2020-12-30 04:45:00,0.0,-0.0024497062,lstm
2020-12-30 04:45:00,0.0,-0.00026760995,lstm
2020-12-30 05:00:00,0.0,-0.0015777051,lstm
2020-12-30 05:00:00,0.0,-0.003762424,lstm
2020-12-30 05:00:00,0.0,-0.0025069416,lstm
2020-12-30 05:00:00,0.0,-0.00036296248,lstm
2020-12-30 05:15:00,0.0,-0.001554653,lstm
2020-12-30 05:15:00,0.0,-0.003836915,lstm
2020-12-30 05:15:00,0.0,-0.0025793016,lstm
2020-12-30 05:15:00,0.0,-0.00045260787,lstm
2020-12-30 05:30:00,0.0,-0.0015154034,lstm
2020-12-30 05:30:00,0.0,-0.0038994402,lstm
2020-12-30 05:30:00,0.0,-0.0026453137,lstm
2020-12-30 05:30:00,0.0,-0.0005259514,lstm
2020-12-30 05:45:00,0.0,-0.0015267283,lstm
2020-12-30 05:45:00,0.0,-0.003952235,lstm
2020-12-30 05:45:00,0.0,-0.0027201325,lstm
2020-12-30 05:45:00,0.0,-0.0005932003,lstm
2020-12-30 06:00:00,0.0,-0.0015207529,lstm
2020-12-30 06:00:00,0.0,-0.004059136,lstm
2020-12-30 06:00:00,0.0,-0.002804175,lstm
2020-12-30 06:00:00,0.0,-0.00068448484,lstm
2020-12-30 06:15:00,0.0,-0.0014777482,lstm
2020-12-30 06:15:00,0.0,-0.0041685104,lstm
2020-12-30 06:15:00,0.0,-0.0028980672,lstm
2020-12-30 06:15:00,0.0,-0.0007658154,lstm
2020-12-30 06:30:00,0.0,-0.0014003366,lstm
2020-12-30 06:30:00,0.0,-0.004262075,lstm
2020-12-30 06:30:00,0.0,-0.0029788166,lstm
2020-12-30 06:30:00,0.0,-0.0008394718,lstm
2020-12-30 06:45:00,0.0,-0.001378864,lstm
2020-12-30 06:45:00,0.0,-0.004324645,lstm
2020-12-30 06:45:00,0.0,-0.0030120462,lstm
2020-12-30 06:45:00,0.0,-0.00081782043,lstm
2020-12-30 07:00:00,0.0,-0.0013425648,lstm
2020-12-30 07:00:00,0.0,-0.0044653118,lstm
2020-12-30 07:00:00,0.0,-0.0030735582,lstm
2020-12-30 07:00:00,0.0,-0.0008073449,lstm
2020-12-30 07:15:00,0.0,-0.0012301654,lstm
2020-12-30 07:15:00,0.0,-0.0045922846,lstm
2020-12-30 07:15:00,0.0,-0.0031114668,lstm
2020-12-30 07:15:00,0.0,-0.0007543117,lstm
2020-12-30 07:30:00,0.0,-0.0010631233,lstm
2020-12-30 07:30:00,0.0,-0.004709199,lstm
2020-12-30 07:30:00,0.0,-0.0031490475,lstm
2020-12-30 07:30:00,0.0,-0.0006965697,lstm
2020-12-30 07:45:00,0.0,-0.0008982867,lstm
2020-12-30 07:45:00,0.0,-0.00470978,lstm
2020-12-30 07:45:00,0.0,-0.003026098,lstm
2020-12-30 07:45:00,0.0,-0.0003823936,lstm
2020-12-30 08:00:00,0.0,-0.00072674453,lstm
2020-12-30 08:00:00,0.0,-0.0048015863,lstm
2020-12-30 08:00:00,0.0,-0.0029206276,lstm
2020-12-30 08:00:00,0.0,-1.591444e-05,lstm
2020-12-30 08:15:00,0.0,-0.00048461556,lstm
2020-12-30 08:15:00,0.0,-0.0048968047,lstm
2020-12-30 08:15:00,0.0,-0.0027438551,lstm
2020-12-30 08:15:00,0.0,0.0005096197,lstm
2020-12-30 08:30:00,0.0,-0.00014954805,lstm
2020-12-30 08:30:00,0.0,-0.0050046146,lstm
2020-12-30 08:30:00,0.0,-0.002513066,lstm
2020-12-30 08:30:00,0.0,0.0011853427,lstm
2020-12-30 08:45:00,0.0,0.00026245415,lstm
2020-12-30 08:45:00,0.0,-0.004895568,lstm
2020-12-30 08:45:00,0.0,-0.0019687116,lstm
2020-12-30 08:45:00,0.0,0.002484873,lstm
2020-12-30 09:00:00,0.0,0.00075127184,lstm
2020-12-30 09:00:00,0.0,-0.0047358274,lstm
2020-12-30 09:00:00,0.0,-0.00091189146,lstm
2020-12-30 09:00:00,0.0046000034,0.005049601,lstm
2020-12-30 09:15:00,0.0,0.0014542043,lstm
2020-12-30 09:15:00,0.0,-0.0040830523,lstm
2020-12-30 09:15:00,0.0046000034,0.0018396378,lstm
2020-12-30 09:15:00,0.024800003,0.011681065,lstm
2020-12-30 09:30:00,0.0,0.0020729005,lstm
2020-12-30 09:30:00,0.0046000034,-5.340576e-05,lstm
2020-12-30 09:30:00,0.024800003,0.013119146,lstm
2020-12-30 09:30:00,0.0802,0.036359057,lstm
2020-12-30 09:45:00,0.0046000034,0.0016408414,lstm
2020-12-30 09:45:00,0.024800003,0.01130414,lstm
2020-12-30 09:45:00,0.0802,0.03929645,lstm
2020-12-30 09:45:00,0.1288,0.08691542,lstm
2020-12-30 10:00:00,0.024800003,0.014896184,lstm
2020-12-30 10:00:00,0.0802,0.050118893,lstm
2020-12-30 10:00:00,0.1288,0.11417251,lstm
2020-12-30 10:00:00,0.2144,0.19698057,lstm
2020-12-30 10:15:00,0.0802,0.062219054,lstm
2020-12-30 10:15:00,0.1288,0.12240674,lstm
2020-12-30 10:15:00,0.2144,0.21991882,lstm
2020-12-30 10:15:00,0.3686,0.30923542,lstm
2020-12-30 10:30:00,0.1288,0.16183256,lstm
2020-12-30 10:30:00,0.2144,0.2505324,lstm
2020-12-30 10:30:00,0.3686,0.36414692,lstm
2020-12-30 10:30:00,0.4444,0.44538057,lstm
2020-12-30 10:45:00,0.2144,0.24145314,lstm
2020-12-30 10:45:00,0.3686,0.34043378,lstm
2020-12-30 10:45:00,0.4444,0.43481654,lstm
2020-12-30 10:45:00,0.5096,0.5004907,lstm
2020-12-30 11:00:00,0.3686,0.35515004,lstm
2020-12-30 11:00:00,0.4444,0.44182798,lstm
2020-12-30 11:00:00,0.5096,0.50714356,lstm
2020-12-30 11:00:00,0.55579996,0.56724447,lstm
2020-12-30 11:15:00,0.4444,0.45598108,lstm
2020-12-30 11:15:00,0.5096,0.52258205,lstm
2020-12-30 11:15:00,0.5558,0.578226,lstm
2020-12-30 11:15:00,0.6276,0.63395035,lstm
2020-12-30 11:30:00,0.5096,0.5083194,lstm
2020-12-30 11:30:00,0.5558,0.5610156,lstm
2020-12-30 11:30:00,0.6276,0.61176187,lstm
2020-12-30 11:30:00,0.6706,0.65197706,lstm
2020-12-30 11:45:00,0.55579996,0.56626904,lstm
2020-12-30 11:45:00,0.6276,0.6043558,lstm
2020-12-30 11:45:00,0.6706,0.6489952,lstm
2020-12-30 11:45:00,0.55239993,0.6710075,lstm
2020-12-30 12:00:00,0.6276,0.600005,lstm
2020-12-30 12:00:00,0.6706,0.6284025,lstm
2020-12-30 12:00:00,0.5524,0.66215587,lstm
2020-12-30 12:00:00,0.541,0.675915,lstm
2020-12-30 12:15:00,0.6706,0.6510644,lstm
2020-12-30 12:15:00,0.5524,0.67121977,lstm
2020-12-30 12:15:00,0.541,0.7007996,lstm
2020-12-30 12:15:00,0.709,0.71638834,lstm
2020-12-30 12:30:00,0.5524,0.6702305,lstm
2020-12-30 12:30:00,0.541,0.6883595,lstm
2020-12-30 12:30:00,0.709,0.70729595,lstm
2020-12-30 12:30:00,0.7932,0.721512,lstm
2020-12-30 12:45:00,0.541,0.4324723,lstm
2020-12-30 12:45:00,0.709,0.4326119,lstm
2020-12-30 12:45:00,0.7932,0.4295183,lstm
2020-12-30 12:45:00,0.79520005,0.4151887,lstm
2020-12-30 13:00:00,0.709,0.39098373,lstm
2020-12-30 13:00:00,0.7932,0.3522449,lstm
2020-12-30 13:00:00,0.7952,0.34636527,lstm
2020-12-30 13:00:00,0.725,0.3467676,lstm
2020-12-30 13:15:00,0.7932,0.67274094,lstm
2020-12-30 13:15:00,0.7952,0.66793704,lstm
2020-12-30 13:15:00,0.725,0.66565305,lstm
2020-12-30 13:15:00,0.6952,0.67786133,lstm
2020-12-30 13:30:00,0.7952,0.7343256,lstm
2020-12-30 13:30:00,0.725,0.75269294,lstm
2020-12-30 13:30:00,0.6952,0.7489804,lstm
2020-12-30 13:30:00,0.6846,0.76427406,lstm
2020-12-30 13:45:00,0.725,0.74538004,lstm
2020-12-30 13:45:00,0.69519997,0.7601166,lstm
2020-12-30 13:45:00,0.6846,0.7525811,lstm
2020-12-30 13:45:00,0.6696,0.7532814,lstm
2020-12-30 14:00:00,0.6952,0.62838435,lstm
2020-12-30 14:00:00,0.6846,0.6256231,lstm
2020-12-30 14:00:00,0.6696,0.60843295,lstm
2020-12-30 14:00:00,0.5102,0.5890901,lstm
2020-12-30 14:15:00,0.6846,0.5920577,lstm
2020-12-30 14:15:00,0.6696,0.5694325,lstm
2020-12-30 14:15:00,0.5102,0.54494715,lstm
2020-12-30 14:15:00,0.547,0.53223354,lstm
2020-12-30 14:30:00,0.6696,0.55157465,lstm
2020-12-30 14:30:00,0.5102,0.5246961,lstm
2020-12-30 14:30:00,0.547,0.49603885,lstm
2020-12-30 14:30:00,0.5506,0.48936957,lstm
2020-12-30 14:45:00,0.5102,0.52962387,lstm
2020-12-30 14:45:00,0.547,0.50241053,lstm
2020-12-30 14:45:00,0.55059993,0.4683603,lstm
2020-12-30 14:45:00,0.556,0.46204525,lstm
2020-12-30 15:00:00,0.547,0.3852389,lstm
2020-12-30 15:00:00,0.5506,0.36764845,lstm
2020-12-30 15:00:00,0.556,0.33746156,lstm
2020-12-30 15:00:00,0.5594,0.3313405,lstm
2020-12-30 15:15:00,0.5506,0.40160245,lstm
2020-12-30 15:15:00,0.556,0.37044525,lstm
2020-12-30 15:15:00,0.5594,0.32629865,lstm
2020-12-30 15:15:00,0.45020002,0.32191426,lstm
2020-12-30 15:30:00,0.556,0.3690617,lstm
2020-12-30 15:30:00,0.5594001,0.34106326,lstm
2020-12-30 15:30:00,0.45020002,0.3029063,lstm
2020-12-30 15:30:00,0.3508,0.2883291,lstm
2020-12-30 15:45:00,0.5594,0.346488,lstm
2020-12-30 15:45:00,0.4502,0.31567028,lstm
2020-12-30 15:45:00,0.3508,0.27984273,lstm
2020-12-30 15:45:00,0.2488,0.25387138,lstm
2020-12-30 16:00:00,0.4502,0.30945063,lstm
2020-12-30 16:00:00,0.3508,0.27752292,lstm
2020-12-30 16:00:00,0.2488,0.24418211,lstm
2020-12-30 16:00:00,0.2242,0.21115574,lstm
2020-12-30 16:15:00,0.3508,0.21515965,lstm
2020-12-30 16:15:00,0.2488,0.19795273,lstm
2020-12-30 16:15:00,0.2242,0.16399957,lstm
2020-12-30 16:15:00,0.2152,0.15145376,lstm
2020-12-30 16:30:00,0.2488,0.19499438,lstm
2020-12-30 16:30:00,0.2242,0.1818324,lstm
2020-12-30 16:30:00,0.2152,0.14204322,lstm
2020-12-30 16:30:00,0.2144,0.1391302,lstm
2020-12-30 16:45:00,0.2242,0.26344585,lstm
2020-12-30 16:45:00,0.2152,0.20093258,lstm
2020-12-30 16:45:00,0.2144,0.14308465,lstm
2020-12-30 16:45:00,0.1264,0.10286599,lstm
2020-12-30 17:00:00,0.2152,0.2816441,lstm
2020-12-30 17:00:00,0.2144,0.19794221,lstm
2020-12-30 17:00:00,0.1264,0.130407,lstm
2020-12-30 17:00:00,0.0908,0.08091241,lstm
2020-12-30 17:15:00,0.2144,0.24204035,lstm
2020-12-30 17:15:00,0.1264,0.1796112,lstm
2020-12-30 17:15:00,0.0908,0.1148236,lstm
2020-12-30 17:15:00,0.055800006,0.07363561,lstm
2020-12-30 17:30:00,0.1264,0.1875268,lstm
2020-12-30 17:30:00,0.0908,0.14367613,lstm
2020-12-30 17:30:00,0.055800006,0.07839545,lstm
2020-12-30 17:30:00,0.032199994,0.04848458,lstm
2020-12-30 17:45:00,0.0908,0.11212386,lstm
2020-12-30 17:45:00,0.05579999,0.07085074,lstm
2020-12-30 17:45:00,0.032199994,0.026334286,lstm
2020-12-30 17:45:00,0.0056000054,0.013177425,lstm
2020-12-30 18:00:00,0.05579999,0.06428164,lstm
2020-12-30 18:00:00,0.03220001,0.03163989,lstm
2020-12-30 18:00:00,0.0056000203,0.006477222,lstm
2020-12-30 18:00:00,0.0,0.00078618526,lstm
2020-12-30 18:15:00,0.03220001,0.031061068,lstm
2020-12-30 18:15:00,0.0056000054,0.008759007,lstm
2020-12-30 18:15:00,0.0,-0.002042532,lstm
2020-12-30 18:15:00,0.0,-0.0032479614,lstm
2020-12-30 18:30:00,0.0056000054,0.0148741305,lstm
2020-12-30 18:30:00,0.0,0.0006430745,lstm
2020-12-30 18:30:00,0.0,-0.0032261312,lstm
2020-12-30 18:30:00,0.0,-0.0031652749,lstm
2020-12-30 18:45:00,0.0,0.006968513,lstm
2020-12-30 18:45:00,0.0,-0.0024858564,lstm
2020-12-30 18:45:00,0.0,-0.003500104,lstm
2020-12-30 18:45:00,0.0,-0.0023704916,lstm
2020-12-30 19:00:00,0.0,0.004043922,lstm
2020-12-30 19:00:00,0.0,-0.0025538057,lstm
2020-12-30 19:00:00,0.0,-0.0026399493,lstm
2020-12-30 19:00:00,0.0,-0.00096967816,lstm
2020-12-30 19:15:00,0.0,0.0017053336,lstm
2020-12-30 19:15:00,0.0,-0.0027495325,lstm
2020-12-30 19:15:00,0.0,-0.0018109828,lstm
2020-12-30 19:15:00,0.0,-0.00020126998,lstm
2020-12-30 19:30:00,0.0,0.00063589215,lstm
2020-12-30 19:30:00,0.0,-0.0028529167,lstm
2020-12-30 19:30:00,0.0,-0.0014438629,lstm
2020-12-30 19:30:00,0.0,7.2166324e-05,lstm
2020-12-30 19:45:00,0.0,5.9604645e-07,lstm
2020-12-30 19:45:00,0.0,-0.0030598938,lstm
2020-12-30 19:45:00,0.0,-0.0014406741,lstm
2020-12-30 19:45:00,0.0,0.00014647841,lstm
2020-12-30 20:00:00,0.0,-0.0003861785,lstm
2020-12-30 20:00:00,0.0,-0.0031596422,lstm
2020-12-30 20:00:00,0.0,-0.001417011,lstm
2020-12-30 20:00:00,0.0,0.00024594367,lstm
2020-12-30 20:15:00,0.0,-0.00061297417,lstm
2020-12-30 20:15:00,0.0,-0.0032307059,lstm
2020-12-30 20:15:00,0.0,-0.0014064312,lstm
2020-12-30 20:15:00,0.0,0.0002837479,lstm
2020-12-30 20:30:00,0.0,-0.00075380504,lstm
2020-12-30 20:30:00,0.0,-0.0032667965,lstm
2020-12-30 20:30:00,0.0,-0.0013871938,lstm
2020-12-30 20:30:00,0.0,0.00031997263,lstm
2020-12-30 20:45:00,0.0,-0.0009368956,lstm
2020-12-30 20:45:00,0.0,-0.00342457,lstm
2020-12-30 20:45:00,0.0,-0.0015502125,lstm
2020-12-30 20:45:00,0.0,0.0002824068,lstm
2020-12-30 21:00:00,0.0,-0.0010293573,lstm
2020-12-30 21:00:00,0.0,-0.0034397244,lstm
2020-12-30 21:00:00,0.0,-0.0015580207,lstm
2020-12-30 21:00:00,0.0,0.0003478825,lstm
2020-12-30 21:15:00,0.0,-0.0010839254,lstm
2020-12-30 21:15:00,0.0,-0.0034282207,lstm
2020-12-30 21:15:00,0.0,-0.0015373975,lstm
2020-12-30 21:15:00,0.0,0.00040829182,lstm
2020-12-30 21:30:00,0.0,-0.0011122674,lstm
2020-12-30 21:30:00,0.0,-0.0034006536,lstm
2020-12-30 21:30:00,0.0,-0.0015117824,lstm
2020-12-30 21:30:00,0.0,0.00046288967,lstm
2020-12-30 21:45:00,0.0,-0.0012618601,lstm
2020-12-30 21:45:00,0.0,-0.003528282,lstm
2020-12-30 21:45:00,0.0,-0.0016760528,lstm
2020-12-30 21:45:00,0.0,0.00042913854,lstm
2020-12-30 22:00:00,0.0,-0.0013148189,lstm
2020-12-30 22:00:00,0.0,-0.0035130829,lstm
2020-12-30 22:00:00,0.0,-0.0016570389,lstm
2020-12-30 22:00:00,0.0,0.0005002022,lstm
2020-12-30 22:15:00,0.0,-0.0013436973,lstm
2020-12-30 22:15:00,0.0,-0.0034883767,lstm
2020-12-30 22:15:00,0.0,-0.0016314089,lstm
2020-12-30 22:15:00,0.0,0.0005505532,lstm
2020-12-30 22:30:00,0.0,-0.00135158,lstm
2020-12-30 22:30:00,0.0,-0.0034598112,lstm
2020-12-30 22:30:00,0.0,-0.0016141385,lstm
2020-12-30 22:30:00,0.0,0.00059089065,lstm
2020-12-30 22:45:00,0.0,-0.0014897287,lstm
2020-12-30 22:45:00,0.0,-0.0035578609,lstm
2020-12-30 22:45:00,0.0,-0.0017744303,lstm
2020-12-30 22:45:00,0.0,0.00055488944,lstm
2020-12-30 23:00:00,0.0,-0.0015053004,lstm
2020-12-30 23:00:00,0.0,-0.0035089403,lstm
2020-12-30 23:00:00,0.0,-0.0017320365,lstm
2020-12-30 23:00:00,0.0,0.0006329417,lstm
2020-12-30 23:15:00,0.0,-0.0015133023,lstm
2020-12-30 23:15:00,0.0,-0.0034786165,lstm
2020-12-30 23:15:00,0.0,-0.0016971827,lstm
2020-12-30 23:15:00,0.0,0.0006766021,lstm
2020-12-30 23:30:00,0.0,-0.0015138537,lstm
2020-12-30 23:30:00,0.0,-0.0034521222,lstm
2020-12-30 23:30:00,0.0,-0.0016721338,lstm
2020-12-30 23:30:00,0.0,0.0007082075,lstm
2020-12-30 23:45:00,0.0,-0.0016228557,lstm
2020-12-30 23:45:00,0.0,-0.0035185665,lstm
2020-12-30 23:45:00,0.0,-0.0018098652,lstm
2020-12-30 23:45:00,0.0,0.0006557703,lstm
2020-12-31 00:00:00,0.0,-0.00160487,lstm
2020-12-31 00:00:00,0.0,-0.0034605712,lstm
2020-12-31 00:00:00,0.0,-0.0017644316,lstm
2020-12-31 00:00:00,0.0,0.00070391595,lstm
2020-12-31 00:15:00,0.0,-0.0015922338,lstm
2020-12-31 00:15:00,0.0,-0.003433928,lstm
2020-12-31 00:15:00,0.0,-0.0017400235,lstm
2020-12-31 00:15:00,0.0,0.0007224977,lstm
2020-12-31 00:30:00,0.0,-0.0015875548,lstm
2020-12-31 00:30:00,0.0,-0.0034167767,lstm
2020-12-31 00:30:00,0.0,-0.0017260164,lstm
2020-12-31 00:30:00,0.0,0.0007368028,lstm
2020-12-31 00:45:00,0.0,-0.0016905218,lstm
2020-12-31 00:45:00,0.0,-0.0034766793,lstm
2020-12-31 00:45:00,0.0,-0.0018493533,lstm
2020-12-31 00:45:00,0.0,0.00067204237,lstm
2020-12-31 01:00:00,0.0,-0.0016767532,lstm
2020-12-31 01:00:00,0.0,-0.0034293383,lstm
2020-12-31 01:00:00,0.0,-0.001816526,lstm
2020-12-31 01:00:00,0.0,0.0006905794,lstm
2020-12-31 01:15:00,0.0,-0.0016687065,lstm
2020-12-31 01:15:00,0.0,-0.0034143627,lstm
2020-12-31 01:15:00,0.0,-0.0018053353,lstm
2020-12-31 01:15:00,0.0,0.00068984926,lstm
2020-12-31 01:30:00,0.0,-0.0016611218,lstm
2020-12-31 01:30:00,0.0,-0.003403619,lstm
2020-12-31 01:30:00,0.0,-0.0018054545,lstm
2020-12-31 01:30:00,0.0,0.0006865561,lstm
2020-12-31 01:45:00,0.0,-0.0017374754,lstm
2020-12-31 01:45:00,0.0,-0.0034475029,lstm
2020-12-31 01:45:00,0.0,-0.0019348264,lstm
2020-12-31 01:45:00,0.0,0.00059968233,lstm
2020-12-31 02:00:00,0.0,-0.0017213523,lstm
2020-12-31 02:00:00,0.0,-0.0034144372,lstm
2020-12-31 02:00:00,0.0,-0.0019008219,lstm
2020-12-31 02:00:00,0.0,0.0006054342,lstm
2020-12-31 02:15:00,0.0,-0.0017104,lstm
2020-12-31 02:15:00,0.0,-0.003410086,lstm
2020-12-31 02:15:00,0.0,-0.0018943846,lstm
2020-12-31 02:15:00,0.0,0.0005866587,lstm
2020-12-31 02:30:00,0.0,-0.0016982108,lstm
2020-12-31 02:30:00,0.0,-0.0034078956,lstm
2020-12-31 02:30:00,0.0,-0.0018943846,lstm
2020-12-31 02:30:00,0.0,0.0005723685,lstm
2020-12-31 02:45:00,0.0,-0.0017429739,lstm
2020-12-31 02:45:00,0.0,-0.0034386665,lstm
2020-12-31 02:45:00,0.0,-0.001999721,lstm
2020-12-31 02:45:00,0.0,0.00047691166,lstm
2020-12-31 03:00:00,0.0,-0.0017186105,lstm
2020-12-31 03:00:00,0.0,-0.0034239143,lstm
2020-12-31 03:00:00,0.0,-0.0019851625,lstm
2020-12-31 03:00:00,0.0,0.00044845045,lstm
2020-12-31 03:15:00,0.0,-0.0017033517,lstm
2020-12-31 03:15:00,0.0,-0.0034387559,lstm
2020-12-31 03:15:00,0.0,-0.0019951016,lstm
2020-12-31 03:15:00,0.0,0.00040775537,lstm
2020-12-31 03:30:00,0.0,-0.0016869754,lstm
2020-12-31 03:30:00,0.0,-0.0034519732,lstm
2020-12-31 03:30:00,0.0,-0.0020184666,lstm
2020-12-31 03:30:00,0.0,0.0003683418,lstm
2020-12-31 03:45:00,0.0,-0.0017138869,lstm
2020-12-31 03:45:00,0.0,-0.0034819841,lstm
2020-12-31 03:45:00,0.0,-0.0021107346,lstm
2020-12-31 03:45:00,0.0,0.0002695173,lstm
2020-12-31 04:00:00,0.0,-0.0016925633,lstm
2020-12-31 04:00:00,0.0,-0.0034977347,lstm
2020-12-31 04:00:00,0.0,-0.0021266937,lstm
2020-12-31 04:00:00,0.0,0.00020873547,lstm
2020-12-31 04:15:00,0.0,-0.0016677678,lstm
2020-12-31 04:15:00,0.0,-0.0035313219,lstm
2020-12-31 04:15:00,0.0,-0.0021612048,lstm
2020-12-31 04:15:00,0.0,0.00014689565,lstm
2020-12-31 04:30:00,0.0,-0.0016473383,lstm
2020-12-31 04:30:00,0.0,-0.003563121,lstm
2020-12-31 04:30:00,0.0,-0.0021947026,lstm
2020-12-31 04:30:00,0.0,0.00010125339,lstm
2020-12-31 04:45:00,0.0,-0.0016648471,lstm
2020-12-31 04:45:00,0.0,-0.0035954714,lstm
2020-12-31 04:45:00,0.0,-0.0022772998,lstm
2020-12-31 04:45:00,0.0,6.765127e-06,lstm
2020-12-31 05:00:00,0.0,-0.0016487688,lstm
2020-12-31 05:00:00,0.0,-0.0036520064,lstm
2020-12-31 05:00:00,0.0,-0.0023343712,lstm
2020-12-31 05:00:00,0.0,-8.2179904e-05,lstm
2020-12-31 05:15:00,0.0,-0.0016184002,lstm
2020-12-31 05:15:00,0.0,-0.0037094206,lstm
2020-12-31 05:15:00,0.0,-0.0023902655,lstm
2020-12-31 05:15:00,0.0,-0.00014826655,lstm
2020-12-31 05:30:00,0.0,-0.0015952736,lstm
2020-12-31 05:30:00,0.0,-0.0037656575,lstm
2020-12-31 05:30:00,0.0,-0.0024416596,lstm
2020-12-31 05:30:00,0.0,-0.0002002716,lstm
2020-12-31 05:45:00,0.0,-0.0016226023,lstm
2020-12-31 05:45:00,0.0,-0.0038187206,lstm
2020-12-31 05:45:00,0.0,-0.002506122,lstm
2020-12-31 05:45:00,0.0,-0.00025878847,lstm
2020-12-31 06:00:00,0.0,-0.0016184002,lstm
2020-12-31 06:00:00,0.0,-0.0039104074,lstm
2020-12-31 06:00:00,0.0,-0.002576694,lstm
2020-12-31 06:00:00,0.0,-0.00032754242,lstm
2020-12-31 06:15:00,0.0,-0.0015818328,lstm
2020-12-31 06:15:00,0.0,-0.0039986074,lstm
2020-12-31 06:15:00,0.0,-0.0026423484,lstm
2020-12-31 06:15:00,0.0,-0.00036981702,lstm
2020-12-31 06:30:00,0.0,-0.0015230775,lstm
2020-12-31 06:30:00,0.0,-0.0040715486,lstm
2020-12-31 06:30:00,0.0,-0.002701819,lstm
2020-12-31 06:30:00,0.0,-0.00040581822,lstm
2020-12-31 06:45:00,0.0,-0.0015065223,lstm
2020-12-31 06:45:00,0.0,-0.004113376,lstm
2020-12-31 06:45:00,0.0,-0.0027225614,lstm
2020-12-31 06:45:00,0.0,-0.00037239492,lstm
2020-12-31 07:00:00,0.0,-0.0014796853,lstm
2020-12-31 07:00:00,0.0,-0.004217744,lstm
2020-12-31 07:00:00,0.0,-0.0027515888,lstm
2020-12-31 07:00:00,0.0,-0.00033788383,lstm
2020-12-31 07:15:00,0.0,-0.0014026761,lstm
2020-12-31 07:15:00,0.0,-0.0043219477,lstm
2020-12-31 07:15:00,0.0,-0.002791077,lstm
2020-12-31 07:15:00,0.0,-0.00029163063,lstm
2020-12-31 07:30:00,0.0,-0.001295507,lstm
2020-12-31 07:30:00,0.0,-0.004406795,lstm
2020-12-31 07:30:00,0.0,-0.0027996749,lstm
2020-12-31 07:30:00,0.0,-0.0002155602,lstm
2020-12-31 07:45:00,0.0,-0.0012011677,lstm
2020-12-31 07:45:00,0.0,-0.0044149756,lstm
2020-12-31 07:45:00,0.0,-0.0027183592,lstm
2020-12-31 07:45:00,0.0,1.1533499e-05,lstm
2020-12-31 08:00:00,0.0,-0.0010920763,lstm
2020-12-31 08:00:00,0.0,-0.0044900924,lstm
2020-12-31 08:00:00,0.0,-0.0026262999,lstm
2020-12-31 08:00:00,0.0,0.0002847463,lstm
2020-12-31 08:15:00,0.0,-0.0009162575,lstm
2020-12-31 08:15:00,0.0,-0.004573673,lstm
2020-12-31 08:15:00,0.0,-0.0025153458,lstm
2020-12-31 08:15:00,0.0,0.00062708557,lstm
2020-12-31 08:30:00,0.0,-0.00068056583,lstm
2020-12-31 08:30:00,0.0,-0.00465934,lstm
2020-12-31 08:30:00,0.0,-0.0023732483,lstm
2020-12-31 08:30:00,0.0,0.001064524,lstm
2020-12-31 08:45:00,0.0,-0.00038592517,lstm
2020-12-31 08:45:00,0.0,-0.0045945793,lstm
2020-12-31 08:45:00,0.0,-0.0019999743,lstm
2020-12-31 08:45:00,0.0,0.0019223392,lstm
2020-12-31 09:00:00,0.0,-1.296401e-06,lstm
2020-12-31 09:00:00,0.0,-0.004528016,lstm
2020-12-31 09:00:00,0.0,-0.0013221949,lstm
2020-12-31 09:00:00,0.0,0.0035571456,lstm
2020-12-31 09:15:00,0.0,0.00063456595,lstm
2020-12-31 09:15:00,0.0,-0.004199043,lstm
2020-12-31 09:15:00,0.0,0.00041659176,lstm
2020-12-31 09:15:00,0.0028000027,0.00786221,lstm
2020-12-31 09:30:00,0.0,0.0015443265,lstm
2020-12-31 09:30:00,0.0,-0.0014228821,lstm
2020-12-31 09:30:00,0.0028000027,0.008622721,lstm
2020-12-31 09:30:00,0.012799993,0.02618584,lstm
2020-12-31 09:45:00,0.0,0.0019775033,lstm
2020-12-31 09:45:00,0.0028000027,0.008962974,lstm
2020-12-31 09:45:00,0.012799993,0.032585487,lstm
2020-12-31 09:45:00,0.025199994,0.072643675,lstm
2020-12-31 10:00:00,0.0028000027,0.0029153824,lstm
2020-12-31 10:00:00,0.012800008,0.025811985,lstm
2020-12-31 10:00:00,0.025199994,0.07231075,lstm
2020-12-31 10:00:00,0.043799996,0.13938166,lstm
2020-12-31 10:15:00,0.012799993,0.017670438,lstm
2020-12-31 10:15:00,0.025199994,0.056483343,lstm
2020-12-31 10:15:00,0.043799996,0.12976152,lstm
2020-12-31 10:15:00,0.0866,0.20788242,lstm
2020-12-31 10:30:00,0.025199994,0.024279818,lstm
2020-12-31 10:30:00,0.04380001,0.07378462,lstm
2020-12-31 10:30:00,0.0866,0.14903961,lstm
2020-12-31 10:30:00,0.148,0.21245955,lstm
2020-12-31 10:45:00,0.043799996,0.021269247,lstm
2020-12-31 10:45:00,0.0866,0.06861417,lstm
2020-12-31 10:45:00,0.148,0.12520388,lstm
2020-12-31 10:45:00,0.2024,0.1699147,lstm
2020-12-31 11:00:00,0.0866,0.032159254,lstm
2020-12-31 11:00:00,0.148,0.0683294,lstm
2020-12-31 11:00:00,0.2024,0.10617834,lstm
2020-12-31 11:00:00,0.347,0.13664468,lstm
2020-12-31 11:15:00,0.148,0.10043977,lstm
2020-12-31 11:15:00,0.2024,0.13400003,lstm
2020-12-31 11:15:00,0.347,0.1674831,lstm
2020-12-31 11:15:00,0.578,0.18933365,lstm
2020-12-31 11:30:00,0.2024,0.1808106,lstm
2020-12-31 11:30:00,0.347,0.2139295,lstm
2020-12-31 11:30:00,0.578,0.24628843,lstm
2020-12-31 11:30:00,0.46780002,0.26570788,lstm
2020-12-31 11:45:00,0.347,0.23241997,lstm
2020-12-31 11:45:00,0.578,0.26674095,lstm
2020-12-31 11:45:00,0.46780002,0.2943698,lstm
2020-12-31 11:45:00,0.49260002,0.3193375,lstm
2020-12-31 12:00:00,0.578,0.3642131,lstm
2020-12-31 12:00:00,0.4678,0.38817,lstm
2020-12-31 12:00:00,0.49260002,0.41376027,lstm
2020-12-31 12:00:00,0.3666,0.44380963,lstm
2020-12-31 12:15:00,0.4678,0.51995265,lstm
2020-12-31 12:15:00,0.4926,0.5305551,lstm
2020-12-31 12:15:00,0.3666,0.55926484,lstm
2020-12-31 12:15:00,0.5736,0.5845563,lstm
2020-12-31 12:30:00,0.4926,0.41816723,lstm
2020-12-31 12:30:00,0.3666,0.45535052,lstm
2020-12-31 12:30:00,0.5736,0.47482532,lstm
2020-12-31 12:30:00,0.6326,0.48826748,lstm
2020-12-31 12:45:00,0.3666,0.49480176,lstm
2020-12-31 12:45:00,0.5736,0.5187552,lstm
2020-12-31 12:45:00,0.6326,0.53100413,lstm
2020-12-31 12:45:00,0.6862,0.5485212,lstm
2020-12-31 13:00:00,0.5736,0.37633294,lstm
2020-12-31 13:00:00,0.6326,0.40785283,lstm
2020-12-31 13:00:00,0.6862,0.407579,lstm
2020-12-31 13:00:00,0.5552,0.40900886,lstm
2020-12-31 13:15:00,0.63260007,0.59057283,lstm
2020-12-31 13:15:00,0.6862,0.59109807,lstm
2020-12-31 13:15:00,0.5552,0.584485,lstm
2020-12-31 13:15:00,0.7126,0.60055953,lstm
2020-12-31 13:30:00,0.6862,0.66919065,lstm
2020-12-31 13:30:00,0.5552,0.67608744,lstm
2020-12-31 13:30:00,0.7126,0.66436225,lstm
2020-12-31 13:30:00,0.7828,0.6768283,lstm
2020-12-31 13:45:00,0.5552,0.7278578,lstm
2020-12-31 13:45:00,0.7126,0.7269635,lstm
2020-12-31 13:45:00,0.7828,0.71249473,lstm
2020-12-31 13:45:00,0.7922,0.717308,lstm
2020-12-31 14:00:00,0.7126,0.59741676,lstm
2020-12-31 14:00:00,0.78279996,0.6011498,lstm
2020-12-31 14:00:00,0.7922,0.58044535,lstm
2020-12-31 14:00:00,0.7774,0.55808234,lstm
2020-12-31 14:15:00,0.7828,0.7137012,lstm
2020-12-31 14:15:00,0.79219997,0.6772079,lstm
2020-12-31 14:15:00,0.7774,0.6509624,lstm
2020-12-31 14:15:00,0.7678,0.6429822,lstm
2020-12-31 14:30:00,0.7922,0.7518316,lstm
2020-12-31 14:30:00,0.7774,0.71818376,lstm
2020-12-31 14:30:00,0.7678,0.692385,lstm
2020-12-31 14:30:00,0.748,0.6783845,lstm
2020-12-31 14:45:00,0.77739996,0.7449748,lstm
2020-12-31 14:45:00,0.7678,0.71181655,lstm
2020-12-31 14:45:00,0.748,0.68136257,lstm
2020-12-31 14:45:00,0.672,0.6546252,lstm
2020-12-31 15:00:00,0.7678,0.7174351,lstm
2020-12-31 15:00:00,0.748,0.67935765,lstm
2020-12-31 15:00:00,0.67199993,0.64184153,lstm
2020-12-31 15:00:00,0.6946,0.60506123,lstm
2020-12-31 15:15:00,0.748,0.69284713,lstm
2020-12-31 15:15:00,0.672,0.64494634,lstm
2020-12-31 15:15:00,0.6946,0.6009491,lstm
2020-12-31 15:15:00,0.6624,0.55960375,lstm
2020-12-31 15:30:00,0.672,0.6534248,lstm
2020-12-31 15:30:00,0.6946,0.600581,lstm
2020-12-31 15:30:00,0.6624,0.5480851,lstm
2020-12-31 15:30:00,0.6264,0.5019746,lstm
2020-12-31 15:45:00,0.6946,0.56761104,lstm
2020-12-31 15:45:00,0.6624,0.513695,lstm
2020-12-31 15:45:00,0.6264,0.45090932,lstm
2020-12-31 15:45:00,0.5828,0.39308524,lstm
2020-12-31 16:00:00,0.6624,0.5521914,lstm
2020-12-31 16:00:00,0.6264,0.46117672,lstm
2020-12-31 16:00:00,0.5828,0.38940483,lstm
2020-12-31 16:00:00,0.528,0.32337505,lstm
2020-12-31 16:15:00,0.6264,0.49912724,lstm
2020-12-31 16:15:00,0.5828,0.4003145,lstm
2020-12-31 16:15:00,0.528,0.32061535,lstm
2020-12-31 16:15:00,0.46360004,0.24437171,lstm
2020-12-31 16:30:00,0.5828,0.4944281,lstm
2020-12-31 16:30:00,0.528,0.3947877,lstm
2020-12-31 16:30:00,0.46360004,0.31609693,lstm
2020-12-31 16:30:00,0.3778,0.23835471,lstm
2020-12-31 16:45:00,0.528,0.45460582,lstm
2020-12-31 16:45:00,0.4636,0.344405,lstm
2020-12-31 16:45:00,0.3778,0.25676197,lstm
2020-12-31 16:45:00,0.247,0.17363843,lstm
2020-12-31 17:00:00,0.4636,0.4265622,lstm
2020-12-31 17:00:00,0.3778,0.31255603,lstm
2020-12-31 17:00:00,0.247,0.22158091,lstm
2020-12-31 17:00:00,0.139,0.13850088,lstm
2020-12-31 17:15:00,0.3778,0.35777944,lstm
2020-12-31 17:15:00,0.247,0.23981804,lstm
2020-12-31 17:15:00,0.139,0.14295065,lstm
2020-12-31 17:15:00,0.083,0.07091541,lstm
2020-12-31 17:30:00,0.247,0.2684621,lstm
2020-12-31 17:30:00,0.139,0.16348936,lstm
2020-12-31 17:30:00,0.083,0.07667226,lstm
2020-12-31 17:30:00,0.037399992,0.029780626,lstm
2020-12-31 17:45:00,0.139,0.15743065,lstm
2020-12-31 17:45:00,0.083,0.075588465,lstm
2020-12-31 17:45:00,0.037400007,0.020611718,lstm
2020-12-31 17:45:00,0.009800002,0.003007412,lstm
2020-12-31 18:00:00,0.083,0.09302253,lstm
2020-12-31 18:00:00,0.037400007,0.031807125,lstm
2020-12-31 18:00:00,0.009800002,0.00071536005,lstm
2020-12-31 18:00:00,0.00020000339,-0.006306052,lstm
2020-12-31 18:15:00,0.037400007,0.046301395,lstm
2020-12-31 18:15:00,0.009800002,0.007107377,lstm
2020-12-31 18:15:00,0.00020000339,-0.008128837,lstm
2020-12-31 18:15:00,0.0,-0.008348703,lstm
2020-12-31 18:30:00,0.009800002,0.022234693,lstm
2020-12-31 18:30:00,0.00020000339,-0.00089102983,lstm
2020-12-31 18:30:00,0.0,-0.0072873384,lstm
2020-12-31 18:30:00,0.0,-0.005915493,lstm
2020-12-31 18:45:00,0.00020000339,0.011444166,lstm
2020-12-31 18:45:00,0.0,-0.0026286095,lstm
2020-12-31 18:45:00,0.0,-0.005017981,lstm
2020-12-31 18:45:00,0.0,-0.0033391565,lstm
2020-12-31 19:00:00,0.0,0.005200371,lstm
2020-12-31 19:00:00,0.0,-0.0028630793,lstm
2020-12-31 19:00:00,0.0,-0.0034052432,lstm
2020-12-31 19:00:00,0.0,-0.0012591481,lstm
2020-12-31 19:15:00,0.0,0.0022060573,lstm
2020-12-31 19:15:00,0.0,-0.0028240383,lstm
2020-12-31 19:15:00,0.0,-0.0021340847,lstm
2020-12-31 19:15:00,0.0,-8.3610415e-05,lstm
2020-12-31 19:30:00,0.0,0.00074344873,lstm
2020-12-31 19:30:00,0.0,-0.0029160082,lstm
2020-12-31 19:30:00,0.0,-0.0015911758,lstm
2020-12-31 19:30:00,0.0,0.0002566427,lstm
2020-12-31 19:45:00,0.0,1.4021993e-05,lstm
2020-12-31 19:45:00,0.0,-0.003089711,lstm
2020-12-31 19:45:00,0.0,-0.0015091747,lstm
2020-12-31 19:45:00,0.0,0.00033423305,lstm
2020-12-31 20:00:00,0.0,-0.0004886985,lstm
2020-12-31 20:00:00,0.0,-0.003197223,lstm
2020-12-31 20:00:00,0.0,-0.0014393628,lstm
2020-12-31 20:00:00,0.0,0.0004389286,lstm
2020-12-31 20:15:00,0.0,-0.0007341951,lstm
2020-12-31 20:15:00,0.0,-0.0032505244,lstm
2020-12-31 20:15:00,0.0,-0.0014021844,lstm
2020-12-31 20:15:00,0.0,0.0004877299,lstm
2020-12-31 20:30:00,0.0,-0.00087203085,lstm
2020-12-31 20:30:00,0.0,-0.0032838583,lstm
2020-12-31 20:30:00,0.0,-0.0013805181,lstm
2020-12-31 20:30:00,0.0,0.0005104691,lstm
2020-12-31 20:45:00,0.0,-0.0010395795,lstm
2020-12-31 20:45:00,0.0,-0.003433153,lstm
2020-12-31 20:45:00,0.0,-0.0015341192,lstm
2020-12-31 20:45:00,0.0,0.00046013296,lstm
2020-12-31 21:00:00,0.0,-0.0011378825,lstm
2020-12-31 21:00:00,0.0,-0.0034653246,lstm
2020-12-31 21:00:00,0.0,-0.0015465617,lstm
2020-12-31 21:00:00,0.0,0.0005001724,lstm
2020-12-31 21:15:00,0.0,-0.0011953115,lstm
2020-12-31 21:15:00,0.0,-0.003473714,lstm
2020-12-31 21:15:00,0.0,-0.0015386641,lstm
2020-12-31 21:15:00,0.0,0.0005272031,lstm
2020-12-31 21:30:00,0.0,-0.0012283325,lstm
2020-12-31 21:30:00,0.0,-0.003470689,lstm
2020-12-31 21:30:00,0.0,-0.0015231818,lstm
2020-12-31 21:30:00,0.0,0.00055091083,lstm
2020-12-31 21:45:00,0.0,-0.0013616681,lstm
2020-12-31 21:45:00,0.0,-0.0035945028,lstm
2020-12-31 21:45:00,0.0,-0.001682967,lstm
2020-12-31 21:45:00,0.0,0.00049838424,lstm
2020-12-31 22:00:00,0.0,-0.0013960004,lstm
2020-12-31 22:00:00,0.0,-0.003576517,lstm
2020-12-31 22:00:00,0.0,-0.0016698837,lstm
2020-12-31 22:00:00,0.0,0.00055477023,lstm
2020-12-31 22:15:00,0.0,-0.001407519,lstm
2020-12-31 22:15:00,0.0,-0.0035471022,lstm
2020-12-31 22:15:00,0.0,-0.0016472787,lstm
2020-12-31 22:15:00,0.0,0.00059886277,lstm
2020-12-31 22:30:00,0.0,-0.0014100969,lstm
2020-12-31 22:30:00,0.0,-0.0035191476,lstm
2020-12-31 22:30:00,0.0,-0.0016159117,lstm
2020-12-31 22:30:00,0.0,0.0006403476,lstm
2020-12-31 22:45:00,0.0,-0.0015171468,lstm
2020-12-31 22:45:00,0.0,-0.0035959035,lstm
2020-12-31 22:45:00,0.0,-0.001760602,lstm
2020-12-31 22:45:00,0.0,0.00059756637,lstm
2020-12-31 23:00:00,0.0,-0.0015362948,lstm
2020-12-31 23:00:00,0.0,-0.0035562217,lstm
2020-12-31 23:00:00,0.0,-0.001727894,lstm
2020-12-31 23:00:00,0.0,0.00066387653,lstm
2020-12-31 23:15:00,0.0,-0.0015615076,lstm
2020-12-31 23:15:00,0.0,-0.0035358965,lstm
2020-12-31 23:15:00,0.0,-0.0016857982,lstm
2020-12-31 23:15:00,0.0,0.00070874393,lstm
2020-12-31 23:30:00,0.0,-0.0015718937,lstm
2020-12-31 23:30:00,0.0,-0.0035156459,lstm
2020-12-31 23:30:00,0.0,-0.0016654581,lstm
2020-12-31 23:30:00,0.0,0.000727728,lstm
